,file_name,label,type,sa,da,sp,dp,pr,tls_scs,tls_ext_server_name,tls_c_key_length,http_content_type,http_user_agent,http_accept_language,http_server,http_code,dns_domain_name,dns_ttl,dns_num_ip,dns_domain_rank,formean,forvar,backmean,backvar,duration,tot_forpkts,tot_backpkts,tot_forpktsize,tot_backpktsize,maxforpktsize,minforpktsize,maxbackpktsize,minbackpktsize,numbytepersec,foriptmean,foriptstd,backiptmean,backiptstd,totfoript,totbackipt,maxfoript,minfoript,maxbackipt,minbackipt,numforpktpersec,numbackpktpersec,numpktpersec,ttlout,ttlin,splt_0_0,splt_0_1,splt_0_2,splt_0_3,splt_0_4,splt_0_5,splt_0_6,splt_0_7,splt_0_8,splt_0_9,splt_0_10,splt_0_11,splt_0_12,splt_0_13,splt_0_14,splt_0_15,splt_0_16,splt_0_17,splt_0_18,splt_0_19,splt_1_0,splt_1_1,splt_1_2,splt_1_3,splt_1_4,splt_1_5,splt_1_6,splt_1_7,splt_1_8,splt_1_9,splt_1_10,splt_1_11,splt_1_12,splt_1_13,splt_1_14,splt_1_15,splt_1_16,splt_1_17,splt_1_18,splt_1_19,splt_2_0,splt_2_1,splt_2_2,splt_2_3,splt_2_4,splt_2_5,splt_2_6,splt_2_7,splt_2_8,splt_2_9,splt_2_10,splt_2_11,splt_2_12,splt_2_13,splt_2_14,splt_2_15,splt_2_16,splt_2_17,splt_2_18,splt_2_19,splt_3_0,splt_3_1,splt_3_2,splt_3_3,splt_3_4,splt_3_5,splt_3_6,splt_3_7,splt_3_8,splt_3_9,splt_3_10,splt_3_11,splt_3_12,splt_3_13,splt_3_14,splt_3_15,splt_3_16,splt_3_17,splt_3_18,splt_3_19,splt_4_0,splt_4_1,splt_4_2,splt_4_3,splt_4_4,splt_4_5,splt_4_6,splt_4_7,splt_4_8,splt_4_9,splt_4_10,splt_4_11,splt_4_12,splt_4_13,splt_4_14,splt_4_15,splt_4_16,splt_4_17,splt_4_18,splt_4_19,splt_5_0,splt_5_1,splt_5_2,splt_5_3,splt_5_4,splt_5_5,splt_5_6,splt_5_7,splt_5_8,splt_5_9,splt_5_10,splt_5_11,splt_5_12,splt_5_13,splt_5_14,splt_5_15,splt_5_16,splt_5_17,splt_5_18,splt_5_19,splt_6_0,splt_6_1,splt_6_2,splt_6_3,splt_6_4,splt_6_5,splt_6_6,splt_6_7,splt_6_8,splt_6_9,splt_6_10,splt_6_11,splt_6_12,splt_6_13,splt_6_14,splt_6_15,splt_6_16,splt_6_17,splt_6_18,splt_6_19,splt_7_0,splt_7_1,splt_7_2,splt_7_3,splt_7_4,splt_7_5,splt_7_6,splt_7_7,splt_7_8,splt_7_9,splt_7_10,splt_7_11,splt_7_12,splt_7_13,splt_7_14,splt_7_15,splt_7_16,splt_7_17,splt_7_18,splt_7_19,splt_8_0,splt_8_1,splt_8_2,splt_8_3,splt_8_4,splt_8_5,splt_8_6,splt_8_7,splt_8_8,splt_8_9,splt_8_10,splt_8_11,splt_8_12,splt_8_13,splt_8_14,splt_8_15,splt_8_16,splt_8_17,splt_8_18,splt_8_19,splt_9_0,splt_9_1,splt_9_2,splt_9_3,splt_9_4,splt_9_5,splt_9_6,splt_9_7,splt_9_8,splt_9_9,splt_9_10,splt_9_11,splt_9_12,splt_9_13,splt_9_14,splt_9_15,splt_9_16,splt_9_17,splt_9_18,splt_9_19,splt_10_0,splt_10_1,splt_10_2,splt_10_3,splt_10_4,splt_10_5,splt_10_6,splt_10_7,splt_10_8,splt_10_9,splt_10_10,splt_10_11,splt_10_12,splt_10_13,splt_10_14,splt_10_15,splt_10_16,splt_10_17,splt_10_18,splt_10_19,splt_11_0,splt_11_1,splt_11_2,splt_11_3,splt_11_4,splt_11_5,splt_11_6,splt_11_7,splt_11_8,splt_11_9,splt_11_10,splt_11_11,splt_11_12,splt_11_13,splt_11_14,splt_11_15,splt_11_16,splt_11_17,splt_11_18,splt_11_19,splt_12_0,splt_12_1,splt_12_2,splt_12_3,splt_12_4,splt_12_5,splt_12_6,splt_12_7,splt_12_8,splt_12_9,splt_12_10,splt_12_11,splt_12_12,splt_12_13,splt_12_14,splt_12_15,splt_12_16,splt_12_17,splt_12_18,splt_12_19,splt_13_0,splt_13_1,splt_13_2,splt_13_3,splt_13_4,splt_13_5,splt_13_6,splt_13_7,splt_13_8,splt_13_9,splt_13_10,splt_13_11,splt_13_12,splt_13_13,splt_13_14,splt_13_15,splt_13_16,splt_13_17,splt_13_18,splt_13_19,splt_14_0,splt_14_1,splt_14_2,splt_14_3,splt_14_4,splt_14_5,splt_14_6,splt_14_7,splt_14_8,splt_14_9,splt_14_10,splt_14_11,splt_14_12,splt_14_13,splt_14_14,splt_14_15,splt_14_16,splt_14_17,splt_14_18,splt_14_19,splt_15_0,splt_15_1,splt_15_2,splt_15_3,splt_15_4,splt_15_5,splt_15_6,splt_15_7,splt_15_8,splt_15_9,splt_15_10,splt_15_11,splt_15_12,splt_15_13,splt_15_14,splt_15_15,splt_15_16,splt_15_17,splt_15_18,splt_15_19,splt_16_0,splt_16_1,splt_16_2,splt_16_3,splt_16_4,splt_16_5,splt_16_6,splt_16_7,splt_16_8,splt_16_9,splt_16_10,splt_16_11,splt_16_12,splt_16_13,splt_16_14,splt_16_15,splt_16_16,splt_16_17,splt_16_18,splt_16_19,splt_17_0,splt_17_1,splt_17_2,splt_17_3,splt_17_4,splt_17_5,splt_17_6,splt_17_7,splt_17_8,splt_17_9,splt_17_10,splt_17_11,splt_17_12,splt_17_13,splt_17_14,splt_17_15,splt_17_16,splt_17_17,splt_17_18,splt_17_19,splt_18_0,splt_18_1,splt_18_2,splt_18_3,splt_18_4,splt_18_5,splt_18_6,splt_18_7,splt_18_8,splt_18_9,splt_18_10,splt_18_11,splt_18_12,splt_18_13,splt_18_14,splt_18_15,splt_18_16,splt_18_17,splt_18_18,splt_18_19,splt_19_0,splt_19_1,splt_19_2,splt_19_3,splt_19_4,splt_19_5,splt_19_6,splt_19_7,splt_19_8,splt_19_9,splt_19_10,splt_19_11,splt_19_12,splt_19_13,splt_19_14,splt_19_15,splt_19_16,splt_19_17,splt_19_18,splt_19_19,dist_0,dist_1,dist_2,dist_3,dist_4,dist_5,dist_6,dist_7,dist_8,dist_9,dist_10,dist_11,dist_12,dist_13,dist_14,dist_15,dist_16,dist_17,dist_18,dist_19,dist_20,dist_21,dist_22,dist_23,dist_24,dist_25,dist_26,dist_27,dist_28,dist_29,dist_30,dist_31,dist_32,dist_33,dist_34,dist_35,dist_36,dist_37,dist_38,dist_39,dist_40,dist_41,dist_42,dist_43,dist_44,dist_45,dist_46,dist_47,dist_48,dist_49,dist_50,dist_51,dist_52,dist_53,dist_54,dist_55,dist_56,dist_57,dist_58,dist_59,dist_60,dist_61,dist_62,dist_63,dist_64,dist_65,dist_66,dist_67,dist_68,dist_69,dist_70,dist_71,dist_72,dist_73,dist_74,dist_75,dist_76,dist_77,dist_78,dist_79,dist_80,dist_81,dist_82,dist_83,dist_84,dist_85,dist_86,dist_87,dist_88,dist_89,dist_90,dist_91,dist_92,dist_93,dist_94,dist_95,dist_96,dist_97,dist_98,dist_99,dist_100,dist_101,dist_102,dist_103,dist_104,dist_105,dist_106,dist_107,dist_108,dist_109,dist_110,dist_111,dist_112,dist_113,dist_114,dist_115,dist_116,dist_117,dist_118,dist_119,dist_120,dist_121,dist_122,dist_123,dist_124,dist_125,dist_126,dist_127,dist_128,dist_129,dist_130,dist_131,dist_132,dist_133,dist_134,dist_135,dist_136,dist_137,dist_138,dist_139,dist_140,dist_141,dist_142,dist_143,dist_144,dist_145,dist_146,dist_147,dist_148,dist_149,dist_150,dist_151,dist_152,dist_153,dist_154,dist_155,dist_156,dist_157,dist_158,dist_159,dist_160,dist_161,dist_162,dist_163,dist_164,dist_165,dist_166,dist_167,dist_168,dist_169,dist_170,dist_171,dist_172,dist_173,dist_174,dist_175,dist_176,dist_177,dist_178,dist_179,dist_180,dist_181,dist_182,dist_183,dist_184,dist_185,dist_186,dist_187,dist_188,dist_189,dist_190,dist_191,dist_192,dist_193,dist_194,dist_195,dist_196,dist_197,dist_198,dist_199,dist_200,dist_201,dist_202,dist_203,dist_204,dist_205,dist_206,dist_207,dist_208,dist_209,dist_210,dist_211,dist_212,dist_213,dist_214,dist_215,dist_216,dist_217,dist_218,dist_219,dist_220,dist_221,dist_222,dist_223,dist_224,dist_225,dist_226,dist_227,dist_228,dist_229,dist_230,dist_231,dist_232,dist_233,dist_234,dist_235,dist_236,dist_237,dist_238,dist_239,dist_240,dist_241,dist_242,dist_243,dist_244,dist_245,dist_246,dist_247,dist_248,dist_249,dist_250,dist_251,dist_252,dist_253,dist_254,dist_255,entropy
0,vimeo1,0,stream,131.202.240.150,74.125.22.188,60044,5228,6,scs_str_NULL,server_name_str_NULL,0,http_content_type_NULL,http_user_agent_NULL,http_accept_language_NULL,http_server_NULL,http_code_NULL,dns_domain_name_NULL,dns_ttl_NULL,dns_num_ip_NULL,dns_domain_rank_NULL,0,0,0,0,0,0,0,0,0,0,0,0,0,0,0,0,0,0,0,0,0,0,0,0,0,0,0,64,42,0,0,0,0,0,0,0,0,0,0,0,0,0,0,0,0,0,0,0,0,0,0,0,0,0,0,0,0,0,0,0,0,0,0,0,0,0,0,0,0,0,0,0,0,0,0,0,0,0,0,0,0,0,0,0,0,0,0,0,0,0,0,0,0,0,0,0,0,0,0,0,0,0,0,0,0,0,0,0,0,0,0,0,0,0,0,0,0,0,0,0,0,0,0,0,0,0,0,0,0,0,0,0,0,0,0,0,0,0,0,0,0,0,0,0,0,0,0,0,0,0,0,0,0,0,0,0,0,0,0,0,0,0,0,0,0,0,0,0,0,0,0,0,0,0,0,0,0,0,0,0,0,0,0,0,0,0,0,0,0,0,0,0,0,0,0,0,0,0,0,0,0,0,0,0,0,0,0,0,0,0,0,0,0,0,0,0,0,0,0,0,0,0,0,0,0,0,0,0,0,0,0,0,0,0,0,0,0,0,0,0,0,0,0,0,0,0,0,0,0,0,0,0,0,0,0,0,0,0,0,0,0,0,0,0,0,0,0,0,0,0,0,0,0,0,0,0,0,0,0,0,0,0,0,0,0,0,0,0,0,0,0,0,0,0,0,0,0,0,0,0,0,0,0,0,0,0,0,0,0,0,0,0,0,0,0,0,0,0,0,0,0,0,0,0,0,0,0,0,0,0,0,0,0,0,0,0,0,0,0,0,0,0,0,0,0,0,0,0,0,0,0,0,0,0,0,0,0,0,0,0,0,0,0,0,0,0,0,0,0,0,0,0,0,0,0,0,0,0,0,0,0,0,0,0,0,0,0,0,0,0,0,0,0,0,0,0,0,0,0,0,0,0,0,0,0,0,0,0,0,0,0,0,0,0,0,0,0,0,0,0,0,0,0,0,0,0,0,0,0,0.0,0.0,0.0,0.0,0.0,0.0,0.0,0.0,0.0,0.0,0.0,0.0,0.0,0.0,0.0,0.0,0.0,0.0,0.0,0.0,0.0,0.0,0.0,0.0,0.0,0.0,0.0,0.0,0.0,0.0,0.0,0.0,0.0,0.0,0.0,0.0,0.0,0.0,0.0,0.0,0.0,0.0,0.0,0.0,0.0,0.0,0.0,0.0,0.0,0.0,0.0,0.0,0.0,0.0,0.0,0.0,0.0,0.0,0.0,0.0,0.0,0.0,0.0,0.0,0.0,0.0,0.0,0.0,0.0,0.0,0.0,0.0,0.0,0.0,0.0,0.0,0.0,0.0,0.0,0.0,0.0,0.0,0.0,0.0,0.0,0.0,0.0,0.0,0.0,0.0,0.0,0.0,0.0,0.0,0.0,0.0,0.0,0.0,0.0,0.0,0.0,0.0,0.0,0.0,0.0,0.0,0.0,0.0,0.0,0.0,0.0,0.0,0.0,0.0,0.0,0.0,0.0,0.0,0.0,0.0,0.0,0.0,0.0,0.0,0.0,0.0,0.0,0.0,0.0,0.0,0.0,0.0,0.0,0.0,0.0,0.0,0.0,0.0,0.0,0.0,0.0,0.0,0.0,0.0,0.0,0.0,0.0,0.0,0.0,0.0,0.0,0.0,0.0,0.0,0.0,0.0,0.0,0.0,0.0,0.0,0.0,0.0,0.0,0.0,0.0,0.0,0.0,0.0,0.0,0.0,0.0,0.0,0.0,0.0,0.0,0.0,0.0,0.0,0.0,0.0,0.0,0.0,0.0,0.0,0.0,0.0,0.0,0.0,0.0,0.0,0.0,0.0,0.0,0.0,0.0,0.0,0.0,0.0,0.0,0.0,0.0,0.0,0.0,0.0,0.0,0.0,0.0,0.0,0.0,0.0,0.0,0.0,0.0,0.0,0.0,0.0,0.0,0.0,0.0,0.0,0.0,0.0,0.0,0.0,0.0,0.0,0.0,0.0,0.0,0.0,0.0,0.0,0.0,0.0,0.0,0.0,0.0,0.0,0.0,0.0,0.0,0.0,0.0,0.0,0.0,0.0,0.0,0.0,0.0,0.0,0.0,0.0,0.0,0.0,0.0,0.0,-1
1,vimeo1,0,stream,131.202.240.150,23.203.88.184,60982,443,6,scs_str_NULL,server_name_str_NULL,0,http_content_type_NULL,http_user_agent_NULL,http_accept_language_NULL,http_server_NULL,http_code_NULL,dns_domain_name_NULL,dns_ttl_NULL,dns_num_ip_NULL,dns_domain_rank_NULL,917.0,158.92975387468096,335.6666666666667,30.169889330626027,22838,3,3,2751,1007,1045,693,357,293,0.1645503108853665,7573.666666666667,2246.2925504533514,39.0,0.816496580927726,22721,117,9961,4565,40,38,0.00013203644205800802,0.02564102564102564,0.00026272002802346965,64,46,0.0,0.0,0.0,0.0,0.0,0.0,0.0,0.0,0.0,0.0,0.0,0.0,0.0,0.0,0.0,0.0,0.0,0.0,0.0,0.0,0.0,0.0,0.0,0.0,0.0,0.0,0.0,0.0,0.0,0.0,0.0,0.0,0.0,0.0,0.0,0.0,0.0,0.0,0.0,0.0,0.0,0.0,0.0,0.0,0.0,0.0,0.0,0.0,0.0,0.0,0.0,0.0,0.0,0.0,0.0,0.0,0.0,0.0,0.0,0.0,0.0,0.0,0.0,0.0,0.0,0.0,0.0,0.0,0.0,0.0,0.0,0.0,0.0,0.0,0.0,0.0,0.0,0.0,0.0,0.0,0.0,0.0,0.0,0.0,0.0,0.0,0.0,0.0,0.0,0.0,0.0,0.0,0.0,0.0,0.0,0.0,0.0,0.0,0.0,0.0,0.0,0.0,0.0,0.0,0.0,0.0,0.0,0.0,0.0,0.0,0.0,0.0,0.0,0.0,0.0,0.0,0.0,0.0,0.0,0.0,0.0,0.0,0.0,0.0,0.0,0.0,0.0,0.0,0.0,0.0,0.0,0.2,0.2,0.0,0.0,0.0,0.0,0.0,0.0,0.0,0.0,0.0,0.0,0.0,0.0,0.0,0.0,0.0,0.0,0.0,0.0,0.0,0.0,0.0,0.0,0.0,0.0,0.0,0.0,0.0,0.0,0.0,0.0,0.0,0.0,0.0,0.0,0.0,0.0,0.0,0.0,0.0,0.0,0.0,0.0,0.0,0.0,0.0,0.0,0.0,0.0,0.0,0.0,0.0,0.0,0.0,0.0,0.0,0.0,0.0,0.0,0.0,0.0,0.0,0.0,0.0,0.0,0.0,0.0,0.0,0.0,0.0,0.0,0.0,0.0,0.0,0.0,0.0,0.0,0.0,0.0,0.0,0.0,0.0,0.0,0.0,0.0,0.0,0.0,0.0,0.0,0.0,0.0,0.0,0.2,0.0,0.0,0.0,0.0,0.0,0.0,0.0,0.0,0.0,0.0,0.0,0.0,0.0,0.0,0.0,0.0,0.0,0.0,0.0,0.0,0.0,0.4,0.0,0.0,0.0,0.0,0.0,0.0,0.0,0.0,0.0,0.0,0.0,0.0,0.0,0.0,0.0,0.0,0.0,0.0,0.0,0.0,0.0,0.0,0.0,0.0,0.0,0.0,0.0,0.0,0.0,0.0,0.0,0.0,0.0,0.0,0.0,0.0,0.0,0.0,0.0,0.0,0.0,0.0,0.0,0.0,0.0,0.0,0.0,0.0,0.0,0.0,0.0,0.0,0.0,0.0,0.0,0.0,0.0,0.0,0.0,0.0,0.0,0.0,0.0,0.0,0.0,0.0,0.0,0.0,0.0,0.0,0.0,0.0,0.0,0.0,0.0,0.0,0.0,0.0,0.0,0.0,0.0,0.0,0.0,0.0,0.0,0.0,0.0,0.0,0.0,0.0,0.0,0.0,0.0,0.0,0.0,0.0,0.0,0.0,0.0,0.0,0.0,0.0,0.0,0.0,0.0,0.0,0.0,0.0,0.0,0.0,0.0,0.0,0.0,0.0,0.0,0.0,0.0,0.0,0.0,0.0,0.0,0.0,0.0,0.0,0.0,0.0,0.0,0.0,0.0,0.0,0.0,0.0,0.0,0.0,0.0,0.0,0.0,0.0,0.0,0.0,0.0,0.0,0.0,0.0,0.0,0.0,0.0,0.0,0.0,0.0,0.0,0.0,0.0,0.0031931878658861094,0.005321979776476849,0.003991484832357637,0.007716870675891432,0.003991484832357637,0.0037253858435337944,0.0026609898882384245,0.004789781798829164,0.0018626929217668972,0.004257583821181479,0.0031931878658861094,0.0031931878658861094,0.0031931878658861094,0.005854177754124534,0.0037253858435337944,0.004523682810005322,0.0037253858435337944,0.004789781798829164,0.0031931878658861094,0.004257583821181479,0.004789781798829164,0.004523682810005322,0.0037253858435337944,0.005854177754124534,0.003991484832357637,0.002927088877062267,0.002927088877062267,0.004257583821181479,0.004257583821181479,0.0013304949441192123,0.0026609898882384245,0.004257583821181479,0.004523682810005322,0.003459286854709952,0.005055880787653007,0.0031931878658861094,0.0037253858435337944,0.0037253858435337944,0.0037253858435337944,0.0037253858435337944,0.0037253858435337944,0.003459286854709952,0.0031931878658861094,0.005055880787653007,0.005055880787653007,0.004789781798829164,0.004523682810005322,0.004789781798829164,0.0031931878658861094,0.004523682810005322,0.0026609898882384245,0.0037253858435337944,0.0031931878658861094,0.0026609898882384245,0.0031931878658861094,0.002394890899414582,0.0055880787653006915,0.005055880787653007,0.002927088877062267,0.0026609898882384245,0.003459286854709952,0.0031931878658861094,0.0031931878658861094,0.004523682810005322,0.003459286854709952,0.0031931878658861094,0.0055880787653006915,0.003991484832357637,0.0031931878658861094,0.0026609898882384245,0.004257583821181479,0.003991484832357637,0.0037253858435337944,0.004523682810005322,0.003459286854709952,0.004523682810005322,0.005055880787653007,0.005854177754124534,0.003991484832357637,0.004523682810005322,0.0018626929217668972,0.003991484832357637,0.006386375731772219,0.004257583821181479,0.0031931878658861094,0.002394890899414582,0.0018626929217668972,0.003991484832357637,0.005055880787653007,0.0026609898882384245,0.004257583821181479,0.004257583821181479,0.0055880787653006915,0.003991484832357637,0.0026609898882384245,0.002927088877062267,0.002394890899414582,0.005055880787653007,0.0026609898882384245,0.003459286854709952,0.0026609898882384245,0.0037253858435337944,0.004257583821181479,0.003459286854709952,0.004523682810005322,0.004257583821181479,0.0037253858435337944,0.003991484832357637,0.004789781798829164,0.003459286854709952,0.0031931878658861094,0.004523682810005322,0.003991484832357637,0.0031931878658861094,0.002927088877062267,0.0031931878658861094,0.004523682810005322,0.003991484832357637,0.005055880787653007,0.004257583821181479,0.004523682810005322,0.005055880787653007,0.0037253858435337944,0.003991484832357637,0.003991484832357637,0.002394890899414582,0.0037253858435337944,0.0037253858435337944,0.004789781798829164,0.004523682810005322,0.004523682810005322,0.0031931878658861094,0.003459286854709952,0.003991484832357637,0.003459286854709952,0.003991484832357637,0.004257583821181479,0.003459286854709952,0.0037253858435337944,0.0026609898882384245,0.004523682810005322,0.0037253858435337944,0.0037253858435337944,0.002927088877062267,0.003459286854709952,0.0037253858435337944,0.003991484832357637,0.004257583821181479,0.005854177754124534,0.0026609898882384245,0.0037253858435337944,0.003991484832357637,0.003991484832357637,0.005321979776476849,0.003459286854709952,0.004789781798829164,0.0031931878658861094,0.003991484832357637,0.0031931878658861094,0.0055880787653006915,0.004789781798829164,0.004789781798829164,0.004789781798829164,0.004523682810005322,0.004523682810005322,0.002394890899414582,0.003459286854709952,0.004257583821181479,0.006386375731772219,0.002927088877062267,0.0018626929217668972,0.005321979776476849,0.0037253858435337944,0.0037253858435337944,0.0037253858435337944,0.004789781798829164,0.004257583821181479,0.0055880787653006915,0.0061202767429483764,0.003459286854709952,0.002394890899414582,0.003459286854709952,0.0031931878658861094,0.003991484832357637,0.003459286854709952,0.0021287919105907396,0.005321979776476849,0.0031931878658861094,0.002394890899414582,0.003991484832357637,0.0037253858435337944,0.003991484832357637,0.004789781798829164,0.005854177754124534,0.005055880787653007,0.0037253858435337944,0.0031931878658861094,0.004257583821181479,0.005055880787653007,0.002394890899414582,0.005321979776476849,0.0037253858435337944,0.0055880787653006915,0.0037253858435337944,0.003459286854709952,0.005055880787653007,0.003459286854709952,0.004257583821181479,0.002394890899414582,0.003991484832357637,0.0037253858435337944,0.0021287919105907396,0.005055880787653007,0.004257583821181479,0.0031931878658861094,0.002927088877062267,0.003459286854709952,0.0031931878658861094,0.003459286854709952,0.004523682810005322,0.004789781798829164,0.005854177754124534,0.005854177754124534,0.002394890899414582,0.003991484832357637,0.0037253858435337944,0.004523682810005322,0.004257583821181479,0.0031931878658861094,0.004257583821181479,0.003459286854709952,0.003459286854709952,0.005854177754124534,0.002927088877062267,0.004257583821181479,0.005055880787653007,0.0031931878658861094,0.0037253858435337944,0.003459286854709952,0.002927088877062267,0.0026609898882384245,0.003991484832357637,0.002927088877062267,0.003991484832357637,0.003459286854709952,0.0037253858435337944,0.003991484832357637,0.0037253858435337944,0.0037253858435337944,0.0031931878658861094,0.003459286854709952,0.004523682810005322,0.003991484832357637,0.004523682810005322,0.0031931878658861094,0.003459286854709952,7.956605
2,vimeo1,0,stream,131.202.240.150,23.65.248.82,39638,443,6,scs_str_NULL,server_name_str_NULL,0,http_content_type_NULL,http_user_agent_NULL,http_accept_language_NULL,http_server_NULL,http_code_NULL,dns_domain_name_NULL,dns_ttl_NULL,dns_num_ip_NULL,dns_domain_rank_NULL,0,0,0,0,0,0,0,0,0,0,0,0,0,0,0,0,0,0,0,0,0,0,0,0,0,0,0,64,48,0,0,0,0,0,0,0,0,0,0,0,0,0,0,0,0,0,0,0,0,0,0,0,0,0,0,0,0,0,0,0,0,0,0,0,0,0,0,0,0,0,0,0,0,0,0,0,0,0,0,0,0,0,0,0,0,0,0,0,0,0,0,0,0,0,0,0,0,0,0,0,0,0,0,0,0,0,0,0,0,0,0,0,0,0,0,0,0,0,0,0,0,0,0,0,0,0,0,0,0,0,0,0,0,0,0,0,0,0,0,0,0,0,0,0,0,0,0,0,0,0,0,0,0,0,0,0,0,0,0,0,0,0,0,0,0,0,0,0,0,0,0,0,0,0,0,0,0,0,0,0,0,0,0,0,0,0,0,0,0,0,0,0,0,0,0,0,0,0,0,0,0,0,0,0,0,0,0,0,0,0,0,0,0,0,0,0,0,0,0,0,0,0,0,0,0,0,0,0,0,0,0,0,0,0,0,0,0,0,0,0,0,0,0,0,0,0,0,0,0,0,0,0,0,0,0,0,0,0,0,0,0,0,0,0,0,0,0,0,0,0,0,0,0,0,0,0,0,0,0,0,0,0,0,0,0,0,0,0,0,0,0,0,0,0,0,0,0,0,0,0,0,0,0,0,0,0,0,0,0,0,0,0,0,0,0,0,0,0,0,0,0,0,0,0,0,0,0,0,0,0,0,0,0,0,0,0,0,0,0,0,0,0,0,0,0,0,0,0,0,0,0,0,0,0,0,0,0,0,0,0,0,0,0,0,0,0,0,0,0,0,0,0,0,0,0,0,0,0,0,0,0,0,0,0,0,0,0,0,0,0,0,0,0,0,0,0,0,0,0,0,0,0,0,0,0,0,0,0,0,0,0,0,0,0,0,0,0,0,0,0,0,0,0,0,0,0,0,0,0,0.0,0.0,0.0,0.0,0.0,0.0,0.0,0.0,0.0,0.0,0.0,0.0,0.0,0.0,0.0,0.0,0.0,0.0,0.0,0.0,0.0,0.0,0.0,0.0,0.0,0.0,0.0,0.0,0.0,0.0,0.0,0.0,0.0,0.0,0.0,0.0,0.0,0.0,0.0,0.0,0.0,0.0,0.0,0.0,0.0,0.0,0.0,0.0,0.0,0.0,0.0,0.0,0.0,0.0,0.0,0.0,0.0,0.0,0.0,0.0,0.0,0.0,0.0,0.0,0.0,0.0,0.0,0.0,0.0,0.0,0.0,0.0,0.0,0.0,0.0,0.0,0.0,0.0,0.0,0.0,0.0,0.0,0.0,0.0,0.0,0.0,0.0,0.0,0.0,0.0,0.0,0.0,0.0,0.0,0.0,0.0,0.0,0.0,0.0,0.0,0.0,0.0,0.0,0.0,0.0,0.0,0.0,0.0,0.0,0.0,0.0,0.0,0.0,0.0,0.0,0.0,0.0,0.0,0.0,0.0,0.0,0.0,0.0,0.0,0.0,0.0,0.0,0.0,0.0,0.0,0.0,0.0,0.0,0.0,0.0,0.0,0.0,0.0,0.0,0.0,0.0,0.0,0.0,0.0,0.0,0.0,0.0,0.0,0.0,0.0,0.0,0.0,0.0,0.0,0.0,0.0,0.0,0.0,0.0,0.0,0.0,0.0,0.0,0.0,0.0,0.0,0.0,0.0,0.0,0.0,0.0,0.0,0.0,0.0,0.0,0.0,0.0,0.0,0.0,0.0,0.0,0.0,0.0,0.0,0.0,0.0,0.0,0.0,0.0,0.0,0.0,0.0,0.0,0.0,0.0,0.0,0.0,0.0,0.0,0.0,0.0,0.0,0.0,0.0,0.0,0.0,0.0,0.0,0.0,0.0,0.0,0.0,0.0,0.0,0.0,0.0,0.0,0.0,0.0,0.0,0.0,0.0,0.0,0.0,0.0,0.0,0.0,0.0,0.0,0.0,0.0,0.0,0.0,0.0,0.0,0.0,0.0,0.0,0.0,0.0,0.0,0.0,0.0,0.0,0.0,0.0,0.0,0.0,0.0,0.0,0.0,0.0,0.0,0.0,0.0,0.0,-1
3,vimeo1,0,stream,131.202.240.150,176.32.100.5,56307,443,6,scs_str_NULL,server_name_str_NULL,0,http_content_type_NULL,http_user_agent_NULL,http_accept_language_NULL,http_server_NULL,http_code_NULL,dns_domain_name_NULL,dns_ttl_NULL,dns_num_ip_NULL,dns_domain_rank_NULL,0,0,0,0,0,0,0,0,0,0,0,0,0,0,0,0,0,0,0,0,0,0,0,0,0,0,0,64,233,0,0,0,0,0,0,0,0,0,0,0,0,0,0,0,0,0,0,0,0,0,0,0,0,0,0,0,0,0,0,0,0,0,0,0,0,0,0,0,0,0,0,0,0,0,0,0,0,0,0,0,0,0,0,0,0,0,0,0,0,0,0,0,0,0,0,0,0,0,0,0,0,0,0,0,0,0,0,0,0,0,0,0,0,0,0,0,0,0,0,0,0,0,0,0,0,0,0,0,0,0,0,0,0,0,0,0,0,0,0,0,0,0,0,0,0,0,0,0,0,0,0,0,0,0,0,0,0,0,0,0,0,0,0,0,0,0,0,0,0,0,0,0,0,0,0,0,0,0,0,0,0,0,0,0,0,0,0,0,0,0,0,0,0,0,0,0,0,0,0,0,0,0,0,0,0,0,0,0,0,0,0,0,0,0,0,0,0,0,0,0,0,0,0,0,0,0,0,0,0,0,0,0,0,0,0,0,0,0,0,0,0,0,0,0,0,0,0,0,0,0,0,0,0,0,0,0,0,0,0,0,0,0,0,0,0,0,0,0,0,0,0,0,0,0,0,0,0,0,0,0,0,0,0,0,0,0,0,0,0,0,0,0,0,0,0,0,0,0,0,0,0,0,0,0,0,0,0,0,0,0,0,0,0,0,0,0,0,0,0,0,0,0,0,0,0,0,0,0,0,0,0,0,0,0,0,0,0,0,0,0,0,0,0,0,0,0,0,0,0,0,0,0,0,0,0,0,0,0,0,0,0,0,0,0,0,0,0,0,0,0,0,0,0,0,0,0,0,0,0,0,0,0,0,0,0,0,0,0,0,0,0,0,0,0,0,0,0,0,0,0,0,0,0,0,0,0,0,0,0,0,0,0,0,0,0,0,0,0,0,0,0,0,0,0,0,0,0,0,0,0.0,0.0,0.0,0.0,0.0,0.0,0.0,0.0,0.0,0.0,0.0,0.0,0.0,0.0,0.0,0.0,0.0,0.0,0.0,0.0,0.0,0.0,0.0,0.0,0.0,0.0,0.0,0.0,0.0,0.0,0.0,0.0,0.0,0.0,0.0,0.0,0.0,0.0,0.0,0.0,0.0,0.0,0.0,0.0,0.0,0.0,0.0,0.0,0.0,0.0,0.0,0.0,0.0,0.0,0.0,0.0,0.0,0.0,0.0,0.0,0.0,0.0,0.0,0.0,0.0,0.0,0.0,0.0,0.0,0.0,0.0,0.0,0.0,0.0,0.0,0.0,0.0,0.0,0.0,0.0,0.0,0.0,0.0,0.0,0.0,0.0,0.0,0.0,0.0,0.0,0.0,0.0,0.0,0.0,0.0,0.0,0.0,0.0,0.0,0.0,0.0,0.0,0.0,0.0,0.0,0.0,0.0,0.0,0.0,0.0,0.0,0.0,0.0,0.0,0.0,0.0,0.0,0.0,0.0,0.0,0.0,0.0,0.0,0.0,0.0,0.0,0.0,0.0,0.0,0.0,0.0,0.0,0.0,0.0,0.0,0.0,0.0,0.0,0.0,0.0,0.0,0.0,0.0,0.0,0.0,0.0,0.0,0.0,0.0,0.0,0.0,0.0,0.0,0.0,0.0,0.0,0.0,0.0,0.0,0.0,0.0,0.0,0.0,0.0,0.0,0.0,0.0,0.0,0.0,0.0,0.0,0.0,0.0,0.0,0.0,0.0,0.0,0.0,0.0,0.0,0.0,0.0,0.0,0.0,0.0,0.0,0.0,0.0,0.0,0.0,0.0,0.0,0.0,0.0,0.0,0.0,0.0,0.0,0.0,0.0,0.0,0.0,0.0,0.0,0.0,0.0,0.0,0.0,0.0,0.0,0.0,0.0,0.0,0.0,0.0,0.0,0.0,0.0,0.0,0.0,0.0,0.0,0.0,0.0,0.0,0.0,0.0,0.0,0.0,0.0,0.0,0.0,0.0,0.0,0.0,0.0,0.0,0.0,0.0,0.0,0.0,0.0,0.0,0.0,0.0,0.0,0.0,0.0,0.0,0.0,0.0,0.0,0.0,0.0,0.0,0.0,-1
4,vimeo1,0,stream,131.202.240.150,23.49.90.99,38385,443,6,scs_str_NULL,server_name_str_NULL,0,http_content_type_NULL,http_user_agent_NULL,http_accept_language_NULL,http_server_NULL,http_code_NULL,dns_domain_name_NULL,dns_ttl_NULL,dns_num_ip_NULL,dns_domain_rank_NULL,0,0,0,0,0,0,0,0,0,0,0,0,0,0,0,0,0,0,0,0,0,0,0,0,0,0,0,64,54,0,0,0,0,0,0,0,0,0,0,0,0,0,0,0,0,0,0,0,0,0,0,0,0,0,0,0,0,0,0,0,0,0,0,0,0,0,0,0,0,0,0,0,0,0,0,0,0,0,0,0,0,0,0,0,0,0,0,0,0,0,0,0,0,0,0,0,0,0,0,0,0,0,0,0,0,0,0,0,0,0,0,0,0,0,0,0,0,0,0,0,0,0,0,0,0,0,0,0,0,0,0,0,0,0,0,0,0,0,0,0,0,0,0,0,0,0,0,0,0,0,0,0,0,0,0,0,0,0,0,0,0,0,0,0,0,0,0,0,0,0,0,0,0,0,0,0,0,0,0,0,0,0,0,0,0,0,0,0,0,0,0,0,0,0,0,0,0,0,0,0,0,0,0,0,0,0,0,0,0,0,0,0,0,0,0,0,0,0,0,0,0,0,0,0,0,0,0,0,0,0,0,0,0,0,0,0,0,0,0,0,0,0,0,0,0,0,0,0,0,0,0,0,0,0,0,0,0,0,0,0,0,0,0,0,0,0,0,0,0,0,0,0,0,0,0,0,0,0,0,0,0,0,0,0,0,0,0,0,0,0,0,0,0,0,0,0,0,0,0,0,0,0,0,0,0,0,0,0,0,0,0,0,0,0,0,0,0,0,0,0,0,0,0,0,0,0,0,0,0,0,0,0,0,0,0,0,0,0,0,0,0,0,0,0,0,0,0,0,0,0,0,0,0,0,0,0,0,0,0,0,0,0,0,0,0,0,0,0,0,0,0,0,0,0,0,0,0,0,0,0,0,0,0,0,0,0,0,0,0,0,0,0,0,0,0,0,0,0,0,0,0,0,0,0,0,0,0,0,0,0,0,0,0,0,0,0,0,0,0,0,0,0,0,0,0,0,0,0,0,0.0,0.0,0.0,0.0,0.0,0.0,0.0,0.0,0.0,0.0,0.0,0.0,0.0,0.0,0.0,0.0,0.0,0.0,0.0,0.0,0.0,0.0,0.0,0.0,0.0,0.0,0.0,0.0,0.0,0.0,0.0,0.0,0.0,0.0,0.0,0.0,0.0,0.0,0.0,0.0,0.0,0.0,0.0,0.0,0.0,0.0,0.0,0.0,0.0,0.0,0.0,0.0,0.0,0.0,0.0,0.0,0.0,0.0,0.0,0.0,0.0,0.0,0.0,0.0,0.0,0.0,0.0,0.0,0.0,0.0,0.0,0.0,0.0,0.0,0.0,0.0,0.0,0.0,0.0,0.0,0.0,0.0,0.0,0.0,0.0,0.0,0.0,0.0,0.0,0.0,0.0,0.0,0.0,0.0,0.0,0.0,0.0,0.0,0.0,0.0,0.0,0.0,0.0,0.0,0.0,0.0,0.0,0.0,0.0,0.0,0.0,0.0,0.0,0.0,0.0,0.0,0.0,0.0,0.0,0.0,0.0,0.0,0.0,0.0,0.0,0.0,0.0,0.0,0.0,0.0,0.0,0.0,0.0,0.0,0.0,0.0,0.0,0.0,0.0,0.0,0.0,0.0,0.0,0.0,0.0,0.0,0.0,0.0,0.0,0.0,0.0,0.0,0.0,0.0,0.0,0.0,0.0,0.0,0.0,0.0,0.0,0.0,0.0,0.0,0.0,0.0,0.0,0.0,0.0,0.0,0.0,0.0,0.0,0.0,0.0,0.0,0.0,0.0,0.0,0.0,0.0,0.0,0.0,0.0,0.0,0.0,0.0,0.0,0.0,0.0,0.0,0.0,0.0,0.0,0.0,0.0,0.0,0.0,0.0,0.0,0.0,0.0,0.0,0.0,0.0,0.0,0.0,0.0,0.0,0.0,0.0,0.0,0.0,0.0,0.0,0.0,0.0,0.0,0.0,0.0,0.0,0.0,0.0,0.0,0.0,0.0,0.0,0.0,0.0,0.0,0.0,0.0,0.0,0.0,0.0,0.0,0.0,0.0,0.0,0.0,0.0,0.0,0.0,0.0,0.0,0.0,0.0,0.0,0.0,0.0,0.0,0.0,0.0,0.0,0.0,0.0,-1
5,vimeo1,0,stream,131.202.240.150,23.78.245.109,55676,443,6,scs_str_NULL,server_name_str_NULL,0,http_content_type_NULL,http_user_agent_NULL,http_accept_language_NULL,http_server_NULL,http_code_NULL,dns_domain_name_NULL,dns_ttl_NULL,dns_num_ip_NULL,dns_domain_rank_NULL,0,0,0,0,0,0,0,0,0,0,0,0,0,0,0,0,0,0,0,0,0,0,0,0,0,0,0,64,48,0,0,0,0,0,0,0,0,0,0,0,0,0,0,0,0,0,0,0,0,0,0,0,0,0,0,0,0,0,0,0,0,0,0,0,0,0,0,0,0,0,0,0,0,0,0,0,0,0,0,0,0,0,0,0,0,0,0,0,0,0,0,0,0,0,0,0,0,0,0,0,0,0,0,0,0,0,0,0,0,0,0,0,0,0,0,0,0,0,0,0,0,0,0,0,0,0,0,0,0,0,0,0,0,0,0,0,0,0,0,0,0,0,0,0,0,0,0,0,0,0,0,0,0,0,0,0,0,0,0,0,0,0,0,0,0,0,0,0,0,0,0,0,0,0,0,0,0,0,0,0,0,0,0,0,0,0,0,0,0,0,0,0,0,0,0,0,0,0,0,0,0,0,0,0,0,0,0,0,0,0,0,0,0,0,0,0,0,0,0,0,0,0,0,0,0,0,0,0,0,0,0,0,0,0,0,0,0,0,0,0,0,0,0,0,0,0,0,0,0,0,0,0,0,0,0,0,0,0,0,0,0,0,0,0,0,0,0,0,0,0,0,0,0,0,0,0,0,0,0,0,0,0,0,0,0,0,0,0,0,0,0,0,0,0,0,0,0,0,0,0,0,0,0,0,0,0,0,0,0,0,0,0,0,0,0,0,0,0,0,0,0,0,0,0,0,0,0,0,0,0,0,0,0,0,0,0,0,0,0,0,0,0,0,0,0,0,0,0,0,0,0,0,0,0,0,0,0,0,0,0,0,0,0,0,0,0,0,0,0,0,0,0,0,0,0,0,0,0,0,0,0,0,0,0,0,0,0,0,0,0,0,0,0,0,0,0,0,0,0,0,0,0,0,0,0,0,0,0,0,0,0,0,0,0,0,0,0,0,0,0,0,0,0,0,0,0,0,0,0,0.0,0.0,0.0,0.0,0.0,0.0,0.0,0.0,0.0,0.0,0.0,0.0,0.0,0.0,0.0,0.0,0.0,0.0,0.0,0.0,0.0,0.0,0.0,0.0,0.0,0.0,0.0,0.0,0.0,0.0,0.0,0.0,0.0,0.0,0.0,0.0,0.0,0.0,0.0,0.0,0.0,0.0,0.0,0.0,0.0,0.0,0.0,0.0,0.0,0.0,0.0,0.0,0.0,0.0,0.0,0.0,0.0,0.0,0.0,0.0,0.0,0.0,0.0,0.0,0.0,0.0,0.0,0.0,0.0,0.0,0.0,0.0,0.0,0.0,0.0,0.0,0.0,0.0,0.0,0.0,0.0,0.0,0.0,0.0,0.0,0.0,0.0,0.0,0.0,0.0,0.0,0.0,0.0,0.0,0.0,0.0,0.0,0.0,0.0,0.0,0.0,0.0,0.0,0.0,0.0,0.0,0.0,0.0,0.0,0.0,0.0,0.0,0.0,0.0,0.0,0.0,0.0,0.0,0.0,0.0,0.0,0.0,0.0,0.0,0.0,0.0,0.0,0.0,0.0,0.0,0.0,0.0,0.0,0.0,0.0,0.0,0.0,0.0,0.0,0.0,0.0,0.0,0.0,0.0,0.0,0.0,0.0,0.0,0.0,0.0,0.0,0.0,0.0,0.0,0.0,0.0,0.0,0.0,0.0,0.0,0.0,0.0,0.0,0.0,0.0,0.0,0.0,0.0,0.0,0.0,0.0,0.0,0.0,0.0,0.0,0.0,0.0,0.0,0.0,0.0,0.0,0.0,0.0,0.0,0.0,0.0,0.0,0.0,0.0,0.0,0.0,0.0,0.0,0.0,0.0,0.0,0.0,0.0,0.0,0.0,0.0,0.0,0.0,0.0,0.0,0.0,0.0,0.0,0.0,0.0,0.0,0.0,0.0,0.0,0.0,0.0,0.0,0.0,0.0,0.0,0.0,0.0,0.0,0.0,0.0,0.0,0.0,0.0,0.0,0.0,0.0,0.0,0.0,0.0,0.0,0.0,0.0,0.0,0.0,0.0,0.0,0.0,0.0,0.0,0.0,0.0,0.0,0.0,0.0,0.0,0.0,0.0,0.0,0.0,0.0,0.0,-1
6,vimeo1,0,stream,131.202.240.150,199.16.156.232,34809,443,6,scs_str_NULL,server_name_str_NULL,0,http_content_type_NULL,http_user_agent_NULL,http_accept_language_NULL,http_server_NULL,http_code_NULL,dns_domain_name_NULL,dns_ttl_NULL,dns_num_ip_NULL,dns_domain_rank_NULL,0,0,0,0,0,0,0,0,0,0,0,0,0,0,0,0,0,0,0,0,0,0,0,0,0,0,0,64,45,0,0,0,0,0,0,0,0,0,0,0,0,0,0,0,0,0,0,0,0,0,0,0,0,0,0,0,0,0,0,0,0,0,0,0,0,0,0,0,0,0,0,0,0,0,0,0,0,0,0,0,0,0,0,0,0,0,0,0,0,0,0,0,0,0,0,0,0,0,0,0,0,0,0,0,0,0,0,0,0,0,0,0,0,0,0,0,0,0,0,0,0,0,0,0,0,0,0,0,0,0,0,0,0,0,0,0,0,0,0,0,0,0,0,0,0,0,0,0,0,0,0,0,0,0,0,0,0,0,0,0,0,0,0,0,0,0,0,0,0,0,0,0,0,0,0,0,0,0,0,0,0,0,0,0,0,0,0,0,0,0,0,0,0,0,0,0,0,0,0,0,0,0,0,0,0,0,0,0,0,0,0,0,0,0,0,0,0,0,0,0,0,0,0,0,0,0,0,0,0,0,0,0,0,0,0,0,0,0,0,0,0,0,0,0,0,0,0,0,0,0,0,0,0,0,0,0,0,0,0,0,0,0,0,0,0,0,0,0,0,0,0,0,0,0,0,0,0,0,0,0,0,0,0,0,0,0,0,0,0,0,0,0,0,0,0,0,0,0,0,0,0,0,0,0,0,0,0,0,0,0,0,0,0,0,0,0,0,0,0,0,0,0,0,0,0,0,0,0,0,0,0,0,0,0,0,0,0,0,0,0,0,0,0,0,0,0,0,0,0,0,0,0,0,0,0,0,0,0,0,0,0,0,0,0,0,0,0,0,0,0,0,0,0,0,0,0,0,0,0,0,0,0,0,0,0,0,0,0,0,0,0,0,0,0,0,0,0,0,0,0,0,0,0,0,0,0,0,0,0,0,0,0,0,0,0,0,0,0,0,0,0,0,0,0,0,0,0,0,0,0.0,0.0,0.0,0.0,0.0,0.0,0.0,0.0,0.0,0.0,0.0,0.0,0.0,0.0,0.0,0.0,0.0,0.0,0.0,0.0,0.0,0.0,0.0,0.0,0.0,0.0,0.0,0.0,0.0,0.0,0.0,0.0,0.0,0.0,0.0,0.0,0.0,0.0,0.0,0.0,0.0,0.0,0.0,0.0,0.0,0.0,0.0,0.0,0.0,0.0,0.0,0.0,0.0,0.0,0.0,0.0,0.0,0.0,0.0,0.0,0.0,0.0,0.0,0.0,0.0,0.0,0.0,0.0,0.0,0.0,0.0,0.0,0.0,0.0,0.0,0.0,0.0,0.0,0.0,0.0,0.0,0.0,0.0,0.0,0.0,0.0,0.0,0.0,0.0,0.0,0.0,0.0,0.0,0.0,0.0,0.0,0.0,0.0,0.0,0.0,0.0,0.0,0.0,0.0,0.0,0.0,0.0,0.0,0.0,0.0,0.0,0.0,0.0,0.0,0.0,0.0,0.0,0.0,0.0,0.0,0.0,0.0,0.0,0.0,0.0,0.0,0.0,0.0,0.0,0.0,0.0,0.0,0.0,0.0,0.0,0.0,0.0,0.0,0.0,0.0,0.0,0.0,0.0,0.0,0.0,0.0,0.0,0.0,0.0,0.0,0.0,0.0,0.0,0.0,0.0,0.0,0.0,0.0,0.0,0.0,0.0,0.0,0.0,0.0,0.0,0.0,0.0,0.0,0.0,0.0,0.0,0.0,0.0,0.0,0.0,0.0,0.0,0.0,0.0,0.0,0.0,0.0,0.0,0.0,0.0,0.0,0.0,0.0,0.0,0.0,0.0,0.0,0.0,0.0,0.0,0.0,0.0,0.0,0.0,0.0,0.0,0.0,0.0,0.0,0.0,0.0,0.0,0.0,0.0,0.0,0.0,0.0,0.0,0.0,0.0,0.0,0.0,0.0,0.0,0.0,0.0,0.0,0.0,0.0,0.0,0.0,0.0,0.0,0.0,0.0,0.0,0.0,0.0,0.0,0.0,0.0,0.0,0.0,0.0,0.0,0.0,0.0,0.0,0.0,0.0,0.0,0.0,0.0,0.0,0.0,0.0,0.0,0.0,0.0,0.0,0.0,-1
7,vimeo1,0,stream,131.202.240.150,74.121.139.108,47126,443,6,scs_str_NULL,server_name_str_NULL,0,http_content_type_NULL,http_user_agent_NULL,http_accept_language_NULL,http_server_NULL,http_code_NULL,dns_domain_name_NULL,dns_ttl_NULL,dns_num_ip_NULL,dns_domain_rank_NULL,0,0,0,0,0,0,0,0,0,0,0,0,0,0,0,0,0,0,0,0,0,0,0,0,0,0,0,64,50,0,0,0,0,0,0,0,0,0,0,0,0,0,0,0,0,0,0,0,0,0,0,0,0,0,0,0,0,0,0,0,0,0,0,0,0,0,0,0,0,0,0,0,0,0,0,0,0,0,0,0,0,0,0,0,0,0,0,0,0,0,0,0,0,0,0,0,0,0,0,0,0,0,0,0,0,0,0,0,0,0,0,0,0,0,0,0,0,0,0,0,0,0,0,0,0,0,0,0,0,0,0,0,0,0,0,0,0,0,0,0,0,0,0,0,0,0,0,0,0,0,0,0,0,0,0,0,0,0,0,0,0,0,0,0,0,0,0,0,0,0,0,0,0,0,0,0,0,0,0,0,0,0,0,0,0,0,0,0,0,0,0,0,0,0,0,0,0,0,0,0,0,0,0,0,0,0,0,0,0,0,0,0,0,0,0,0,0,0,0,0,0,0,0,0,0,0,0,0,0,0,0,0,0,0,0,0,0,0,0,0,0,0,0,0,0,0,0,0,0,0,0,0,0,0,0,0,0,0,0,0,0,0,0,0,0,0,0,0,0,0,0,0,0,0,0,0,0,0,0,0,0,0,0,0,0,0,0,0,0,0,0,0,0,0,0,0,0,0,0,0,0,0,0,0,0,0,0,0,0,0,0,0,0,0,0,0,0,0,0,0,0,0,0,0,0,0,0,0,0,0,0,0,0,0,0,0,0,0,0,0,0,0,0,0,0,0,0,0,0,0,0,0,0,0,0,0,0,0,0,0,0,0,0,0,0,0,0,0,0,0,0,0,0,0,0,0,0,0,0,0,0,0,0,0,0,0,0,0,0,0,0,0,0,0,0,0,0,0,0,0,0,0,0,0,0,0,0,0,0,0,0,0,0,0,0,0,0,0,0,0,0,0,0,0,0,0,0,0,0,0.0,0.0,0.0,0.0,0.0,0.0,0.0,0.0,0.0,0.0,0.0,0.0,0.0,0.0,0.0,0.0,0.0,0.0,0.0,0.0,0.0,0.0,0.0,0.0,0.0,0.0,0.0,0.0,0.0,0.0,0.0,0.0,0.0,0.0,0.0,0.0,0.0,0.0,0.0,0.0,0.0,0.0,0.0,0.0,0.0,0.0,0.0,0.0,0.0,0.0,0.0,0.0,0.0,0.0,0.0,0.0,0.0,0.0,0.0,0.0,0.0,0.0,0.0,0.0,0.0,0.0,0.0,0.0,0.0,0.0,0.0,0.0,0.0,0.0,0.0,0.0,0.0,0.0,0.0,0.0,0.0,0.0,0.0,0.0,0.0,0.0,0.0,0.0,0.0,0.0,0.0,0.0,0.0,0.0,0.0,0.0,0.0,0.0,0.0,0.0,0.0,0.0,0.0,0.0,0.0,0.0,0.0,0.0,0.0,0.0,0.0,0.0,0.0,0.0,0.0,0.0,0.0,0.0,0.0,0.0,0.0,0.0,0.0,0.0,0.0,0.0,0.0,0.0,0.0,0.0,0.0,0.0,0.0,0.0,0.0,0.0,0.0,0.0,0.0,0.0,0.0,0.0,0.0,0.0,0.0,0.0,0.0,0.0,0.0,0.0,0.0,0.0,0.0,0.0,0.0,0.0,0.0,0.0,0.0,0.0,0.0,0.0,0.0,0.0,0.0,0.0,0.0,0.0,0.0,0.0,0.0,0.0,0.0,0.0,0.0,0.0,0.0,0.0,0.0,0.0,0.0,0.0,0.0,0.0,0.0,0.0,0.0,0.0,0.0,0.0,0.0,0.0,0.0,0.0,0.0,0.0,0.0,0.0,0.0,0.0,0.0,0.0,0.0,0.0,0.0,0.0,0.0,0.0,0.0,0.0,0.0,0.0,0.0,0.0,0.0,0.0,0.0,0.0,0.0,0.0,0.0,0.0,0.0,0.0,0.0,0.0,0.0,0.0,0.0,0.0,0.0,0.0,0.0,0.0,0.0,0.0,0.0,0.0,0.0,0.0,0.0,0.0,0.0,0.0,0.0,0.0,0.0,0.0,0.0,0.0,0.0,0.0,0.0,0.0,0.0,0.0,-1
8,vimeo1,0,stream,131.202.240.150,131.202.244.3,55217,53,17,scs_str_NULL,server_name_str_NULL,0,http_content_type_NULL,http_user_agent_NULL,http_accept_language_NULL,http_server_NULL,http_code_NULL,dns_domain_name_NULL,dns_ttl_NULL,dns_num_ip_NULL,dns_domain_rank_NULL,27.0,0.0,291.0,0.0,91,1,1,27,291,27,27,291,291,3.4945054945054945,0.0,0,91.0,0.0,0,91,0,0,91,91,0,0.01098901098901099,0.02197802197802198,64,63,0.0,0.0,0.0,0.0,0.0,0.0,0.0,0.0,0.0,0.0,0.0,0.0,0.0,0.0,0.0,0.0,0.0,0.0,0.0,0.0,0.0,0.0,0.0,0.0,0.0,0.0,0.0,0.0,0.0,0.0,0.0,0.0,0.0,0.0,0.0,0.0,0.0,0.0,0.0,0.0,0.0,0.0,0.0,0.0,0.0,0.0,0.0,0.0,0.0,0.0,0.0,0.0,0.0,0.0,0.0,0.0,0.0,0.0,0.0,0.0,0.0,0.0,0.0,0.0,0.0,0.0,0.0,0.0,0.0,0.0,0.0,0.0,0.0,0.0,0.0,0.0,0.0,0.0,0.0,0.0,0.0,0.0,0.0,0.0,0.0,0.0,0.0,0.0,0.0,0.0,0.0,0.0,0.0,0.0,0.0,0.0,0.0,0.0,0.0,0.0,0.0,0.0,0.0,0.0,0.0,0.0,0.0,0.0,0.0,0.0,0.0,0.0,0.0,0.0,0.0,0.0,0.0,0.0,0.0,0.0,0.0,0.0,0.0,0.0,0.0,0.0,0.0,0.0,0.0,0.0,0.0,0.0,0.0,0.0,0.0,0.0,0.0,0.0,0.0,0.0,0.0,0.0,0.0,0.0,0.0,0.0,0.0,0.0,0.0,0.0,0.0,0.0,0.0,0.0,0.0,0.0,0.0,0.0,0.0,0.0,0.0,0.0,0.0,0.0,0.0,0.0,0.0,0.0,0.0,0.0,0.0,0.0,0.0,0.0,0.0,0.0,0.0,0.0,0.0,0.0,0.0,0.0,0.0,0.0,0.0,0.0,0.0,0.0,0.0,0.0,0.0,0.0,0.0,0.0,0.0,0.0,0.0,0.0,0.0,0.0,0.0,0.0,0.0,0.0,0.0,0.0,0.0,0.0,0.0,0.0,0.0,0.0,0.0,0.0,0.0,0.0,0.0,0.0,0.0,0.0,1.0,0.0,0.0,0.0,0.0,0.0,0.0,0.0,0.0,0.0,0.0,0.0,0.0,0.0,0.0,0.0,0.0,0.0,0.0,0.0,0.0,0.0,0.0,0.0,0.0,0.0,0.0,0.0,0.0,0.0,0.0,0.0,0.0,0.0,0.0,0.0,0.0,0.0,0.0,0.0,0.0,0.0,0.0,0.0,0.0,0.0,0.0,0.0,0.0,0.0,0.0,0.0,0.0,0.0,0.0,0.0,0.0,0.0,0.0,0.0,0.0,0.0,0.0,0.0,0.0,0.0,0.0,0.0,0.0,0.0,0.0,0.0,0.0,0.0,0.0,0.0,0.0,0.0,0.0,0.0,0.0,0.0,0.0,0.0,0.0,0.0,0.0,0.0,0.0,0.0,0.0,0.0,0.0,0.0,0.0,0.0,0.0,0.0,0.0,0.0,0.0,0.0,0.0,0.0,0.0,0.0,0.0,0.0,0.0,0.0,0.0,0.0,0.0,0.0,0.0,0.0,0.0,0.0,0.0,0.0,0.0,0.0,0.0,0.0,0.0,0.0,0.0,0.0,0.0,0.0,0.0,0.0,0.0,0.0,0.0,0.0,0.0,0.0,0.0,0.0,0.0,0.0,0.0,0.0,0.0,0.0,0.0,0.0,0.0,0.0,0.0,0.0,0.0,0.0,0.0,0.0,0.0,0.0,0.0,0.0,0.0,0.0,0.0,0.0,0.0,0.0,0.0,0.0,0.0,0.0,0.0,0.0,0.0,0.0,0.0,0.0,0.0,0.0,0.0,0.0,0.24213836477987422,0.11006289308176101,0.018867924528301886,0.012578616352201259,0.03459119496855346,0.009433962264150943,0.0031446540880503146,0.006289308176100629,0.0,0.012578616352201259,0.0,0.0,0.025157232704402517,0.0,0.0,0.0,0.0,0.0,0.006289308176100629,0.0,0.0,0.0,0.0031446540880503146,0.009433962264150943,0.0,0.0031446540880503146,0.0,0.0,0.0,0.006289308176100629,0.012578616352201259,0.0,0.0,0.006289308176100629,0.0220125786163522,0.0,0.0031446540880503146,0.0031446540880503146,0.0,0.0,0.0,0.0,0.0,0.0,0.0,0.025157232704402517,0.0,0.0,0.006289308176100629,0.009433962264150943,0.006289308176100629,0.006289308176100629,0.009433962264150943,0.0031446540880503146,0.009433962264150943,0.0031446540880503146,0.012578616352201259,0.0,0.0,0.0,0.0,0.0,0.0,0.0,0.0,0.0,0.0,0.0,0.0,0.0,0.0031446540880503146,0.0,0.0,0.0,0.0,0.0,0.0,0.0,0.0,0.0,0.0,0.0031446540880503146,0.0,0.0,0.0,0.0031446540880503146,0.0,0.0,0.006289308176100629,0.0,0.0,0.0,0.0,0.0,0.0031446540880503146,0.0,0.0,0.012578616352201259,0.0,0.009433962264150943,0.012578616352201259,0.009433962264150943,0.0,0.006289308176100629,0.006289308176100629,0.006289308176100629,0.0,0.0031446540880503146,0.0,0.012578616352201259,0.02830188679245283,0.018867924528301886,0.0,0.0,0.0031446540880503146,0.03773584905660377,0.0031446540880503146,0.0031446540880503146,0.006289308176100629,0.012578616352201259,0.0,0.0,0.0,0.0,0.0,0.0,0.0,0.0,0.0031446540880503146,0.0031446540880503146,0.0,0.0,0.0,0.0,0.0,0.0,0.0,0.0,0.0,0.0,0.0031446540880503146,0.0,0.0,0.0,0.0,0.0,0.0,0.0,0.0,0.0,0.0,0.0,0.0,0.0,0.0,0.0,0.006289308176100629,0.0,0.0,0.0,0.0,0.0,0.0,0.0,0.0,0.015723270440251572,0.006289308176100629,0.0,0.0,0.0,0.0031446540880503146,0.0,0.0,0.0,0.0,0.0031446540880503146,0.0,0.0,0.0,0.0,0.0,0.0,0.0,0.0031446540880503146,0.0,0.0,0.0,0.0,0.0,0.0,0.0,0.0,0.0440251572327044,0.0,0.0031446540880503146,0.0,0.0,0.0031446540880503146,0.0,0.0031446540880503146,0.0,0.0,0.0,0.0,0.0,0.015723270440251572,0.0,0.0,0.0,0.0,0.0,0.0,0.0,0.0,0.0,0.0,0.0,0.012578616352201259,0.0,0.0,0.0,0.0,0.0,0.0,0.0,0.0,0.0,0.0,0.0,0.0,0.0,0.0,0.0,0.0,0.0,0.006289308176100629,0.0,0.0,0.0,0.0,0.0,0.0,0.0,0.0,0.0,0.0,0.0,0.0,0.0,0.0,0.0,0.012578616352201259,0.0,0.0,0.0,0.0,4.884745
9,vimeo1,0,stream,131.202.240.150,131.202.244.5,55217,53,17,scs_str_NULL,server_name_str_NULL,0,http_content_type_NULL,http_user_agent_NULL,http_accept_language_NULL,http_server_NULL,http_code_NULL,dns_domain_name_NULL,dns_ttl_NULL,dns_num_ip_NULL,dns_domain_rank_NULL,27.0,0.0,291.0,0.0,63,1,1,27,291,27,27,291,291,5.0476190476190474,0.0,0,63.0,0.0,0,63,0,0,63,63,0,0.015873015873015872,0.031746031746031744,64,63,0.0,0.0,0.0,0.0,0.0,0.0,0.0,0.0,0.0,0.0,0.0,0.0,0.0,0.0,0.0,0.0,0.0,0.0,0.0,0.0,0.0,0.0,0.0,0.0,0.0,0.0,0.0,0.0,0.0,0.0,0.0,0.0,0.0,0.0,0.0,0.0,0.0,0.0,0.0,0.0,0.0,0.0,0.0,0.0,0.0,0.0,0.0,0.0,0.0,0.0,0.0,0.0,0.0,0.0,0.0,0.0,0.0,0.0,0.0,0.0,0.0,0.0,0.0,0.0,0.0,0.0,0.0,0.0,0.0,0.0,0.0,0.0,0.0,0.0,0.0,0.0,0.0,0.0,0.0,0.0,0.0,0.0,0.0,0.0,0.0,0.0,0.0,0.0,0.0,0.0,0.0,0.0,0.0,0.0,0.0,0.0,0.0,0.0,0.0,0.0,0.0,0.0,0.0,0.0,0.0,0.0,0.0,0.0,0.0,0.0,0.0,0.0,0.0,0.0,0.0,0.0,0.0,0.0,0.0,0.0,0.0,0.0,0.0,0.0,0.0,0.0,0.0,0.0,0.0,0.0,0.0,0.0,0.0,0.0,0.0,0.0,0.0,0.0,0.0,0.0,0.0,0.0,0.0,0.0,0.0,0.0,0.0,0.0,0.0,0.0,0.0,0.0,0.0,0.0,0.0,0.0,0.0,0.0,0.0,0.0,0.0,0.0,0.0,0.0,0.0,0.0,0.0,0.0,0.0,0.0,0.0,0.0,0.0,0.0,0.0,0.0,0.0,0.0,0.0,0.0,0.0,0.0,0.0,0.0,0.0,0.0,0.0,0.0,0.0,0.0,0.0,0.0,0.0,0.0,0.0,0.0,0.0,0.0,0.0,0.0,0.0,0.0,0.0,0.0,0.0,0.0,0.0,0.0,0.0,0.0,0.0,0.0,0.0,0.0,0.0,0.0,0.0,0.0,0.0,0.0,1.0,0.0,0.0,0.0,0.0,0.0,0.0,0.0,0.0,0.0,0.0,0.0,0.0,0.0,0.0,0.0,0.0,0.0,0.0,0.0,0.0,0.0,0.0,0.0,0.0,0.0,0.0,0.0,0.0,0.0,0.0,0.0,0.0,0.0,0.0,0.0,0.0,0.0,0.0,0.0,0.0,0.0,0.0,0.0,0.0,0.0,0.0,0.0,0.0,0.0,0.0,0.0,0.0,0.0,0.0,0.0,0.0,0.0,0.0,0.0,0.0,0.0,0.0,0.0,0.0,0.0,0.0,0.0,0.0,0.0,0.0,0.0,0.0,0.0,0.0,0.0,0.0,0.0,0.0,0.0,0.0,0.0,0.0,0.0,0.0,0.0,0.0,0.0,0.0,0.0,0.0,0.0,0.0,0.0,0.0,0.0,0.0,0.0,0.0,0.0,0.0,0.0,0.0,0.0,0.0,0.0,0.0,0.0,0.0,0.0,0.0,0.0,0.0,0.0,0.0,0.0,0.0,0.0,0.0,0.0,0.0,0.0,0.0,0.0,0.0,0.0,0.0,0.0,0.0,0.0,0.0,0.0,0.0,0.0,0.0,0.0,0.0,0.0,0.0,0.0,0.0,0.0,0.0,0.0,0.0,0.0,0.0,0.0,0.0,0.0,0.0,0.0,0.0,0.0,0.0,0.0,0.0,0.0,0.0,0.0,0.0,0.0,0.0,0.0,0.0,0.0,0.0,0.0,0.0,0.0,0.0,0.0,0.0,0.0,0.0,0.0,0.0,0.0,0.0,0.0,0.24213836477987422,0.11006289308176101,0.018867924528301886,0.012578616352201259,0.05345911949685535,0.009433962264150943,0.0031446540880503146,0.006289308176100629,0.0,0.012578616352201259,0.0,0.0,0.025157232704402517,0.0,0.0,0.0,0.0,0.0,0.006289308176100629,0.0,0.0,0.0,0.0031446540880503146,0.009433962264150943,0.0,0.0031446540880503146,0.0,0.0,0.0,0.006289308176100629,0.012578616352201259,0.0,0.0,0.0031446540880503146,0.0,0.0,0.0,0.0031446540880503146,0.0,0.0,0.0,0.0,0.0,0.0,0.0,0.025157232704402517,0.0,0.0,0.006289308176100629,0.009433962264150943,0.006289308176100629,0.006289308176100629,0.009433962264150943,0.0031446540880503146,0.009433962264150943,0.0031446540880503146,0.012578616352201259,0.0,0.0,0.0,0.0,0.0,0.0,0.0,0.0,0.0,0.0,0.0031446540880503146,0.0,0.0,0.0031446540880503146,0.0,0.0,0.0,0.0,0.0,0.0,0.0,0.0,0.0,0.0,0.0031446540880503146,0.0,0.0,0.0,0.0031446540880503146,0.0,0.0,0.006289308176100629,0.0031446540880503146,0.0,0.0,0.0,0.0,0.0031446540880503146,0.0,0.0,0.012578616352201259,0.0,0.009433962264150943,0.012578616352201259,0.009433962264150943,0.0,0.006289308176100629,0.006289308176100629,0.006289308176100629,0.0,0.0031446540880503146,0.0,0.015723270440251572,0.02830188679245283,0.018867924528301886,0.018867924528301886,0.0,0.0031446540880503146,0.03773584905660377,0.0031446540880503146,0.0031446540880503146,0.006289308176100629,0.012578616352201259,0.0,0.0,0.0,0.0,0.0,0.0,0.0,0.0,0.0031446540880503146,0.0031446540880503146,0.0,0.0,0.0,0.0,0.0,0.0,0.0,0.0,0.0,0.0,0.0031446540880503146,0.0,0.0,0.0,0.0,0.0,0.0,0.0,0.0,0.0,0.0,0.0,0.0,0.0,0.0,0.0,0.006289308176100629,0.0,0.0,0.0,0.0,0.0,0.0,0.0,0.0,0.0,0.0,0.0,0.0,0.0,0.0031446540880503146,0.0,0.0,0.0,0.0,0.0031446540880503146,0.0,0.0,0.0,0.0,0.0,0.0,0.0,0.0031446540880503146,0.0,0.0,0.0,0.0,0.0,0.0,0.0,0.0,0.0440251572327044,0.0,0.0031446540880503146,0.0,0.0,0.0031446540880503146,0.0,0.0031446540880503146,0.0,0.0,0.0,0.0,0.0,0.012578616352201259,0.0,0.0,0.0,0.0031446540880503146,0.0,0.0,0.0,0.0,0.0,0.0,0.0,0.012578616352201259,0.0,0.0,0.0,0.0,0.0,0.0,0.0,0.0,0.0031446540880503146,0.0,0.0,0.0,0.0,0.0,0.0,0.0,0.0,0.006289308176100629,0.0,0.0,0.0,0.0,0.0,0.0,0.0,0.0,0.0,0.0,0.0,0.0,0.0,0.0,0.0,0.012578616352201259,0.0,0.0,0.0,0.0,4.84801
10,vimeo1,0,stream,131.202.240.150,131.202.6.3,55217,53,17,scs_str_NULL,server_name_str_NULL,0,http_content_type_NULL,http_user_agent_NULL,http_accept_language_NULL,http_server_NULL,http_code_NULL,dns_domain_name_NULL,dns_ttl_NULL,dns_num_ip_NULL,dns_domain_rank_NULL,27.0,0.0,243.0,0.0,58,1,1,27,243,27,27,243,243,4.655172413793103,0.0,0,58.0,0.0,0,58,0,0,58,58,0,0.017241379310344827,0.034482758620689655,64,60,0.0,0.0,0.0,0.0,0.0,0.0,0.0,0.0,0.0,0.0,0.0,0.0,0.0,0.0,0.0,0.0,0.0,0.0,0.0,0.0,0.0,0.0,0.0,0.0,0.0,0.0,0.0,0.0,0.0,0.0,0.0,0.0,0.0,0.0,0.0,0.0,0.0,0.0,0.0,0.0,0.0,0.0,0.0,0.0,0.0,0.0,0.0,0.0,0.0,0.0,0.0,0.0,0.0,0.0,0.0,0.0,0.0,0.0,0.0,0.0,0.0,0.0,0.0,0.0,0.0,0.0,0.0,0.0,0.0,0.0,0.0,0.0,0.0,0.0,0.0,0.0,0.0,0.0,0.0,0.0,0.0,0.0,0.0,0.0,0.0,0.0,0.0,0.0,0.0,0.0,0.0,0.0,0.0,0.0,0.0,0.0,0.0,0.0,0.0,0.0,0.0,0.0,0.0,0.0,0.0,0.0,0.0,0.0,0.0,0.0,0.0,0.0,0.0,0.0,0.0,0.0,0.0,0.0,0.0,0.0,0.0,0.0,0.0,0.0,0.0,0.0,0.0,0.0,0.0,0.0,0.0,0.0,0.0,0.0,0.0,0.0,0.0,0.0,0.0,0.0,0.0,0.0,0.0,0.0,0.0,0.0,0.0,0.0,0.0,0.0,0.0,0.0,0.0,0.0,0.0,0.0,0.0,0.0,0.0,0.0,0.0,0.0,0.0,0.0,0.0,0.0,0.0,0.0,0.0,0.0,0.0,0.0,0.0,0.0,0.0,0.0,0.0,0.0,0.0,0.0,0.0,0.0,0.0,0.0,0.0,0.0,0.0,0.0,0.0,0.0,0.0,0.0,0.0,0.0,0.0,0.0,0.0,0.0,0.0,0.0,0.0,0.0,0.0,0.0,0.0,0.0,0.0,0.0,0.0,0.0,0.0,0.0,0.0,0.0,0.0,0.0,0.0,0.0,0.0,0.0,1.0,0.0,0.0,0.0,0.0,0.0,0.0,0.0,0.0,0.0,0.0,0.0,0.0,0.0,0.0,0.0,0.0,0.0,0.0,0.0,0.0,0.0,0.0,0.0,0.0,0.0,0.0,0.0,0.0,0.0,0.0,0.0,0.0,0.0,0.0,0.0,0.0,0.0,0.0,0.0,0.0,0.0,0.0,0.0,0.0,0.0,0.0,0.0,0.0,0.0,0.0,0.0,0.0,0.0,0.0,0.0,0.0,0.0,0.0,0.0,0.0,0.0,0.0,0.0,0.0,0.0,0.0,0.0,0.0,0.0,0.0,0.0,0.0,0.0,0.0,0.0,0.0,0.0,0.0,0.0,0.0,0.0,0.0,0.0,0.0,0.0,0.0,0.0,0.0,0.0,0.0,0.0,0.0,0.0,0.0,0.0,0.0,0.0,0.0,0.0,0.0,0.0,0.0,0.0,0.0,0.0,0.0,0.0,0.0,0.0,0.0,0.0,0.0,0.0,0.0,0.0,0.0,0.0,0.0,0.0,0.0,0.0,0.0,0.0,0.0,0.0,0.0,0.0,0.0,0.0,0.0,0.0,0.0,0.0,0.0,0.0,0.0,0.0,0.0,0.0,0.0,0.0,0.0,0.0,0.0,0.0,0.0,0.0,0.0,0.0,0.0,0.0,0.0,0.0,0.0,0.0,0.0,0.0,0.0,0.0,0.0,0.0,0.0,0.0,0.0,0.0,0.0,0.0,0.0,0.0,0.0,0.0,0.0,0.0,0.0,0.0,0.0,0.0,0.0,0.0,0.24074074074074073,0.1,0.022222222222222223,0.014814814814814815,0.044444444444444446,0.011111111111111112,0.003703703703703704,0.007407407407407408,0.0,0.014814814814814815,0.0,0.0,0.02962962962962963,0.0,0.0,0.0,0.0,0.0,0.007407407407407408,0.0,0.0,0.0,0.003703703703703704,0.011111111111111112,0.0,0.003703703703703704,0.0,0.0,0.0,0.007407407407407408,0.014814814814814815,0.0,0.0,0.003703703703703704,0.0,0.0,0.0,0.003703703703703704,0.0,0.0,0.0,0.0,0.0,0.0,0.0,0.02962962962962963,0.0,0.0,0.007407407407407408,0.011111111111111112,0.007407407407407408,0.007407407407407408,0.011111111111111112,0.003703703703703704,0.011111111111111112,0.003703703703703704,0.014814814814814815,0.0,0.0,0.0,0.0,0.0,0.0,0.0,0.0,0.0,0.0,0.0,0.0,0.0,0.003703703703703704,0.0,0.0,0.0,0.0,0.0,0.0,0.0,0.0,0.0,0.0,0.003703703703703704,0.0,0.0,0.0,0.003703703703703704,0.0,0.0,0.007407407407407408,0.0,0.0,0.0,0.0,0.0,0.0,0.0,0.0,0.014814814814814815,0.0,0.011111111111111112,0.014814814814814815,0.011111111111111112,0.0,0.003703703703703704,0.007407407407407408,0.007407407407407408,0.0,0.003703703703703704,0.0,0.014814814814814815,0.03333333333333333,0.022222222222222223,0.018518518518518517,0.0,0.003703703703703704,0.044444444444444446,0.003703703703703704,0.003703703703703704,0.007407407407407408,0.014814814814814815,0.0,0.0,0.0,0.0,0.0,0.0,0.0,0.0,0.003703703703703704,0.003703703703703704,0.0,0.0,0.0,0.0,0.0,0.0,0.0,0.0,0.0,0.0,0.0,0.0,0.0,0.0,0.0,0.0,0.0,0.0,0.0,0.0,0.0,0.0,0.0,0.0,0.0,0.0,0.007407407407407408,0.0,0.0,0.0,0.0,0.0,0.0,0.0,0.0,0.0,0.0,0.0,0.0,0.0,0.0,0.0,0.0,0.0,0.003703703703703704,0.0,0.0,0.0,0.0,0.0,0.0,0.0,0.0,0.0,0.0,0.0,0.0,0.0,0.0,0.0,0.0,0.0,0.040740740740740744,0.0,0.0,0.0,0.0,0.0,0.0,0.0,0.0,0.0,0.0,0.0,0.0,0.003703703703703704,0.0,0.0,0.0,0.0,0.0,0.0,0.0,0.0,0.0,0.0,0.0,0.014814814814814815,0.0,0.0,0.0,0.0,0.0,0.0,0.0,0.0,0.0,0.0,0.0,0.0,0.0,0.0,0.0,0.0,0.0,0.007407407407407408,0.0,0.0,0.0,0.0,0.0,0.0,0.0,0.0,0.0,0.0,0.0,0.0,0.0,0.0,0.0,0.003703703703703704,0.0,0.0,0.0,0.0,4.771735
11,vimeo1,0,stream,131.202.240.150,104.156.81.217,49394,443,6,c02f,000c00000976696d656f2e636f6d,528,http_content_type_NULL,http_user_agent_NULL,http_accept_language_NULL,http_server_NULL,http_code_NULL,vimeo.com,dns_ttl_NULL,4,dns_domain_rank_NULL,350.6666666666667,264.49616674391,2391.625,2301.1308055769014,420,3,8,1052,19133,722,126,8090,274,48.05952380952381,16.0,19.8158185969358,46.5,74.172097179465,48,372,44,1,235,0,0.0625,0.021505376344086023,0.02619047619047619,64,52,0.0,0.0,0.0,0.0,0.0,0.0,0.0,0.0,0.0,0.0,0.0,0.0,0.0,0.0,0.0,0.0,0.0,0.14285714285714285,0.0,0.0,0.0,0.0,0.0,0.0,0.0,0.0,0.0,0.0,0.0,0.0,0.0,0.0,0.0,0.0,0.0,0.0,0.0,0.0,0.0,0.0,0.0,0.0,0.0,0.0,0.0,0.0,0.0,0.0,0.0,0.0,0.0,0.0,0.0,0.0,0.0,0.0,0.0,0.0,0.0,0.0,0.0,0.0,0.0,0.0,0.0,0.0,0.0,0.0,0.0,0.0,0.0,0.0,0.0,0.0,0.0,0.0,0.0,0.0,0.0,0.0,0.0,0.0,0.0,0.0,0.0,0.0,0.0,0.0,0.0,0.0,0.0,0.14285714285714285,0.0,0.0,0.0,0.0,0.0,0.0,0.0,0.0,0.0,0.0,0.0,0.0,0.0,0.0,0.0,0.0,0.0,0.0,0.0,0.0,0.0,0.0,0.0,0.0,0.0,0.0,0.0,0.0,0.0,0.0,0.0,0.0,0.0,0.0,0.0,0.0,0.0,0.0,0.0,0.0,0.0,0.0,0.0,0.0,0.0,0.0,0.0,0.0,0.0,0.0,0.0,0.0,0.0,0.0,0.0,0.0,0.0,0.0,0.0,0.0,0.0,0.0,0.0,0.0,0.0,0.0,0.0,0.0,0.0,0.0,0.0,0.0,0.0,0.0,0.0,0.0,0.0,0.0,0.0,0.0,0.0,0.0,0.0,0.0,0.0,0.0,0.0,0.0,0.0,0.0,0.0,0.0,0.0,0.0,0.0,0.0,0.0,0.0,0.0,0.0,0.0,0.0,0.0,0.0,0.0,0.0,0.0,0.0,0.0,0.0,0.0,0.0,0.0,0.0,0.0,0.0,0.0,0.0,0.0,0.0,0.0,0.0,0.0,0.0,0.0,0.0,0.0,0.0,0.14285714285714285,0.0,0.0,0.0,0.0,0.0,0.0,0.0,0.0,0.0,0.0,0.0,0.0,0.0,0.0,0.0,0.0,0.0,0.0,0.0,0.0,0.0,0.0,0.0,0.0,0.0,0.0,0.0,0.0,0.0,0.0,0.0,0.0,0.0,0.0,0.0,0.0,0.0,0.0,0.0,0.0,0.0,0.0,0.0,0.0,0.0,0.0,0.0,0.0,0.0,0.0,0.0,0.0,0.0,0.0,0.0,0.0,0.0,0.0,0.0,0.0,0.0,0.0,0.0,0.0,0.0,0.0,0.0,0.0,0.0,0.0,0.0,0.0,0.0,0.0,0.0,0.0,0.0,0.0,0.0,0.0,0.0,0.0,0.0,0.0,0.0,0.0,0.0,0.0,0.0,0.0,0.0,0.0,0.0,0.0,0.0,0.0,0.0,0.0,0.0,0.0,0.0,0.0,0.0,0.0,0.0,0.0,0.0,0.0,0.0,0.0,0.0,0.0,0.0,0.0,0.0,0.0,0.0,0.0,0.0,0.0,0.0,0.0,0.0,0.0,0.0,0.0,0.0,0.0,0.0,0.0,0.0,0.0,0.0,0.0,0.0,0.0,0.0,0.14285714285714285,0.0,0.0,0.14285714285714285,0.0,0.0,0.14285714285714285,0.0,0.0,0.0,0.0,0.0,0.0,0.0,0.0,0.0,0.0,0.0,0.0,0.0,0.14285714285714285,0.0,0.0,0.0,0.0,0.0,0.0,0.0,0.0,0.0,0.0,0.0,0.0,0.0,0.0,0.0,0.0,0.0,0.0,0.0,0.0,0.0,0.018845348489380794,0.009173397148270018,0.0053843852826802275,0.00807657792402034,0.006182071991225446,0.006182071991225446,0.006281782829793599,0.0039884335427260945,0.004287566058430552,0.0037890118655897896,0.0039884335427260945,0.004287566058430552,0.0039884335427260945,0.004586698574135009,0.003888722704157942,0.0043872768969987035,0.0034898793498853325,0.0035895901884534847,0.0036893010270216374,0.004187855219862399,0.004187855219862399,0.0039884335427260945,0.0043872768969987035,0.004786120251271313,0.004287566058430552,0.004287566058430552,0.0037890118655897896,0.0034898793498853325,0.004088144381294246,0.004187855219862399,0.004187855219862399,0.003290457672749028,0.005484096121248379,0.0026921926413401138,0.0037890118655897896,0.004586698574135009,0.0034898793498853325,0.003888722704157942,0.0033901685113171803,0.002791903479908266,0.004686409412703161,0.0039884335427260945,0.004088144381294246,0.0043872768969987035,0.0034898793498853325,0.0039884335427260945,0.005982650314089142,0.005484096121248379,0.009771662179678932,0.0053843852826802275,0.004586698574135009,0.0039884335427260945,0.0037890118655897896,0.003888722704157942,0.004486987735566856,0.004287566058430552,0.004486987735566856,0.003888722704157942,0.0039884335427260945,0.003091035995612723,0.0028916143184764182,0.0037890118655897896,0.003091035995612723,0.003091035995612723,0.002791903479908266,0.004088144381294246,0.0035895901884534847,0.004187855219862399,0.0037890118655897896,0.004287566058430552,0.0033901685113171803,0.0033901685113171803,0.004088144381294246,0.0033901685113171803,0.0035895901884534847,0.0043872768969987035,0.0034898793498853325,0.004088144381294246,0.0034898793498853325,0.002991325157044571,0.003290457672749028,0.003888722704157942,0.0034898793498853325,0.0036893010270216374,0.0033901685113171803,0.004885831089839466,0.0034898793498853325,0.0035895901884534847,0.0037890118655897896,0.003290457672749028,0.003290457672749028,0.0028916143184764182,0.004187855219862399,0.003091035995612723,0.0036893010270216374,0.003290457672749028,0.003091035995612723,0.0039884335427260945,0.003888722704157942,0.005683517798384685,0.004287566058430552,0.006182071991225446,0.0035895901884534847,0.004586698574135009,0.004486987735566856,0.006182071991225446,0.0037890118655897896,0.003091035995612723,0.004287566058430552,0.004885831089839466,0.004586698574135009,0.004686409412703161,0.004586698574135009,0.003888722704157942,0.006182071991225446,0.004786120251271313,0.006082361152657294,0.0039884335427260945,0.004287566058430552,0.003290457672749028,0.0036893010270216374,0.0034898793498853325,0.0033901685113171803,0.0031907468341808754,0.0031907468341808754,0.002991325157044571,0.0035895901884534847,0.0039884335427260945,0.004786120251271313,0.003091035995612723,0.005583806959816532,0.004287566058430552,0.003091035995612723,0.003888722704157942,0.004586698574135009,0.0033901685113171803,0.0037890118655897896,0.003888722704157942,0.0034898793498853325,0.0039884335427260945,0.003290457672749028,0.003888722704157942,0.0031907468341808754,0.0035895901884534847,0.004486987735566856,0.0034898793498853325,0.0034898793498853325,0.0034898793498853325,0.0037890118655897896,0.003091035995612723,0.003290457672749028,0.0036893010270216374,0.003888722704157942,0.003290457672749028,0.003888722704157942,0.003888722704157942,0.0037890118655897896,0.003888722704157942,0.003290457672749028,0.0034898793498853325,0.003290457672749028,0.0033901685113171803,0.0033901685113171803,0.003290457672749028,0.003290457672749028,0.0036893010270216374,0.0028916143184764182,0.003290457672749028,0.0036893010270216374,0.003091035995612723,0.0035895901884534847,0.002991325157044571,0.003091035995612723,0.0036893010270216374,0.003888722704157942,0.0034898793498853325,0.0031907468341808754,0.0036893010270216374,0.0026921926413401138,0.0034898793498853325,0.0034898793498853325,0.0031907468341808754,0.0033901685113171803,0.002991325157044571,0.0034898793498853325,0.0033901685113171803,0.002791903479908266,0.003091035995612723,0.0039884335427260945,0.0031907468341808754,0.0037890118655897896,0.003888722704157942,0.0039884335427260945,0.0033901685113171803,0.0031907468341808754,0.0036893010270216374,0.0036893010270216374,0.002991325157044571,0.0035895901884534847,0.0035895901884534847,0.003290457672749028,0.0037890118655897896,0.0028916143184764182,0.0033901685113171803,0.0036893010270216374,0.004187855219862399,0.003290457672749028,0.0035895901884534847,0.0022933492870675044,0.0037890118655897896,0.003091035995612723,0.0035895901884534847,0.003888722704157942,0.004686409412703161,0.0031907468341808754,0.0036893010270216374,0.003091035995612723,0.0031907468341808754,0.0034898793498853325,0.0026921926413401138,0.0037890118655897896,0.0031907468341808754,0.0034898793498853325,0.0033901685113171803,0.0036893010270216374,0.003888722704157942,0.004088144381294246,0.0035895901884534847,0.002991325157044571,0.0031907468341808754,0.0037890118655897896,0.0035895901884534847,0.002991325157044571,0.0033901685113171803,0.0031907468341808754,0.0031907468341808754,0.003290457672749028,0.0037890118655897896,0.0031907468341808754,0.004985541928407618,0.0035895901884534847,0.003091035995612723,0.0039884335427260945,0.003888722704157942,0.0037890118655897896,0.0033901685113171803,0.0037890118655897896,0.0034898793498853325,0.003290457672749028,0.002592481802771961,0.0023930601256356566,0.004088144381294246,0.004287566058430552,0.0034898793498853325,0.002991325157044571,0.004287566058430552,4.44867
12,vimeo1,0,stream,131.202.240.150,131.202.244.5,,,1,scs_str_NULL,server_name_str_NULL,0,http_content_type_NULL,http_user_agent_NULL,http_accept_language_NULL,http_server_NULL,http_code_NULL,dns_domain_name_NULL,dns_ttl_NULL,dns_num_ip_NULL,dns_domain_rank_NULL,319.0,0.0,0,0,0,1,0,319,0,319,319,0,0,0,0.0,0,0,0,0,0,0,0,0,0,0,0,0,64,0,0,0,0,0,0,0,0,0,0,0,0,0,0,0,0,0,0,0,0,0,0,0,0,0,0,0,0,0,0,0,0,0,0,0,0,0,0,0,0,0,0,0,0,0,0,0,0,0,0,0,0,0,0,0,0,0,0,0,0,0,0,0,0,0,0,0,0,0,0,0,0,0,0,0,0,0,0,0,0,0,0,0,0,0,0,0,0,0,0,0,0,0,0,0,0,0,0,0,0,0,0,0,0,0,0,0,0,0,0,0,0,0,0,0,0,0,0,0,0,0,0,0,0,0,0,0,0,0,0,0,0,0,0,0,0,0,0,0,0,0,0,0,0,0,0,0,0,0,0,0,0,0,0,0,0,0,0,0,0,0,0,0,0,0,0,0,0,0,0,0,0,0,0,0,0,0,0,0,0,0,0,0,0,0,0,0,0,0,0,0,0,0,0,0,0,0,0,0,0,0,0,0,0,0,0,0,0,0,0,0,0,0,0,0,0,0,0,0,0,0,0,0,0,0,0,0,0,0,0,0,0,0,0,0,0,0,0,0,0,0,0,0,0,0,0,0,0,0,0,0,0,0,0,0,0,0,0,0,0,0,0,0,0,0,0,0,0,0,0,0,0,0,0,0,0,0,0,0,0,0,0,0,0,0,0,0,0,0,0,0,0,0,0,0,0,0,0,0,0,0,0,0,0,0,0,0,0,0,0,0,0,0,0,0,0,0,0,0,0,0,0,0,0,0,0,0,0,0,0,0,0,0,0,0,0,0,0,0,0,0,0,0,0,0,0,0,0,0,0,0,0,0,0,0,0,0,0,0,0,0,0,0,0,0,0,0,0,0,0,0,0,0,0,0,0,0,0,0,0,0,0,0,0,0,0,0,0,0,0,0,0,0,0,0,0,0,0,0,0,0,0.219435736677116,0.10344827586206896,0.018808777429467086,0.009404388714733543,0.05329153605015674,0.009404388714733543,0.003134796238244514,0.006269592476489028,0.003134796238244514,0.012539184952978056,0.0,0.0,0.025078369905956112,0.0,0.003134796238244514,0.0,0.0,0.003134796238244514,0.006269592476489028,0.0,0.0,0.0,0.003134796238244514,0.009404388714733543,0.0,0.003134796238244514,0.0,0.0,0.0,0.003134796238244514,0.012539184952978056,0.0,0.0,0.003134796238244514,0.0,0.0,0.0,0.003134796238244514,0.0,0.0,0.0,0.0,0.0,0.003134796238244514,0.0,0.025078369905956112,0.0,0.0,0.006269592476489028,0.009404388714733543,0.006269592476489028,0.006269592476489028,0.009404388714733543,0.006269592476489028,0.009404388714733543,0.003134796238244514,0.012539184952978056,0.0,0.0,0.0,0.0,0.0,0.0,0.006269592476489028,0.0,0.0,0.0,0.003134796238244514,0.0,0.003134796238244514,0.003134796238244514,0.0,0.0,0.0,0.0,0.0,0.0,0.0,0.0,0.0,0.0,0.003134796238244514,0.0,0.0,0.0,0.003134796238244514,0.0,0.0,0.003134796238244514,0.003134796238244514,0.0,0.0,0.0,0.0,0.003134796238244514,0.0,0.0,0.012539184952978056,0.0,0.006269592476489028,0.012539184952978056,0.006269592476489028,0.0,0.006269592476489028,0.006269592476489028,0.003134796238244514,0.0,0.003134796238244514,0.0,0.009404388714733543,0.03134796238244514,0.012539184952978056,0.018808777429467086,0.0,0.003134796238244514,0.03761755485893417,0.003134796238244514,0.003134796238244514,0.003134796238244514,0.012539184952978056,0.0,0.0,0.0,0.0,0.0,0.0,0.0,0.0,0.003134796238244514,0.003134796238244514,0.0,0.006269592476489028,0.0,0.0,0.0,0.0,0.0,0.0,0.0,0.0,0.003134796238244514,0.0,0.0,0.0,0.0,0.0,0.0,0.0,0.0,0.0,0.003134796238244514,0.0,0.0,0.0,0.0,0.003134796238244514,0.006269592476489028,0.0,0.0,0.0,0.0,0.0,0.0,0.0,0.0,0.0,0.0,0.0,0.0,0.0,0.003134796238244514,0.0,0.0,0.0,0.0,0.003134796238244514,0.0,0.003134796238244514,0.0,0.0,0.0,0.0,0.0,0.003134796238244514,0.0,0.0,0.0,0.0,0.0,0.0,0.0,0.0,0.0438871473354232,0.0,0.003134796238244514,0.0,0.0,0.006269592476489028,0.0,0.003134796238244514,0.0,0.003134796238244514,0.006269592476489028,0.0,0.0,0.012539184952978056,0.0,0.0,0.0,0.003134796238244514,0.0,0.0,0.0,0.0,0.0,0.003134796238244514,0.0,0.012539184952978056,0.0,0.0,0.0,0.0,0.0,0.0,0.0,0.0,0.003134796238244514,0.0,0.0,0.0,0.0,0.0,0.0,0.0,0.0,0.006269592476489028,0.0,0.0,0.0,0.0,0.003134796238244514,0.0,0.0,0.0,0.003134796238244514,0.0,0.0,0.0,0.0,0.0,0.0,0.012539184952978056,0.0,0.0,0.0,0.0,5.12353
13,vimeo1,0,stream,131.202.240.150,131.202.244.3,,,1,scs_str_NULL,server_name_str_NULL,0,http_content_type_NULL,http_user_agent_NULL,http_accept_language_NULL,http_server_NULL,http_code_NULL,dns_domain_name_NULL,dns_ttl_NULL,dns_num_ip_NULL,dns_domain_rank_NULL,319.0,0.0,0,0,0,1,0,319,0,319,319,0,0,0,0.0,0,0,0,0,0,0,0,0,0,0,0,0,64,0,0,0,0,0,0,0,0,0,0,0,0,0,0,0,0,0,0,0,0,0,0,0,0,0,0,0,0,0,0,0,0,0,0,0,0,0,0,0,0,0,0,0,0,0,0,0,0,0,0,0,0,0,0,0,0,0,0,0,0,0,0,0,0,0,0,0,0,0,0,0,0,0,0,0,0,0,0,0,0,0,0,0,0,0,0,0,0,0,0,0,0,0,0,0,0,0,0,0,0,0,0,0,0,0,0,0,0,0,0,0,0,0,0,0,0,0,0,0,0,0,0,0,0,0,0,0,0,0,0,0,0,0,0,0,0,0,0,0,0,0,0,0,0,0,0,0,0,0,0,0,0,0,0,0,0,0,0,0,0,0,0,0,0,0,0,0,0,0,0,0,0,0,0,0,0,0,0,0,0,0,0,0,0,0,0,0,0,0,0,0,0,0,0,0,0,0,0,0,0,0,0,0,0,0,0,0,0,0,0,0,0,0,0,0,0,0,0,0,0,0,0,0,0,0,0,0,0,0,0,0,0,0,0,0,0,0,0,0,0,0,0,0,0,0,0,0,0,0,0,0,0,0,0,0,0,0,0,0,0,0,0,0,0,0,0,0,0,0,0,0,0,0,0,0,0,0,0,0,0,0,0,0,0,0,0,0,0,0,0,0,0,0,0,0,0,0,0,0,0,0,0,0,0,0,0,0,0,0,0,0,0,0,0,0,0,0,0,0,0,0,0,0,0,0,0,0,0,0,0,0,0,0,0,0,0,0,0,0,0,0,0,0,0,0,0,0,0,0,0,0,0,0,0,0,0,0,0,0,0,0,0,0,0,0,0,0,0,0,0,0,0,0,0,0,0,0,0,0,0,0,0,0,0,0,0,0,0,0,0,0,0,0,0,0,0,0,0,0,0,0,0.219435736677116,0.10344827586206896,0.018808777429467086,0.012539184952978056,0.034482758620689655,0.006269592476489028,0.003134796238244514,0.006269592476489028,0.0,0.012539184952978056,0.0,0.0,0.025078369905956112,0.0,0.0,0.0,0.0,0.003134796238244514,0.006269592476489028,0.0,0.0,0.0,0.003134796238244514,0.009404388714733543,0.0,0.003134796238244514,0.0,0.0,0.0,0.003134796238244514,0.012539184952978056,0.0,0.0,0.006269592476489028,0.0219435736677116,0.0,0.006269592476489028,0.003134796238244514,0.0,0.0,0.0,0.0,0.0,0.003134796238244514,0.0,0.025078369905956112,0.0,0.0,0.006269592476489028,0.009404388714733543,0.006269592476489028,0.006269592476489028,0.009404388714733543,0.006269592476489028,0.009404388714733543,0.003134796238244514,0.012539184952978056,0.0,0.0,0.0,0.0,0.0,0.0,0.006269592476489028,0.0,0.0,0.0,0.0,0.0,0.003134796238244514,0.006269592476489028,0.0,0.0,0.0,0.0,0.0,0.0,0.003134796238244514,0.0,0.0,0.0,0.003134796238244514,0.0,0.0,0.0,0.003134796238244514,0.0,0.0,0.003134796238244514,0.0,0.0,0.0,0.0,0.0,0.003134796238244514,0.0,0.0,0.012539184952978056,0.0,0.006269592476489028,0.012539184952978056,0.006269592476489028,0.0,0.006269592476489028,0.006269592476489028,0.006269592476489028,0.0,0.003134796238244514,0.0,0.006269592476489028,0.02821316614420063,0.012539184952978056,0.0,0.0,0.003134796238244514,0.03761755485893417,0.003134796238244514,0.003134796238244514,0.003134796238244514,0.012539184952978056,0.0,0.0,0.0,0.0,0.0,0.0,0.0,0.0,0.003134796238244514,0.003134796238244514,0.0,0.006269592476489028,0.0,0.0,0.0,0.0,0.0,0.0,0.0,0.0,0.003134796238244514,0.0,0.0,0.0,0.0,0.0,0.0,0.0,0.0,0.0,0.003134796238244514,0.0,0.0,0.0,0.0,0.0,0.006269592476489028,0.0,0.0,0.0,0.003134796238244514,0.0,0.0,0.0,0.0,0.01567398119122257,0.006269592476489028,0.0,0.0,0.0,0.003134796238244514,0.0,0.0,0.0,0.0,0.003134796238244514,0.0,0.003134796238244514,0.0,0.0,0.0,0.0,0.0,0.003134796238244514,0.0,0.0,0.0,0.0,0.0,0.0,0.0,0.0,0.0438871473354232,0.0,0.003134796238244514,0.0,0.0,0.003134796238244514,0.0,0.003134796238244514,0.0,0.0,0.006269592476489028,0.0,0.0,0.01567398119122257,0.0,0.0,0.0,0.0,0.0,0.0,0.0,0.0,0.0,0.003134796238244514,0.0,0.012539184952978056,0.0,0.0,0.0,0.0,0.0,0.003134796238244514,0.0,0.0,0.0,0.0,0.0,0.0,0.0,0.0,0.0,0.0,0.0,0.006269592476489028,0.0,0.0,0.0,0.0,0.003134796238244514,0.0,0.0,0.0,0.003134796238244514,0.0,0.0,0.0,0.0,0.0,0.0,0.012539184952978056,0.0,0.0,0.0,0.0,5.158097
14,vimeo1,0,stream,131.202.240.150,131.202.6.3,28373,53,17,scs_str_NULL,server_name_str_NULL,0,http_content_type_NULL,http_user_agent_NULL,http_accept_language_NULL,http_server_NULL,http_code_NULL,dns_domain_name_NULL,dns_ttl_NULL,dns_num_ip_NULL,dns_domain_rank_NULL,32.0,0.0,232.0,0.0,191,1,1,32,232,32,32,232,232,1.382198952879581,0.0,0,191.0,0.0,0,191,0,0,191,191,0,0.005235602094240838,0.010471204188481676,64,60,0.0,0.0,0.0,0.0,0.0,0.0,0.0,0.0,0.0,0.0,0.0,0.0,0.0,0.0,0.0,0.0,0.0,0.0,0.0,0.0,0.0,0.0,0.0,0.0,0.0,0.0,0.0,0.0,0.0,0.0,0.0,0.0,0.0,0.0,0.0,0.0,0.0,0.0,0.0,0.0,0.0,0.0,0.0,0.0,0.0,0.0,0.0,0.0,0.0,0.0,0.0,0.0,0.0,0.0,0.0,0.0,0.0,0.0,0.0,0.0,0.0,0.0,0.0,0.0,0.0,0.0,0.0,0.0,0.0,0.0,0.0,0.0,0.0,0.0,0.0,0.0,0.0,0.0,0.0,0.0,0.0,0.0,0.0,0.0,0.0,0.0,0.0,0.0,0.0,0.0,0.0,0.0,0.0,0.0,0.0,0.0,0.0,0.0,0.0,0.0,0.0,0.0,0.0,0.0,0.0,0.0,0.0,0.0,0.0,0.0,0.0,0.0,0.0,0.0,0.0,0.0,0.0,0.0,0.0,0.0,0.0,0.0,0.0,0.0,0.0,0.0,0.0,0.0,0.0,0.0,0.0,0.0,0.0,0.0,0.0,0.0,0.0,0.0,0.0,0.0,0.0,0.0,0.0,0.0,0.0,0.0,0.0,0.0,0.0,0.0,0.0,0.0,0.0,0.0,0.0,0.0,0.0,0.0,0.0,0.0,0.0,0.0,0.0,0.0,0.0,0.0,0.0,0.0,0.0,0.0,0.0,0.0,0.0,0.0,0.0,0.0,0.0,0.0,0.0,0.0,0.0,0.0,0.0,0.0,0.0,0.0,0.0,0.0,0.0,0.0,0.0,0.0,0.0,0.0,0.0,0.0,0.0,0.0,0.0,0.0,0.0,0.0,0.0,0.0,0.0,0.0,0.0,0.0,0.0,0.0,0.0,0.0,0.0,0.0,0.0,0.0,0.0,0.0,0.0,0.0,1.0,0.0,0.0,0.0,0.0,0.0,0.0,0.0,0.0,0.0,0.0,0.0,0.0,0.0,0.0,0.0,0.0,0.0,0.0,0.0,0.0,0.0,0.0,0.0,0.0,0.0,0.0,0.0,0.0,0.0,0.0,0.0,0.0,0.0,0.0,0.0,0.0,0.0,0.0,0.0,0.0,0.0,0.0,0.0,0.0,0.0,0.0,0.0,0.0,0.0,0.0,0.0,0.0,0.0,0.0,0.0,0.0,0.0,0.0,0.0,0.0,0.0,0.0,0.0,0.0,0.0,0.0,0.0,0.0,0.0,0.0,0.0,0.0,0.0,0.0,0.0,0.0,0.0,0.0,0.0,0.0,0.0,0.0,0.0,0.0,0.0,0.0,0.0,0.0,0.0,0.0,0.0,0.0,0.0,0.0,0.0,0.0,0.0,0.0,0.0,0.0,0.0,0.0,0.0,0.0,0.0,0.0,0.0,0.0,0.0,0.0,0.0,0.0,0.0,0.0,0.0,0.0,0.0,0.0,0.0,0.0,0.0,0.0,0.0,0.0,0.0,0.0,0.0,0.0,0.0,0.0,0.0,0.0,0.0,0.0,0.0,0.0,0.0,0.0,0.0,0.0,0.0,0.0,0.0,0.0,0.0,0.0,0.0,0.0,0.0,0.0,0.0,0.0,0.0,0.0,0.0,0.0,0.0,0.0,0.0,0.0,0.0,0.0,0.0,0.0,0.0,0.0,0.0,0.0,0.0,0.0,0.0,0.0,0.0,0.0,0.0,0.0,0.0,0.0,0.0,0.23863636363636365,0.0946969696969697,0.04924242424242424,0.030303030303030304,0.041666666666666664,0.003787878787878788,0.01893939393939394,0.0,0.007575757575757576,0.0,0.003787878787878788,0.0,0.003787878787878788,0.007575757575757576,0.0,0.0,0.0,0.003787878787878788,0.0,0.0,0.0,0.0,0.0,0.003787878787878788,0.0,0.003787878787878788,0.0,0.0,0.0,0.0,0.003787878787878788,0.0,0.0,0.0,0.0,0.0,0.0,0.0,0.0,0.0,0.007575757575757576,0.0,0.0,0.0,0.007575757575757576,0.003787878787878788,0.0,0.0,0.003787878787878788,0.03409090909090909,0.003787878787878788,0.003787878787878788,0.007575757575757576,0.0,0.0,0.0,0.0,0.015151515151515152,0.0,0.0,0.003787878787878788,0.0,0.0,0.0,0.003787878787878788,0.0,0.0,0.0,0.0,0.0,0.003787878787878788,0.003787878787878788,0.0,0.0,0.0,0.0,0.0,0.0,0.007575757575757576,0.0,0.0,0.0,0.0,0.0,0.0,0.0,0.0,0.0,0.0,0.0,0.0,0.0,0.0,0.0,0.0,0.0,0.0,0.011363636363636364,0.007575757575757576,0.01893939393939394,0.011363636363636364,0.026515151515151516,0.011363636363636364,0.003787878787878788,0.0,0.007575757575757576,0.0,0.0,0.015151515151515152,0.015151515151515152,0.030303030303030304,0.01893939393939394,0.003787878787878788,0.0,0.0,0.026515151515151516,0.011363636363636364,0.0,0.007575757575757576,0.0,0.0,0.007575757575757576,0.0,0.0,0.0,0.0,0.003787878787878788,0.0,0.011363636363636364,0.003787878787878788,0.0,0.0,0.0,0.0,0.0,0.0,0.0,0.0,0.0,0.0,0.0,0.0,0.0,0.003787878787878788,0.003787878787878788,0.0,0.0,0.0,0.0,0.0,0.0,0.0,0.0,0.0,0.0,0.0,0.0,0.0,0.0,0.0,0.0,0.0,0.003787878787878788,0.0,0.0,0.0,0.0,0.0,0.0,0.0,0.0,0.0,0.0,0.0,0.0,0.0,0.0,0.0,0.0,0.0,0.0,0.0,0.0,0.0,0.0,0.0,0.0,0.0,0.0,0.0,0.0,0.0,0.05303030303030303,0.0,0.0,0.0,0.0,0.0,0.0,0.0,0.0,0.0,0.0,0.0,0.007575757575757576,0.0,0.0,0.0,0.007575757575757576,0.0,0.0,0.0,0.030303030303030304,0.0,0.0,0.0,0.0,0.0,0.0,0.0,0.0,0.0,0.0,0.0,0.0,0.0,0.0,0.0,0.0,0.0,0.0,0.0,0.0,0.0,0.0,0.003787878787878788,0.0,0.0,0.0,0.0,0.0,0.0,0.0,0.0,0.0,0.0,0.0,0.0,0.0,0.0,0.003787878787878788,0.003787878787878788,0.0,0.0,0.0,0.0,4.716504
15,vimeo1,0,stream,131.202.240.150,131.202.6.3,64555,53,17,scs_str_NULL,server_name_str_NULL,0,http_content_type_NULL,http_user_agent_NULL,http_accept_language_NULL,http_server_NULL,http_code_NULL,dns_domain_name_NULL,dns_ttl_NULL,dns_num_ip_NULL,dns_domain_rank_NULL,32.0,0.0,232.0,0.0,191,1,1,32,232,32,32,232,232,1.382198952879581,0.0,0,191.0,0.0,0,191,0,0,191,191,0,0.005235602094240838,0.010471204188481676,64,60,0.0,0.0,0.0,0.0,0.0,0.0,0.0,0.0,0.0,0.0,0.0,0.0,0.0,0.0,0.0,0.0,0.0,0.0,0.0,0.0,0.0,0.0,0.0,0.0,0.0,0.0,0.0,0.0,0.0,0.0,0.0,0.0,0.0,0.0,0.0,0.0,0.0,0.0,0.0,0.0,0.0,0.0,0.0,0.0,0.0,0.0,0.0,0.0,0.0,0.0,0.0,0.0,0.0,0.0,0.0,0.0,0.0,0.0,0.0,0.0,0.0,0.0,0.0,0.0,0.0,0.0,0.0,0.0,0.0,0.0,0.0,0.0,0.0,0.0,0.0,0.0,0.0,0.0,0.0,0.0,0.0,0.0,0.0,0.0,0.0,0.0,0.0,0.0,0.0,0.0,0.0,0.0,0.0,0.0,0.0,0.0,0.0,0.0,0.0,0.0,0.0,0.0,0.0,0.0,0.0,0.0,0.0,0.0,0.0,0.0,0.0,0.0,0.0,0.0,0.0,0.0,0.0,0.0,0.0,0.0,0.0,0.0,0.0,0.0,0.0,0.0,0.0,0.0,0.0,0.0,0.0,0.0,0.0,0.0,0.0,0.0,0.0,0.0,0.0,0.0,0.0,0.0,0.0,0.0,0.0,0.0,0.0,0.0,0.0,0.0,0.0,0.0,0.0,0.0,0.0,0.0,0.0,0.0,0.0,0.0,0.0,0.0,0.0,0.0,0.0,0.0,0.0,0.0,0.0,0.0,0.0,0.0,0.0,0.0,0.0,0.0,0.0,0.0,0.0,0.0,0.0,0.0,0.0,0.0,0.0,0.0,0.0,0.0,0.0,0.0,0.0,0.0,0.0,0.0,0.0,0.0,0.0,0.0,0.0,0.0,0.0,0.0,0.0,0.0,0.0,0.0,0.0,0.0,0.0,0.0,0.0,0.0,0.0,0.0,0.0,0.0,0.0,0.0,0.0,0.0,1.0,0.0,0.0,0.0,0.0,0.0,0.0,0.0,0.0,0.0,0.0,0.0,0.0,0.0,0.0,0.0,0.0,0.0,0.0,0.0,0.0,0.0,0.0,0.0,0.0,0.0,0.0,0.0,0.0,0.0,0.0,0.0,0.0,0.0,0.0,0.0,0.0,0.0,0.0,0.0,0.0,0.0,0.0,0.0,0.0,0.0,0.0,0.0,0.0,0.0,0.0,0.0,0.0,0.0,0.0,0.0,0.0,0.0,0.0,0.0,0.0,0.0,0.0,0.0,0.0,0.0,0.0,0.0,0.0,0.0,0.0,0.0,0.0,0.0,0.0,0.0,0.0,0.0,0.0,0.0,0.0,0.0,0.0,0.0,0.0,0.0,0.0,0.0,0.0,0.0,0.0,0.0,0.0,0.0,0.0,0.0,0.0,0.0,0.0,0.0,0.0,0.0,0.0,0.0,0.0,0.0,0.0,0.0,0.0,0.0,0.0,0.0,0.0,0.0,0.0,0.0,0.0,0.0,0.0,0.0,0.0,0.0,0.0,0.0,0.0,0.0,0.0,0.0,0.0,0.0,0.0,0.0,0.0,0.0,0.0,0.0,0.0,0.0,0.0,0.0,0.0,0.0,0.0,0.0,0.0,0.0,0.0,0.0,0.0,0.0,0.0,0.0,0.0,0.0,0.0,0.0,0.0,0.0,0.0,0.0,0.0,0.0,0.0,0.0,0.0,0.0,0.0,0.0,0.0,0.0,0.0,0.0,0.0,0.0,0.0,0.0,0.0,0.0,0.0,0.0,0.23484848484848486,0.0946969696969697,0.04924242424242424,0.030303030303030304,0.041666666666666664,0.003787878787878788,0.01893939393939394,0.003787878787878788,0.011363636363636364,0.0,0.003787878787878788,0.0,0.003787878787878788,0.007575757575757576,0.0,0.0,0.0,0.003787878787878788,0.0,0.0,0.0,0.0,0.0,0.003787878787878788,0.0,0.003787878787878788,0.0,0.0,0.0,0.0,0.003787878787878788,0.0,0.0,0.0,0.0,0.0,0.0,0.0,0.0,0.0,0.0,0.0,0.0,0.0,0.007575757575757576,0.003787878787878788,0.0,0.0,0.003787878787878788,0.03409090909090909,0.003787878787878788,0.003787878787878788,0.007575757575757576,0.0,0.0,0.0,0.0,0.015151515151515152,0.0,0.0,0.0,0.0,0.0,0.0,0.003787878787878788,0.0,0.007575757575757576,0.0,0.0,0.0,0.003787878787878788,0.003787878787878788,0.0,0.0,0.0,0.0,0.0,0.0,0.007575757575757576,0.0,0.0,0.0,0.0,0.0,0.0,0.007575757575757576,0.0,0.0,0.0,0.0,0.0,0.0,0.0,0.0,0.0,0.0,0.0,0.011363636363636364,0.007575757575757576,0.01893939393939394,0.011363636363636364,0.026515151515151516,0.003787878787878788,0.003787878787878788,0.0,0.015151515151515152,0.0,0.0,0.015151515151515152,0.015151515151515152,0.030303030303030304,0.01893939393939394,0.003787878787878788,0.0,0.0,0.026515151515151516,0.011363636363636364,0.0,0.007575757575757576,0.0,0.0,0.007575757575757576,0.0,0.0,0.0,0.0,0.003787878787878788,0.0,0.003787878787878788,0.003787878787878788,0.0,0.0,0.0,0.0,0.0,0.0,0.0,0.0,0.0,0.0,0.0,0.0,0.0,0.003787878787878788,0.003787878787878788,0.0,0.0,0.0,0.0,0.0,0.0,0.0,0.0,0.0,0.0,0.0,0.0,0.0,0.0,0.0,0.0,0.0,0.003787878787878788,0.0,0.0,0.0,0.0,0.0,0.0,0.0,0.0,0.0,0.0,0.0,0.0,0.0,0.0,0.0,0.0,0.0,0.0,0.0,0.0,0.0,0.0,0.0,0.0,0.0,0.0,0.0,0.0,0.0,0.05303030303030303,0.0,0.0,0.0,0.0,0.0,0.0,0.0,0.0,0.0,0.0,0.0,0.007575757575757576,0.0,0.0,0.0,0.007575757575757576,0.0,0.0,0.0,0.030303030303030304,0.0,0.0,0.0,0.0,0.0,0.0,0.0,0.0,0.0,0.0,0.0,0.0,0.0,0.0,0.0,0.0,0.0,0.0,0.0,0.0,0.0,0.0,0.003787878787878788,0.0,0.0,0.0,0.0,0.0,0.0,0.0,0.0,0.0,0.0,0.0,0.0,0.0,0.0,0.003787878787878788,0.003787878787878788,0.0,0.0,0.0,0.0,4.73985
16,vimeo1,0,stream,131.202.240.150,131.202.6.3,21936,53,17,scs_str_NULL,server_name_str_NULL,0,http_content_type_NULL,http_user_agent_NULL,http_accept_language_NULL,http_server_NULL,http_code_NULL,dns_domain_name_NULL,dns_ttl_NULL,dns_num_ip_NULL,dns_domain_rank_NULL,34.0,0.0,250.0,0.0,99,1,1,34,250,34,34,250,250,2.8686868686868685,0.0,0,99.0,0.0,0,99,0,0,99,99,0,0.010101010101010102,0.020202020202020204,64,60,0.0,0.0,0.0,0.0,0.0,0.0,0.0,0.0,0.0,0.0,0.0,0.0,0.0,0.0,0.0,0.0,0.0,0.0,0.0,0.0,0.0,0.0,0.0,0.0,0.0,0.0,0.0,0.0,0.0,0.0,0.0,0.0,0.0,0.0,0.0,0.0,0.0,0.0,0.0,0.0,0.0,0.0,0.0,0.0,0.0,0.0,0.0,0.0,0.0,0.0,0.0,0.0,0.0,0.0,0.0,0.0,0.0,0.0,0.0,0.0,0.0,0.0,0.0,0.0,0.0,0.0,0.0,0.0,0.0,0.0,0.0,0.0,0.0,0.0,0.0,0.0,0.0,0.0,0.0,0.0,0.0,0.0,0.0,0.0,0.0,0.0,0.0,0.0,0.0,0.0,0.0,0.0,0.0,0.0,0.0,0.0,0.0,0.0,0.0,0.0,0.0,0.0,0.0,0.0,0.0,0.0,0.0,0.0,0.0,0.0,0.0,0.0,0.0,0.0,0.0,0.0,0.0,0.0,0.0,0.0,0.0,0.0,0.0,0.0,0.0,0.0,0.0,0.0,0.0,0.0,0.0,0.0,0.0,0.0,0.0,0.0,0.0,0.0,0.0,0.0,0.0,0.0,0.0,0.0,0.0,0.0,0.0,0.0,0.0,0.0,0.0,0.0,0.0,0.0,0.0,0.0,0.0,0.0,0.0,0.0,0.0,0.0,0.0,0.0,0.0,0.0,0.0,0.0,0.0,0.0,0.0,0.0,0.0,0.0,0.0,0.0,0.0,0.0,0.0,0.0,0.0,0.0,0.0,0.0,0.0,0.0,0.0,0.0,0.0,0.0,0.0,0.0,0.0,0.0,0.0,0.0,0.0,0.0,0.0,0.0,0.0,0.0,0.0,0.0,0.0,0.0,0.0,0.0,0.0,0.0,0.0,0.0,0.0,0.0,0.0,0.0,0.0,0.0,0.0,0.0,1.0,0.0,0.0,0.0,0.0,0.0,0.0,0.0,0.0,0.0,0.0,0.0,0.0,0.0,0.0,0.0,0.0,0.0,0.0,0.0,0.0,0.0,0.0,0.0,0.0,0.0,0.0,0.0,0.0,0.0,0.0,0.0,0.0,0.0,0.0,0.0,0.0,0.0,0.0,0.0,0.0,0.0,0.0,0.0,0.0,0.0,0.0,0.0,0.0,0.0,0.0,0.0,0.0,0.0,0.0,0.0,0.0,0.0,0.0,0.0,0.0,0.0,0.0,0.0,0.0,0.0,0.0,0.0,0.0,0.0,0.0,0.0,0.0,0.0,0.0,0.0,0.0,0.0,0.0,0.0,0.0,0.0,0.0,0.0,0.0,0.0,0.0,0.0,0.0,0.0,0.0,0.0,0.0,0.0,0.0,0.0,0.0,0.0,0.0,0.0,0.0,0.0,0.0,0.0,0.0,0.0,0.0,0.0,0.0,0.0,0.0,0.0,0.0,0.0,0.0,0.0,0.0,0.0,0.0,0.0,0.0,0.0,0.0,0.0,0.0,0.0,0.0,0.0,0.0,0.0,0.0,0.0,0.0,0.0,0.0,0.0,0.0,0.0,0.0,0.0,0.0,0.0,0.0,0.0,0.0,0.0,0.0,0.0,0.0,0.0,0.0,0.0,0.0,0.0,0.0,0.0,0.0,0.0,0.0,0.0,0.0,0.0,0.0,0.0,0.0,0.0,0.0,0.0,0.0,0.0,0.0,0.0,0.0,0.0,0.0,0.0,0.0,0.0,0.0,0.0,0.22887323943661972,0.09507042253521127,0.02112676056338028,0.014084507042253521,0.04225352112676056,0.01056338028169014,0.01056338028169014,0.007042253521126761,0.0,0.014084507042253521,0.0,0.0,0.014084507042253521,0.0,0.0,0.0,0.0,0.0,0.0035211267605633804,0.014084507042253521,0.0,0.0,0.0035211267605633804,0.01056338028169014,0.0,0.007042253521126761,0.0,0.0,0.0,0.0,0.014084507042253521,0.0,0.0,0.0035211267605633804,0.0,0.0,0.0,0.0035211267605633804,0.0,0.0,0.0,0.0,0.0,0.0,0.0,0.028169014084507043,0.0,0.0,0.007042253521126761,0.01056338028169014,0.007042253521126761,0.007042253521126761,0.01056338028169014,0.0035211267605633804,0.01056338028169014,0.0035211267605633804,0.014084507042253521,0.0,0.0,0.0,0.0,0.007042253521126761,0.0,0.0,0.0,0.0,0.0,0.0,0.0,0.0,0.0035211267605633804,0.0,0.0,0.0,0.0,0.0,0.0,0.0,0.0,0.0,0.0,0.0035211267605633804,0.0,0.0,0.0,0.0035211267605633804,0.0,0.0,0.0,0.0,0.0,0.0,0.0,0.0,0.0,0.0,0.0,0.02112676056338028,0.0,0.01056338028169014,0.014084507042253521,0.017605633802816902,0.0,0.0035211267605633804,0.007042253521126761,0.007042253521126761,0.0,0.0035211267605633804,0.007042253521126761,0.014084507042253521,0.035211267605633804,0.02112676056338028,0.02464788732394366,0.0,0.01056338028169014,0.04225352112676056,0.0035211267605633804,0.0035211267605633804,0.007042253521126761,0.014084507042253521,0.0,0.007042253521126761,0.0,0.0,0.0,0.0,0.0,0.0,0.0035211267605633804,0.0035211267605633804,0.0,0.0,0.0,0.0,0.0,0.0,0.0,0.0,0.0,0.0,0.0,0.0,0.0,0.0,0.0,0.0,0.0,0.0,0.0,0.0,0.0,0.0,0.0,0.0,0.0,0.0,0.007042253521126761,0.0,0.0,0.0,0.0,0.0,0.0,0.0,0.0,0.0,0.0,0.0,0.0,0.0,0.0,0.0,0.0,0.0,0.0,0.0,0.0,0.0,0.0,0.0,0.0,0.0,0.0,0.0,0.0,0.0,0.0,0.0,0.0,0.0,0.0,0.0,0.03873239436619718,0.0,0.0,0.0,0.0,0.0,0.0,0.0,0.0,0.0,0.0,0.0,0.0,0.0035211267605633804,0.0,0.0,0.0,0.0,0.0,0.0,0.0,0.0,0.0,0.0,0.0,0.014084507042253521,0.007042253521126761,0.0,0.0,0.0,0.0,0.0,0.0,0.0,0.0,0.0,0.0,0.0,0.0,0.0,0.0,0.0,0.0,0.007042253521126761,0.0,0.0,0.0,0.0,0.0,0.0,0.0,0.0,0.0,0.0,0.0,0.0,0.0,0.0,0.0,0.0035211267605633804,0.0,0.0,0.0,0.0,4.892784
17,vimeo1,0,stream,131.202.240.150,23.235.44.143,58969,443,6,c02f,001100000e692e76696d656f63646e2e636f6d,0,http_content_type_NULL,http_user_agent_NULL,http_accept_language_NULL,http_server_NULL,http_code_NULL,i.vimeocdn.com,1800,1,dns_domain_rank_NULL,488.0,197.24350432903995,2787.217391304348,3137.033408319862,805,6,23,2928,64106,591,51,16056,141,83.27204968944099,35.5,42.40577790820492,25.73913043478261,33.64031922417987,213,592,111,0,76,0,0.028169014084507043,0.03885135135135135,0.03602484472049689,64,48,0.0,0.0,0.0,0.0,0.0,0.0,0.0,0.0,0.0,0.0,0.058823529411764705,0.0,0.0,0.0,0.0,0.0,0.0,0.0,0.0,0.0,0.0,0.0,0.0,0.0,0.0,0.0,0.0,0.0,0.0,0.0,0.0,0.0,0.0,0.0,0.0,0.0,0.0,0.0,0.0,0.0,0.0,0.0,0.0,0.0,0.0,0.0,0.0,0.0,0.0,0.0,0.0,0.0,0.0,0.0,0.0,0.0,0.0,0.0,0.0,0.0,0.058823529411764705,0.0,0.0,0.0,0.0,0.0,0.0,0.0,0.0,0.0,0.0,0.0,0.0,0.058823529411764705,0.0,0.0,0.0,0.058823529411764705,0.058823529411764705,0.0,0.0,0.0,0.0,0.0,0.0,0.0,0.0,0.0,0.0,0.0,0.0,0.0,0.0,0.0,0.0,0.0,0.0,0.0,0.0,0.0,0.0,0.0,0.0,0.0,0.0,0.0,0.0,0.0,0.0,0.0,0.0,0.0,0.0,0.0,0.0,0.0,0.0,0.0,0.0,0.0,0.0,0.0,0.0,0.0,0.0,0.0,0.0,0.0,0.0,0.0,0.0,0.0,0.0,0.0,0.0,0.0,0.0,0.0,0.0,0.0,0.0,0.0,0.0,0.0,0.0,0.0,0.0,0.0,0.0,0.0,0.0,0.0,0.0,0.0,0.0,0.0,0.0,0.0,0.0,0.0,0.0,0.0,0.0,0.0,0.0,0.0,0.0,0.0,0.0,0.0,0.0,0.0,0.0,0.0,0.0,0.0,0.0,0.0,0.0,0.0,0.0,0.0,0.0,0.0,0.0,0.0,0.0,0.0,0.0,0.0,0.0,0.0,0.0,0.0,0.0,0.0,0.0,0.0,0.0,0.0,0.0,0.0,0.0,0.058823529411764705,0.0,0.0,0.0,0.0,0.0,0.0,0.0,0.0,0.0,0.0,0.0,0.0,0.0,0.0,0.0,0.0,0.0,0.0,0.0,0.0,0.0,0.0,0.0,0.0,0.0,0.0,0.0,0.0,0.0,0.0,0.0,0.0,0.0,0.0,0.0,0.0,0.0,0.0,0.0,0.0,0.0,0.0,0.0,0.0,0.0,0.0,0.0,0.0,0.0,0.0,0.0,0.0,0.0,0.0,0.0,0.0,0.0,0.0,0.0,0.0,0.0,0.0,0.0,0.0,0.0,0.0,0.0,0.0,0.0,0.0,0.0,0.0,0.0,0.0,0.058823529411764705,0.0,0.0,0.0,0.0,0.0,0.0,0.0,0.0,0.0,0.0,0.0,0.0,0.0,0.0,0.0,0.0,0.0,0.0,0.0,0.0,0.0,0.0,0.0,0.0,0.0,0.0,0.0,0.0,0.0,0.0,0.0,0.0,0.0,0.0,0.0,0.0,0.0,0.0,0.0,0.0,0.0,0.0,0.0,0.0,0.0,0.0,0.0,0.0,0.0,0.0,0.0,0.0,0.0,0.0,0.0,0.0,0.0,0.0,0.0,0.0,0.0,0.0,0.0,0.0,0.058823529411764705,0.0,0.0,0.0,0.0,0.0,0.0,0.0,0.0,0.0,0.0,0.0,0.0,0.0,0.0,0.0,0.0,0.0,0.0,0.0,0.11764705882352941,0.0,0.0,0.0,0.0,0.0,0.0,0.0,0.0,0.0,0.0,0.0,0.0,0.0,0.0,0.29411764705882354,0.058823529411764705,0.0,0.0,0.0,0.0,0.0,0.0,0.0,0.0,0.0,0.0,0.0,0.0,0.0,0.0,0.0,0.0,0.0,0.0,0.058823529411764705,0.0,0.006457206062599026,0.004484170876804879,0.0045738542943409765,0.004813010074437236,0.004005859316612358,0.0038563869540521956,0.004334698514244716,0.004155331679172521,0.00343786433888374,0.003587336701443903,0.0037368090640040657,0.0037069145914920333,0.003826492481540163,0.0037069145914920333,0.004005859316612358,0.0038563869540521956,0.003677020118980001,0.003647125646467968,0.004005859316612358,0.004035753789124391,0.004005859316612358,0.003946070371588293,0.004065648261636423,0.004304804041732684,0.003886281426564228,0.003886281426564228,0.004364592986756749,0.0039759648441003255,0.003946070371588293,0.004245015096708619,0.004065648261636423,0.0037368090640040657,0.003826492481540163,0.004185226151684553,0.004065648261636423,0.003826492481540163,0.0034976532839078056,0.003886281426564228,0.0037069145914920333,0.003886281426564228,0.004185226151684553,0.003766703536516098,0.003587336701443903,0.004125437206660488,0.0038563869540521956,0.004185226151684553,0.004364592986756749,0.003467758811395773,0.003826492481540163,0.0037965980090281307,0.004424381931780814,0.0039759648441003255,0.0037069145914920333,0.0038563869540521956,0.0037965980090281307,0.003886281426564228,0.0037368090640040657,0.003527547756419838,0.004095542734148456,0.004304804041732684,0.0037965980090281307,0.003647125646467968,0.004185226151684553,0.0037069145914920333,0.004155331679172521,0.0037069145914920333,0.003647125646467968,0.003647125646467968,0.004125437206660488,0.003647125646467968,0.003647125646467968,0.004215120624196586,0.0034079698663717077,0.0036172311739559354,0.0037368090640040657,0.004185226151684553,0.004005859316612358,0.004484170876804879,0.003886281426564228,0.003587336701443903,0.0037368090640040657,0.004125437206660488,0.0034976532839078056,0.0038563869540521956,0.003826492481540163,0.004005859316612358,0.0034976532839078056,0.004095542734148456,0.003677020118980001,0.004185226151684553,0.0033780753938596753,0.003677020118980001,0.0038563869540521956,0.003826492481540163,0.004035753789124391,0.004005859316612358,0.003946070371588293,0.004125437206660488,0.004035753789124391,0.0039161758990762605,0.004065648261636423,0.0037368090640040657,0.003467758811395773,0.004215120624196586,0.0037368090640040657,0.004185226151684553,0.004035753789124391,0.004065648261636423,0.003886281426564228,0.004215120624196586,0.0037965980090281307,0.004394487459268781,0.004065648261636423,0.003826492481540163,0.003946070371588293,0.004274909569220651,0.004245015096708619,0.004065648261636423,0.0038563869540521956,0.0037965980090281307,0.003527547756419838,0.003677020118980001,0.004035753789124391,0.004065648261636423,0.004005859316612358,0.003766703536516098,0.0039759648441003255,0.004035753789124391,0.003587336701443903,0.0039759648441003255,0.004065648261636423,0.003826492481540163,0.0037368090640040657,0.004035753789124391,0.003886281426564228,0.0037368090640040657,0.003826492481540163,0.004215120624196586,0.0037965980090281307,0.0039161758990762605,0.0037069145914920333,0.00343786433888374,0.004155331679172521,0.004005859316612358,0.0039759648441003255,0.003946070371588293,0.0037368090640040657,0.0038563869540521956,0.004095542734148456,0.00343786433888374,0.0034976532839078056,0.0037965980090281307,0.003946070371588293,0.004514065349316912,0.004304804041732684,0.004095542734148456,0.0038563869540521956,0.004155331679172521,0.003348180921347643,0.003677020118980001,0.0037368090640040657,0.004125437206660488,0.004274909569220651,0.003766703536516098,0.0035574422289318705,0.004095542734148456,0.004155331679172521,0.0037069145914920333,0.003826492481540163,0.004095542734148456,0.003766703536516098,0.003886281426564228,0.0037069145914920333,0.003766703536516098,0.004245015096708619,0.0037069145914920333,0.003766703536516098,0.003587336701443903,0.003946070371588293,0.0037368090640040657,0.004005859316612358,0.004095542734148456,0.003946070371588293,0.004005859316612358,0.0037965980090281307,0.004424381931780814,0.004005859316612358,0.004215120624196586,0.0037368090640040657,0.003946070371588293,0.0039161758990762605,0.003946070371588293,0.003946070371588293,0.003647125646467968,0.003886281426564228,0.004155331679172521,0.0039759648441003255,0.0038563869540521956,0.0039759648441003255,0.0037368090640040657,0.004005859316612358,0.003677020118980001,0.003886281426564228,0.003647125646467968,0.004364592986756749,0.0034079698663717077,0.0037965980090281307,0.004005859316612358,0.0038563869540521956,0.0036172311739559354,0.003886281426564228,0.003766703536516098,0.003826492481540163,0.0037368090640040657,0.004005859316612358,0.003826492481540163,0.0037368090640040657,0.003647125646467968,0.0038563869540521956,0.0037368090640040657,0.003826492481540163,0.004125437206660488,0.004005859316612358,0.003587336701443903,0.0037069145914920333,0.0038563869540521956,0.004005859316612358,0.003677020118980001,0.003826492481540163,0.003826492481540163,0.0033780753938596753,0.003886281426564228,0.004215120624196586,0.003467758811395773,0.0039161758990762605,0.003527547756419838,0.003587336701443903,0.0037069145914920333,0.0037965980090281307,0.004095542734148456,0.004155331679172521,0.004005859316612358,0.003886281426564228,0.003946070371588293,0.00343786433888374,0.003467758811395773,0.003886281426564228,0.004035753789124391,0.0036172311739559354,0.003826492481540163,0.0037069145914920333,0.0039759648441003255,0.0037368090640040657,0.004245015096708619,0.004065648261636423,0.0038563869540521956,4.490639
18,vimeo1,0,stream,131.202.240.150,23.235.44.143,58970,443,6,c02f,001100000e662e76696d656f63646e2e636f6d,0,http_content_type_NULL,http_user_agent_NULL,http_accept_language_NULL,http_server_NULL,http_code_NULL,i.vimeocdn.com,1800,1,dns_domain_rank_NULL,448.0,232.47580519271247,3648.125,3394.3608911509396,397,4,8,1792,29185,615,51,12042,141,78.02770780856423,26.5,30.376800358168072,36.375,36.3900312585741,106,291,74,0,75,0,0.03773584905660377,0.027491408934707903,0.030226700251889168,64,48,0.0,0.0,0.0,0.0,0.0,0.0,0.0,0.0,0.0,0.0,0.2,0.0,0.0,0.0,0.0,0.0,0.0,0.0,0.0,0.0,0.0,0.0,0.0,0.0,0.0,0.0,0.0,0.0,0.0,0.0,0.0,0.0,0.0,0.0,0.0,0.0,0.0,0.0,0.0,0.0,0.0,0.0,0.0,0.0,0.0,0.0,0.0,0.0,0.0,0.0,0.0,0.0,0.0,0.0,0.0,0.0,0.0,0.0,0.0,0.0,0.0,0.0,0.0,0.0,0.0,0.0,0.0,0.0,0.0,0.0,0.0,0.0,0.0,0.0,0.0,0.0,0.0,0.0,0.0,0.0,0.2,0.0,0.0,0.0,0.0,0.0,0.0,0.0,0.0,0.0,0.0,0.0,0.0,0.0,0.0,0.0,0.0,0.0,0.0,0.2,0.0,0.0,0.0,0.0,0.0,0.0,0.0,0.0,0.0,0.0,0.0,0.0,0.0,0.0,0.0,0.0,0.0,0.0,0.0,0.0,0.0,0.0,0.0,0.0,0.0,0.0,0.0,0.0,0.0,0.0,0.0,0.0,0.0,0.0,0.0,0.0,0.0,0.0,0.0,0.0,0.0,0.0,0.0,0.0,0.0,0.0,0.0,0.0,0.0,0.0,0.0,0.0,0.0,0.0,0.0,0.0,0.0,0.0,0.0,0.0,0.0,0.0,0.0,0.0,0.0,0.0,0.0,0.0,0.0,0.0,0.0,0.0,0.0,0.0,0.0,0.0,0.0,0.0,0.0,0.0,0.0,0.0,0.0,0.0,0.0,0.0,0.0,0.0,0.0,0.0,0.0,0.0,0.0,0.0,0.0,0.0,0.0,0.0,0.0,0.0,0.0,0.0,0.0,0.2,0.0,0.0,0.0,0.0,0.0,0.0,0.0,0.0,0.0,0.0,0.0,0.0,0.0,0.0,0.0,0.0,0.0,0.0,0.0,0.0,0.0,0.0,0.0,0.0,0.0,0.0,0.0,0.0,0.0,0.0,0.0,0.0,0.0,0.0,0.0,0.0,0.0,0.0,0.0,0.0,0.0,0.0,0.0,0.0,0.0,0.0,0.0,0.0,0.0,0.0,0.0,0.0,0.0,0.0,0.0,0.0,0.0,0.0,0.0,0.0,0.0,0.0,0.0,0.0,0.0,0.0,0.0,0.0,0.0,0.0,0.0,0.0,0.0,0.0,0.0,0.0,0.0,0.0,0.0,0.0,0.0,0.0,0.0,0.0,0.0,0.0,0.0,0.0,0.0,0.0,0.0,0.0,0.0,0.0,0.0,0.0,0.0,0.0,0.0,0.0,0.0,0.0,0.0,0.0,0.0,0.0,0.0,0.0,0.0,0.0,0.0,0.0,0.0,0.0,0.0,0.0,0.0,0.0,0.0,0.0,0.0,0.0,0.0,0.0,0.0,0.0,0.0,0.0,0.0,0.0,0.0,0.0,0.0,0.0,0.0,0.0,0.0,0.0,0.0,0.0,0.0,0.0,0.0,0.0,0.0,0.0,0.0,0.0,0.0,0.0,0.0,0.0,0.0,0.0,0.0,0.0,0.0,0.0,0.0,0.0,0.0,0.0,0.0,0.0,0.0,0.0,0.0,0.0,0.0,0.0,0.0,0.0,0.0,0.0,0.0,0.0,0.0,0.0,0.0,0.0,0.2,0.0,0.0,0.0,0.0,0.0,0.0,0.0,0.0,0.0,0.0,0.0,0.0,0.0,0.0,0.0,0.008362504861921432,0.004926747050434332,0.004148839621418384,0.005250875145857643,0.004537793335926358,0.004084014002333722,0.0034357578114870995,0.00401918838324906,0.00401918838324906,0.004408142097757034,0.003954362764164398,0.004408142097757034,0.003759885906910411,0.0036302346687410864,0.004408142097757034,0.0034357578114870995,0.004732270193180345,0.003500583430571762,0.0038895371450797353,0.004084014002333722,0.003824711525995073,0.0043433164786723715,0.0033709321924024374,0.004213665240503046,0.0038895371450797353,0.0029819784778944637,0.003695060287825749,0.004472967716841696,0.004084014002333722,0.0033061065733177753,0.0036302346687410864,0.004213665240503046,0.004472967716841696,0.0031764553351484506,0.0035654090496564242,0.004278490859587709,0.004148839621418384,0.0038895371450797353,0.0035654090496564242,0.0035654090496564242,0.004084014002333722,0.0043433164786723715,0.0033061065733177753,0.003954362764164398,0.003824711525995073,0.0043433164786723715,0.003954362764164398,0.0034357578114870995,0.0033709321924024374,0.00401918838324906,0.003759885906910411,0.003954362764164398,0.003759885906910411,0.003695060287825749,0.0043433164786723715,0.003954362764164398,0.004213665240503046,0.0034357578114870995,0.00401918838324906,0.0038895371450797353,0.004213665240503046,0.0033709321924024374,0.0035654090496564242,0.004084014002333722,0.0033061065733177753,0.004084014002333722,0.004084014002333722,0.003954362764164398,0.0038895371450797353,0.0043433164786723715,0.0036302346687410864,0.003695060287825749,0.0043433164786723715,0.0036302346687410864,0.004278490859587709,0.00401918838324906,0.004278490859587709,0.004084014002333722,0.004084014002333722,0.0033709321924024374,0.003824711525995073,0.003759885906910411,0.003824711525995073,0.0033709321924024374,0.004213665240503046,0.003695060287825749,0.0035654090496564242,0.003759885906910411,0.00401918838324906,0.003695060287825749,0.00401918838324906,0.0031116297160637884,0.005121223907688318,0.0034357578114870995,0.004084014002333722,0.004084014002333722,0.0043433164786723715,0.003695060287825749,0.004408142097757034,0.004278490859587709,0.0043433164786723715,0.00401918838324906,0.0036302346687410864,0.00401918838324906,0.0038895371450797353,0.004084014002333722,0.003954362764164398,0.0036302346687410864,0.004213665240503046,0.0038895371450797353,0.00401918838324906,0.003824711525995073,0.003824711525995073,0.004148839621418384,0.003500583430571762,0.003824711525995073,0.003695060287825749,0.004537793335926358,0.004408142097757034,0.003759885906910411,0.003954362764164398,0.0038895371450797353,0.0038895371450797353,0.003759885906910411,0.004084014002333722,0.004278490859587709,0.003954362764164398,0.0043433164786723715,0.003695060287825749,0.0034357578114870995,0.0043433164786723715,0.00401918838324906,0.0035654090496564242,0.0035654090496564242,0.004148839621418384,0.0038895371450797353,0.004213665240503046,0.0043433164786723715,0.004408142097757034,0.0034357578114870995,0.004278490859587709,0.0038895371450797353,0.003954362764164398,0.0038895371450797353,0.004472967716841696,0.004278490859587709,0.0036302346687410864,0.00460261895501102,0.0030468040969791263,0.004278490859587709,0.00401918838324906,0.00401918838324906,0.003759885906910411,0.004667444574095682,0.003241280954233113,0.003500583430571762,0.0031116297160637884,0.0034357578114870995,0.003954362764164398,0.004084014002333722,0.0030468040969791263,0.0034357578114870995,0.003500583430571762,0.003954362764164398,0.003759885906910411,0.0036302346687410864,0.003500583430571762,0.003241280954233113,0.004472967716841696,0.003824711525995073,0.0033709321924024374,0.00401918838324906,0.004278490859587709,0.004084014002333722,0.003695060287825749,0.003695060287825749,0.003954362764164398,0.0035654090496564242,0.0034357578114870995,0.003954362764164398,0.0038895371450797353,0.003824711525995073,0.003954362764164398,0.003954362764164398,0.004213665240503046,0.004408142097757034,0.0035654090496564242,0.0036302346687410864,0.003241280954233113,0.004472967716841696,0.003500583430571762,0.003241280954233113,0.004213665240503046,0.003824711525995073,0.004991572669518994,0.003500583430571762,0.0036302346687410864,0.003824711525995073,0.003824711525995073,0.003500583430571762,0.0036302346687410864,0.0038895371450797353,0.0036302346687410864,0.0031764553351484506,0.003759885906910411,0.003695060287825749,0.003759885906910411,0.003759885906910411,0.003695060287825749,0.004213665240503046,0.0033709321924024374,0.0036302346687410864,0.0035654090496564242,0.003954362764164398,0.004148839621418384,0.00401918838324906,0.0043433164786723715,0.0038895371450797353,0.004148839621418384,0.004278490859587709,0.004472967716841696,0.004537793335926358,0.004213665240503046,0.0034357578114870995,0.0033709321924024374,0.003500583430571762,0.003500583430571762,0.004213665240503046,0.0030468040969791263,0.004213665240503046,0.004408142097757034,0.0043433164786723715,0.0036302346687410864,0.0034357578114870995,0.003824711525995073,0.003759885906910411,0.003954362764164398,0.003241280954233113,0.0033709321924024374,0.003954362764164398,0.003824711525995073,0.004537793335926358,0.0034357578114870995,0.003824711525995073,0.003759885906910411,0.003824711525995073,0.0036302346687410864,0.0038895371450797353,0.0034357578114870995,0.003759885906910411,0.003759885906910411,0.003824711525995073,0.00401918838324906,0.00401918838324906,0.003759885906910411,0.0035654090496564242,4.479843
19,vimeo1,0,stream,131.202.240.150,23.235.44.143,58971,443,6,c02f,001100000e662e76696d656f63646e2e636f6d,0,http_content_type_NULL,http_user_agent_NULL,http_accept_language_NULL,http_server_NULL,http_code_NULL,i.vimeocdn.com,1800,1,dns_domain_rank_NULL,474.2,214.1489201467054,1808.0,1638.6827026608903,397,5,6,2371,10848,610,51,4076,141,33.297229219143574,19.2,28.414081016284864,50.166666666666664,35.50312975249115,96,301,74,0,77,0,0.052083333333333336,0.019933554817275746,0.027707808564231738,64,48,0.0,0.0,0.0,0.0,0.0,0.0,0.0,0.0,0.0,0.0,0.125,0.0,0.0,0.0,0.0,0.0,0.0,0.0,0.0,0.0,0.0,0.0,0.0,0.0,0.0,0.0,0.0,0.0,0.0,0.0,0.0,0.0,0.0,0.0,0.0,0.0,0.0,0.0,0.0,0.0,0.0,0.0,0.0,0.0,0.0,0.0,0.0,0.0,0.0,0.0,0.0,0.0,0.0,0.0,0.0,0.0,0.0,0.0,0.0,0.0,0.0,0.0,0.0,0.0,0.0,0.0,0.0,0.0,0.0,0.0,0.0,0.125,0.0,0.0,0.0,0.0,0.0,0.0,0.0,0.125,0.125,0.0,0.0,0.0,0.0,0.0,0.0,0.0,0.0,0.0,0.0,0.0,0.0,0.0,0.0,0.0,0.0,0.0,0.0,0.0,0.0,0.0,0.0,0.0,0.0,0.0,0.0,0.0,0.0,0.0,0.0,0.0,0.0,0.0,0.0,0.0,0.0,0.0,0.0,0.0,0.0,0.0,0.0,0.0,0.0,0.0,0.0,0.0,0.0,0.0,0.0,0.0,0.0,0.0,0.0,0.0,0.0,0.0,0.0,0.0,0.0,0.0,0.0,0.0,0.0,0.0,0.0,0.0,0.0,0.0,0.0,0.0,0.0,0.0,0.0,0.0,0.0,0.0,0.0,0.0,0.0,0.0,0.0,0.0,0.0,0.0,0.0,0.0,0.0,0.0,0.0,0.0,0.0,0.0,0.0,0.0,0.0,0.0,0.0,0.0,0.0,0.0,0.0,0.0,0.0,0.0,0.0,0.0,0.0,0.0,0.0,0.0,0.0,0.0,0.0,0.0,0.0,0.0,0.0,0.0,0.0,0.0,0.0,0.125,0.0,0.0,0.0,0.0,0.0,0.0,0.0,0.0,0.0,0.0,0.0,0.0,0.0,0.0,0.0,0.0,0.0,0.0,0.0,0.0,0.125,0.0,0.0,0.0,0.0,0.0,0.0,0.0,0.0,0.0,0.0,0.0,0.0,0.0,0.0,0.0,0.0,0.0,0.0,0.0,0.0,0.0,0.0,0.0,0.0,0.0,0.0,0.0,0.0,0.0,0.0,0.0,0.0,0.0,0.0,0.0,0.0,0.0,0.0,0.0,0.0,0.0,0.0,0.0,0.0,0.0,0.0,0.0,0.0,0.0,0.0,0.0,0.0,0.0,0.0,0.0,0.0,0.0,0.0,0.0,0.0,0.0,0.0,0.0,0.0,0.0,0.0,0.0,0.0,0.0,0.0,0.0,0.0,0.0,0.0,0.0,0.0,0.0,0.0,0.0,0.0,0.0,0.0,0.0,0.0,0.0,0.0,0.0,0.0,0.0,0.0,0.0,0.0,0.0,0.0,0.0,0.0,0.0,0.0,0.125,0.0,0.0,0.0,0.0,0.0,0.0,0.0,0.0,0.0,0.0,0.0,0.0,0.0,0.0,0.0,0.0,0.0,0.0,0.0,0.0,0.0,0.0,0.0,0.0,0.0,0.0,0.0,0.0,0.0,0.0,0.0,0.0,0.0,0.0,0.0,0.0,0.0,0.0,0.0,0.0,0.0,0.0,0.0,0.0,0.0,0.0,0.0,0.0,0.0,0.0,0.0,0.0,0.0,0.0,0.0,0.0,0.0,0.0,0.0,0.125,0.0,0.0,0.0,0.0,0.0,0.0,0.0,0.0,0.0,0.0,0.0,0.0,0.0,0.0,0.0,0.0,0.0161888191239882,0.005295408124669037,0.005144110749678493,0.007640517437022468,0.004387623874725774,0.004311975187230502,0.0040850291247446855,0.0040850291247446855,0.004160677812239957,0.0040850291247446855,0.0031772448748014223,0.0037824343747635976,0.004236326499735229,0.003706785687268326,0.005598002874650124,0.004236326499735229,0.003252893562296694,0.003555488312277782,0.0027233527498297903,0.003706785687268326,0.0037824343747635976,0.0040850291247446855,0.00347983962478251,0.004463272562221046,0.003404190937287238,0.00385808306225887,0.004463272562221046,0.004009380437249414,0.0024964066873439748,0.005144110749678493,0.00347983962478251,0.004009380437249414,0.00385808306225887,0.003933731749754142,0.003555488312277782,0.00347983962478251,0.003404190937287238,0.0031772448748014223,0.004463272562221046,0.003252893562296694,0.003328542249791966,0.003555488312277782,0.003555488312277782,0.00385808306225887,0.003631136999773054,0.003555488312277782,0.004236326499735229,0.004614569937211589,0.004160677812239957,0.004311975187230502,0.003933731749754142,0.003404190937287238,0.0040850291247446855,0.0045389212497163175,0.004236326499735229,0.0049928133746879495,0.003252893562296694,0.004009380437249414,0.0031772448748014223,0.0040850291247446855,0.004311975187230502,0.004614569937211589,0.003706785687268326,0.004160677812239957,0.003404190937287238,0.003555488312277782,0.003252893562296694,0.004160677812239957,0.0037824343747635976,0.003404190937287238,0.003404190937287238,0.0045389212497163175,0.003706785687268326,0.0029502988123156063,0.004463272562221046,0.003631136999773054,0.00347983962478251,0.003933731749754142,0.003328542249791966,0.003933731749754142,0.004463272562221046,0.003631136999773054,0.00310159618730615,0.004311975187230502,0.00347983962478251,0.0045389212497163175,0.003404190937287238,0.0031772448748014223,0.0037824343747635976,0.003252893562296694,0.003404190937287238,0.003631136999773054,0.004463272562221046,0.004387623874725774,0.00310159618730615,0.004311975187230502,0.003555488312277782,0.003706785687268326,0.003328542249791966,0.003706785687268326,0.003631136999773054,0.004009380437249414,0.003252893562296694,0.003252893562296694,0.003933731749754142,0.003404190937287238,0.003404190937287238,0.003328542249791966,0.003933731749754142,0.004311975187230502,0.00347983962478251,0.004160677812239957,0.004690218624706861,0.004009380437249414,0.0040850291247446855,0.00347983962478251,0.003706785687268326,0.004160677812239957,0.003404190937287238,0.0031772448748014223,0.003404190937287238,0.003933731749754142,0.0040850291247446855,0.003328542249791966,0.00347983962478251,0.004009380437249414,0.0040850291247446855,0.003252893562296694,0.0031772448748014223,0.003631136999773054,0.00310159618730615,0.003706785687268326,0.0026477040623345185,0.00310159618730615,0.0037824343747635976,0.003252893562296694,0.004236326499735229,0.003706785687268326,0.004160677812239957,0.003252893562296694,0.003328542249791966,0.004387623874725774,0.004614569937211589,0.004917164687192677,0.0031772448748014223,0.003706785687268326,0.0040850291247446855,0.0027233527498297903,0.004009380437249414,0.003933731749754142,0.003404190937287238,0.0037824343747635976,0.003404190937287238,0.003706785687268326,0.003706785687268326,0.004614569937211589,0.003933731749754142,0.004236326499735229,0.0040850291247446855,0.004009380437249414,0.004160677812239957,0.0029502988123156063,0.004160677812239957,0.003631136999773054,0.003933731749754142,0.003555488312277782,0.005068462062183221,0.0037824343747635976,0.004236326499735229,0.004311975187230502,0.004009380437249414,0.00385808306225887,0.003404190937287238,0.0026477040623345185,0.003706785687268326,0.00310159618730615,0.00310159618730615,0.00385808306225887,0.00347983962478251,0.004463272562221046,0.003933731749754142,0.004236326499735229,0.00385808306225887,0.0040850291247446855,0.00347983962478251,0.004009380437249414,0.00385808306225887,0.003706785687268326,0.00310159618730615,0.003555488312277782,0.0029502988123156063,0.002799001437325062,0.004160677812239957,0.0027233527498297903,0.004236326499735229,0.0037824343747635976,0.004311975187230502,0.003555488312277782,0.003706785687268326,0.003933731749754142,0.004765867312202133,0.0040850291247446855,0.003404190937287238,0.0031772448748014223,0.0037824343747635976,0.003933731749754142,0.005673651562145397,0.003404190937287238,0.00385808306225887,0.004463272562221046,0.003706785687268326,0.005068462062183221,0.0037824343747635976,0.004614569937211589,0.003933731749754142,0.003706785687268326,0.004160677812239957,0.003404190937287238,0.004160677812239957,0.0037824343747635976,0.0029502988123156063,0.003706785687268326,0.003631136999773054,0.003252893562296694,0.004009380437249414,0.0037824343747635976,0.004765867312202133,0.0045389212497163175,0.0037824343747635976,0.003706785687268326,0.003328542249791966,0.003706785687268326,0.004311975187230502,0.004463272562221046,0.004690218624706861,0.003328542249791966,0.004009380437249414,0.004614569937211589,0.005068462062183221,0.004690218624706861,0.003252893562296694,0.003328542249791966,0.00385808306225887,0.00385808306225887,0.00347983962478251,0.004311975187230502,0.0040850291247446855,0.005068462062183221,0.003328542249791966,0.004387623874725774,0.00347983962478251,0.00385808306225887,0.005371056812164309,0.004160677812239957,0.003555488312277782,0.003933731749754142,7.968108
20,vimeo1,0,stream,131.202.240.150,23.235.44.143,58972,443,6,c02f,001100000e662e76696d656f63646e2e636f6d,0,http_content_type_NULL,http_user_agent_NULL,http_accept_language_NULL,http_server_NULL,http_code_NULL,i.vimeocdn.com,1800,1,dns_domain_rank_NULL,447.25,232.63745936542549,2702.5714285714284,1821.388093667877,751,4,35,1789,94590,636,51,8028,141,128.33422103861517,58.25,65.54530875661507,14.8,29.20254392049727,233,518,159,0,79,0,0.017167381974248927,0.06756756756756757,0.05193075898801598,64,48,0.0,0.0,0.0,0.0,0.0,0.0,0.0,0.0,0.0,0.0,0.058823529411764705,0.0,0.0,0.0,0.0,0.0,0.0,0.0,0.0,0.0,0.0,0.0,0.0,0.0,0.0,0.0,0.0,0.0,0.0,0.0,0.0,0.0,0.0,0.0,0.0,0.0,0.0,0.0,0.0,0.0,0.0,0.0,0.0,0.0,0.0,0.0,0.0,0.0,0.0,0.0,0.0,0.0,0.0,0.0,0.0,0.0,0.0,0.0,0.0,0.0,0.058823529411764705,0.0,0.0,0.0,0.0,0.0,0.0,0.0,0.0,0.0,0.0,0.0,0.0,0.0,0.0,0.0,0.0,0.0,0.0,0.0,0.0,0.0,0.0,0.0,0.0,0.0,0.0,0.0,0.0,0.0,0.0,0.0,0.0,0.0,0.0,0.0,0.0,0.0,0.058823529411764705,0.0,0.0,0.0,0.0,0.0,0.0,0.0,0.0,0.0,0.0,0.0,0.0,0.0,0.0,0.0,0.0,0.0,0.0,0.0,0.0,0.0,0.0,0.0,0.0,0.0,0.0,0.0,0.0,0.0,0.0,0.0,0.0,0.0,0.0,0.0,0.0,0.0,0.0,0.0,0.0,0.0,0.0,0.0,0.0,0.0,0.0,0.0,0.0,0.0,0.0,0.0,0.0,0.0,0.0,0.0,0.0,0.0,0.0,0.0,0.0,0.0,0.0,0.0,0.0,0.0,0.0,0.0,0.0,0.0,0.0,0.0,0.0,0.0,0.0,0.0,0.0,0.0,0.0,0.0,0.0,0.0,0.0,0.0,0.0,0.0,0.0,0.0,0.0,0.0,0.0,0.0,0.0,0.0,0.0,0.0,0.0,0.0,0.0,0.0,0.0,0.0,0.0,0.0,0.0,0.058823529411764705,0.0,0.0,0.0,0.0,0.0,0.0,0.0,0.0,0.0,0.0,0.0,0.0,0.0,0.0,0.0,0.0,0.0,0.0,0.0,0.0,0.0,0.0,0.0,0.0,0.0,0.0,0.0,0.0,0.0,0.0,0.0,0.0,0.0,0.0,0.0,0.0,0.0,0.0,0.0,0.0,0.0,0.0,0.0,0.0,0.0,0.0,0.0,0.0,0.0,0.0,0.0,0.0,0.0,0.0,0.0,0.0,0.0,0.0,0.0,0.0,0.0,0.0,0.0,0.0,0.0,0.0,0.0,0.0,0.0,0.0,0.0,0.0,0.0,0.0,0.0,0.0,0.0,0.0,0.0,0.0,0.0,0.0,0.0,0.0,0.0,0.0,0.0,0.0,0.0,0.0,0.0,0.0,0.0,0.0,0.0,0.0,0.0,0.0,0.0,0.0,0.0,0.0,0.0,0.0,0.0,0.0,0.0,0.0,0.0,0.0,0.0,0.0,0.0,0.0,0.0,0.0,0.0,0.0,0.0,0.0,0.0,0.0,0.0,0.0,0.0,0.0,0.0,0.0,0.0,0.0,0.0,0.0,0.0,0.0,0.0,0.0,0.0,0.0,0.0,0.0,0.0,0.0,0.0,0.0,0.0,0.0,0.0,0.0,0.0,0.0,0.0,0.0,0.0,0.0,0.0,0.0,0.0,0.0,0.0,0.058823529411764705,0.058823529411764705,0.0,0.0,0.0,0.0,0.0,0.0,0.0,0.0,0.0,0.0,0.0,0.0,0.0,0.6470588235294118,0.0,0.0,0.0,0.0,0.0,0.0,0.0,0.0,0.0,0.0,0.0,0.0,0.0,0.0,0.0,0.0,0.0,0.0,0.0,0.0,0.0,0.005500916819469912,0.004084014002333722,0.004500750125020837,0.004667444574095682,0.003958993165527588,0.004042340390065011,0.004084014002333722,0.0036672778796466078,0.0038339723287214534,0.003708951491915319,0.003917319553258876,0.003958993165527588,0.0041256876146024335,0.0040006667777962995,0.004209034839139857,0.004042340390065011,0.0041256876146024335,0.003958993165527588,0.0042923820636772796,0.003792298716452742,0.003875645940990165,0.003875645940990165,0.0038339723287214534,0.004375729288214702,0.004042340390065011,0.003958993165527588,0.004042340390065011,0.0036256042673778965,0.003875645940990165,0.0036672778796466078,0.003875645940990165,0.003917319553258876,0.0038339723287214534,0.003917319553258876,0.003417236206034339,0.004084014002333722,0.004042340390065011,0.0035422570428404734,0.003917319553258876,0.0036672778796466078,0.003875645940990165,0.0038339723287214534,0.004042340390065011,0.003792298716452742,0.004375729288214702,0.0040006667777962995,0.0042923820636772796,0.0041256876146024335,0.003750625104184031,0.0038339723287214534,0.003708951491915319,0.003958993165527588,0.004209034839139857,0.003917319553258876,0.003417236206034339,0.003750625104184031,0.003792298716452742,0.003917319553258876,0.003792298716452742,0.0035839306551091847,0.004209034839139857,0.003792298716452742,0.003958993165527588,0.003708951491915319,0.004042340390065011,0.0038339723287214534,0.0041256876146024335,0.003708951491915319,0.0040006667777962995,0.003750625104184031,0.003750625104184031,0.004167361226871145,0.003917319553258876,0.0038339723287214534,0.004084014002333722,0.003958993165527588,0.003792298716452742,0.0036672778796466078,0.003792298716452742,0.004042340390065011,0.0038339723287214534,0.003958993165527588,0.0038339723287214534,0.0042923820636772796,0.004084014002333722,0.0040006667777962995,0.003500583430571762,0.003917319553258876,0.004084014002333722,0.003875645940990165,0.0038339723287214534,0.004167361226871145,0.0041256876146024335,0.0038339723287214534,0.003958993165527588,0.004209034839139857,0.0038339723287214534,0.004042340390065011,0.004084014002333722,0.003917319553258876,0.004084014002333722,0.0040006667777962995,0.003875645940990165,0.0038339723287214534,0.004084014002333722,0.003917319553258876,0.003917319553258876,0.004084014002333722,0.0035422570428404734,0.004250708451408568,0.0042923820636772796,0.0035839306551091847,0.003750625104184031,0.003958993165527588,0.003708951491915319,0.003917319553258876,0.0038339723287214534,0.0036672778796466078,0.0044174029004834135,0.0038339723287214534,0.004209034839139857,0.0035839306551091847,0.004209034839139857,0.004167361226871145,0.0032088681446907816,0.003792298716452742,0.003708951491915319,0.003708951491915319,0.003708951491915319,0.003708951491915319,0.0040006667777962995,0.0038339723287214534,0.003750625104184031,0.003792298716452742,0.0035422570428404734,0.0035422570428404734,0.003958993165527588,0.003750625104184031,0.003708951491915319,0.003792298716452742,0.004042340390065011,0.0041256876146024335,0.0041256876146024335,0.0040006667777962995,0.0040006667777962995,0.0036256042673778965,0.003750625104184031,0.003958993165527588,0.003917319553258876,0.003750625104184031,0.003708951491915319,0.0035839306551091847,0.003792298716452742,0.003958993165527588,0.004042340390065011,0.003875645940990165,0.003958993165527588,0.003750625104184031,0.0041256876146024335,0.0035839306551091847,0.003708951491915319,0.0041256876146024335,0.0041256876146024335,0.0038339723287214534,0.0044174029004834135,0.0036672778796466078,0.003708951491915319,0.004209034839139857,0.0036672778796466078,0.003708951491915319,0.003792298716452742,0.004375729288214702,0.0040006667777962995,0.0036256042673778965,0.0036672778796466078,0.0036256042673778965,0.003917319553258876,0.0035422570428404734,0.003875645940990165,0.004084014002333722,0.003875645940990165,0.0038339723287214534,0.003958993165527588,0.0038339723287214534,0.003750625104184031,0.003917319553258876,0.003875645940990165,0.003792298716452742,0.003875645940990165,0.0040006667777962995,0.004334055675945991,0.003750625104184031,0.0038339723287214534,0.003792298716452742,0.004084014002333722,0.004167361226871145,0.0040006667777962995,0.003875645940990165,0.003917319553258876,0.003958993165527588,0.004459076512752126,0.0041256876146024335,0.003917319553258876,0.0036672778796466078,0.003792298716452742,0.003708951491915319,0.003750625104184031,0.0038339723287214534,0.0034589098183030503,0.004042340390065011,0.003875645940990165,0.0040006667777962995,0.0038339723287214534,0.003333888981496916,0.004084014002333722,0.0036672778796466078,0.003917319553258876,0.0036672778796466078,0.0038339723287214534,0.003875645940990165,0.003500583430571762,0.003708951491915319,0.003750625104184031,0.004209034839139857,0.004042340390065011,0.004042340390065011,0.003750625104184031,0.003875645940990165,0.003792298716452742,0.003750625104184031,0.004334055675945991,0.003875645940990165,0.0036256042673778965,0.0038339723287214534,0.0042923820636772796,0.0038339723287214534,0.0040006667777962995,0.003792298716452742,0.003875645940990165,0.0035839306551091847,0.003917319553258876,0.003708951491915319,0.003750625104184031,0.004084014002333722,0.003875645940990165,0.0036672778796466078,0.003750625104184031,0.003958993165527588,0.003792298716452742,0.003750625104184031,0.003875645940990165,0.0041256876146024335,0.004250708451408568,0.0038339723287214534,0.003917319553258876,0.004042340390065011,2.490581
21,vimeo1,0,stream,131.202.240.150,23.235.44.143,58973,443,6,c02f,001100000e662e76696d656f63646e2e636f6d,0,http_content_type_NULL,http_user_agent_NULL,http_accept_language_NULL,http_server_NULL,http_code_NULL,i.vimeocdn.com,1800,1,dns_domain_rank_NULL,392.3333333333333,244.26397378428302,1237.3333333333333,857.0166600221698,225,3,3,1177,3712,609,51,2233,141,21.72888888888889,24.666666666666668,34.883934538536344,50.333333333333336,35.64952859280034,74,151,74,0,78,0,0.04054054054054054,0.019867549668874173,0.02666666666666667,64,48,0.0,0.0,0.0,0.0,0.0,0.0,0.0,0.0,0.0,0.0,0.25,0.0,0.0,0.0,0.0,0.0,0.0,0.0,0.0,0.0,0.0,0.0,0.0,0.0,0.0,0.0,0.0,0.0,0.0,0.0,0.0,0.0,0.0,0.0,0.0,0.0,0.0,0.0,0.0,0.0,0.0,0.0,0.0,0.0,0.0,0.0,0.0,0.0,0.0,0.0,0.0,0.0,0.0,0.0,0.0,0.0,0.0,0.0,0.0,0.0,0.0,0.0,0.0,0.0,0.0,0.0,0.0,0.0,0.0,0.0,0.0,0.0,0.0,0.0,0.0,0.0,0.0,0.0,0.0,0.0,0.25,0.0,0.0,0.0,0.0,0.0,0.0,0.0,0.0,0.0,0.0,0.0,0.0,0.0,0.0,0.0,0.0,0.0,0.0,0.0,0.0,0.0,0.0,0.0,0.0,0.0,0.0,0.0,0.0,0.0,0.0,0.0,0.0,0.0,0.0,0.0,0.0,0.0,0.0,0.0,0.0,0.0,0.0,0.0,0.0,0.0,0.0,0.0,0.0,0.0,0.0,0.0,0.0,0.0,0.0,0.0,0.0,0.0,0.0,0.0,0.0,0.0,0.0,0.0,0.0,0.0,0.0,0.0,0.0,0.0,0.0,0.0,0.0,0.0,0.0,0.0,0.0,0.0,0.0,0.0,0.0,0.0,0.0,0.0,0.0,0.0,0.0,0.0,0.0,0.0,0.0,0.0,0.0,0.0,0.0,0.0,0.0,0.0,0.0,0.0,0.0,0.0,0.0,0.0,0.0,0.0,0.0,0.0,0.0,0.0,0.0,0.0,0.0,0.0,0.0,0.0,0.0,0.0,0.0,0.0,0.0,0.0,0.0,0.25,0.0,0.0,0.0,0.0,0.0,0.0,0.0,0.0,0.0,0.0,0.0,0.0,0.0,0.0,0.0,0.0,0.0,0.0,0.0,0.0,0.0,0.0,0.0,0.0,0.0,0.0,0.0,0.0,0.0,0.0,0.0,0.0,0.0,0.0,0.0,0.0,0.0,0.0,0.0,0.0,0.0,0.0,0.0,0.0,0.0,0.0,0.0,0.0,0.0,0.0,0.0,0.0,0.0,0.0,0.0,0.0,0.0,0.0,0.0,0.0,0.0,0.0,0.0,0.0,0.0,0.0,0.0,0.0,0.0,0.0,0.0,0.0,0.0,0.0,0.0,0.0,0.0,0.0,0.0,0.0,0.0,0.0,0.0,0.0,0.0,0.0,0.0,0.0,0.0,0.0,0.0,0.0,0.0,0.0,0.0,0.0,0.0,0.0,0.0,0.0,0.0,0.0,0.0,0.0,0.0,0.0,0.0,0.0,0.0,0.0,0.0,0.0,0.0,0.0,0.0,0.0,0.0,0.0,0.0,0.0,0.0,0.0,0.0,0.0,0.0,0.0,0.0,0.0,0.0,0.0,0.0,0.0,0.0,0.0,0.0,0.0,0.0,0.0,0.0,0.0,0.0,0.0,0.0,0.0,0.0,0.0,0.0,0.0,0.0,0.0,0.0,0.0,0.0,0.0,0.0,0.0,0.0,0.0,0.0,0.0,0.25,0.0,0.0,0.0,0.0,0.0,0.0,0.0,0.0,0.0,0.0,0.0,0.0,0.0,0.0,0.0,0.0,0.0,0.0,0.0,0.0,0.0,0.0,0.0,0.0,0.0,0.0,0.0,0.0,0.0,0.0,0.0,0.0,0.0,0.0,0.0,0.03334015136019636,0.006136224176723257,0.005318060953160155,0.008181632235631009,0.004908979341378605,0.005318060953160155,0.004499897729597055,0.004295356923706279,0.004295356923706279,0.004499897729597055,0.0047044385354878294,0.0028635712824708528,0.0057271425649417056,0.0032726528942524035,0.0040908161178155045,0.003886275311924729,0.0034771937001431786,0.004499897729597055,0.003886275311924729,0.004908979341378605,0.0040908161178155045,0.0040908161178155045,0.0032726528942524035,0.0036817345060339538,0.005522601759050931,0.0026590304765800776,0.0034771937001431786,0.005522601759050931,0.0020454080589077522,0.0047044385354878294,0.0032726528942524035,0.0057271425649417056,0.0036817345060339538,0.0032726528942524035,0.0032726528942524035,0.0040908161178155045,0.0036817345060339538,0.0034771937001431786,0.0040908161178155045,0.0022499488647985274,0.003886275311924729,0.0040908161178155045,0.0040908161178155045,0.0032726528942524035,0.004295356923706279,0.0040908161178155045,0.004499897729597055,0.0034771937001431786,0.005113520147269381,0.004499897729597055,0.003886275311924729,0.005113520147269381,0.0034771937001431786,0.0047044385354878294,0.0036817345060339538,0.003886275311924729,0.0022499488647985274,0.0036817345060339538,0.0012272448353446513,0.0034771937001431786,0.0036817345060339538,0.0034771937001431786,0.0040908161178155045,0.0030681120883616284,0.0028635712824708528,0.004499897729597055,0.005318060953160155,0.005113520147269381,0.004295356923706279,0.0016363264471262017,0.004499897729597055,0.0026590304765800776,0.0036817345060339538,0.0040908161178155045,0.0032726528942524035,0.0022499488647985274,0.0032726528942524035,0.003886275311924729,0.0028635712824708528,0.0032726528942524035,0.0034771937001431786,0.0036817345060339538,0.0020454080589077522,0.0032726528942524035,0.0040908161178155045,0.0032726528942524035,0.003886275311924729,0.005113520147269381,0.0036817345060339538,0.004908979341378605,0.0028635712824708528,0.0032726528942524035,0.0040908161178155045,0.003886275311924729,0.004499897729597055,0.004499897729597055,0.0024544896706893025,0.0030681120883616284,0.0036817345060339538,0.0040908161178155045,0.004295356923706279,0.0040908161178155045,0.0040908161178155045,0.0028635712824708528,0.0030681120883616284,0.0032726528942524035,0.0026590304765800776,0.0026590304765800776,0.003886275311924729,0.0030681120883616284,0.0040908161178155045,0.004908979341378605,0.0040908161178155045,0.003886275311924729,0.0032726528942524035,0.005931683370832481,0.0047044385354878294,0.0047044385354878294,0.004295356923706279,0.005113520147269381,0.0028635712824708528,0.007158928206177132,0.0034771937001431786,0.0034771937001431786,0.0024544896706893025,0.004499897729597055,0.0047044385354878294,0.004908979341378605,0.0022499488647985274,0.004499897729597055,0.005931683370832481,0.003886275311924729,0.0028635712824708528,0.0018408672530169769,0.0047044385354878294,0.0030681120883616284,0.0034771937001431786,0.0047044385354878294,0.0034771937001431786,0.004295356923706279,0.0026590304765800776,0.0032726528942524035,0.0047044385354878294,0.0034771937001431786,0.0040908161178155045,0.003886275311924729,0.0028635712824708528,0.0036817345060339538,0.0032726528942524035,0.004295356923706279,0.004499897729597055,0.0030681120883616284,0.0036817345060339538,0.0030681120883616284,0.0026590304765800776,0.0034771937001431786,0.004295356923706279,0.0024544896706893025,0.004295356923706279,0.0028635712824708528,0.0030681120883616284,0.0028635712824708528,0.0040908161178155045,0.0028635712824708528,0.0034771937001431786,0.0028635712824708528,0.0034771937001431786,0.0032726528942524035,0.0040908161178155045,0.0036817345060339538,0.0034771937001431786,0.004908979341378605,0.004499897729597055,0.0020454080589077522,0.0047044385354878294,0.003886275311924729,0.004499897729597055,0.0040908161178155045,0.0034771937001431786,0.004499897729597055,0.004295356923706279,0.0036817345060339538,0.0028635712824708528,0.0024544896706893025,0.0040908161178155045,0.004295356923706279,0.003886275311924729,0.003886275311924729,0.0047044385354878294,0.0034771937001431786,0.0028635712824708528,0.0028635712824708528,0.006340764982614031,0.003886275311924729,0.0032726528942524035,0.0030681120883616284,0.003886275311924729,0.0032726528942524035,0.0040908161178155045,0.0032726528942524035,0.0040908161178155045,0.0057271425649417056,0.0028635712824708528,0.0026590304765800776,0.003886275311924729,0.0032726528942524035,0.0034771937001431786,0.0030681120883616284,0.003886275311924729,0.0024544896706893025,0.0032726528942524035,0.0032726528942524035,0.004908979341378605,0.0036817345060339538,0.0026590304765800776,0.004908979341378605,0.0022499488647985274,0.0036817345060339538,0.0040908161178155045,0.003886275311924729,0.0036817345060339538,0.0040908161178155045,0.0028635712824708528,0.004908979341378605,0.0024544896706893025,0.0036817345060339538,0.005318060953160155,0.0034771937001431786,0.0040908161178155045,0.0034771937001431786,0.0034771937001431786,0.004499897729597055,0.0036817345060339538,0.003886275311924729,0.0026590304765800776,0.0040908161178155045,0.0032726528942524035,0.004499897729597055,0.0024544896706893025,0.0036817345060339538,0.004499897729597055,0.0028635712824708528,0.0036817345060339538,0.0026590304765800776,0.0034771937001431786,0.0028635712824708528,0.0028635712824708528,0.004295356923706279,0.005931683370832481,0.004295356923706279,0.0040908161178155045,0.0020454080589077522,0.0040908161178155045,0.0034771937001431786,0.0030681120883616284,0.0028635712824708528,7.89645
22,vimeo1,0,stream,131.202.240.150,23.235.44.143,58974,443,6,c02f,001100000e662e76696d656f63646e2e636f6d,0,http_content_type_NULL,http_user_agent_NULL,http_accept_language_NULL,http_server_NULL,http_code_NULL,i.vimeocdn.com,1800,1,dns_domain_rank_NULL,472.8,213.70952248320614,3166.1,1449.3172220048998,5180,5,50,2364,158305,624,51,6690,141,31.017181467181466,918.0,1787.204297219543,11.8,27.05475928556749,4590,590,4492,0,79,0,0.0010893246187363835,0.0847457627118644,0.010617760617760617,64,48,0.0,0.0,0.0,0.0,0.0,0.0,0.0,0.0,0.0,0.0,0.058823529411764705,0.0,0.0,0.0,0.0,0.0,0.0,0.0,0.0,0.0,0.0,0.0,0.0,0.0,0.0,0.0,0.0,0.0,0.0,0.0,0.0,0.0,0.0,0.0,0.0,0.0,0.0,0.0,0.0,0.0,0.0,0.0,0.0,0.0,0.0,0.0,0.0,0.0,0.0,0.0,0.0,0.0,0.0,0.0,0.0,0.0,0.0,0.0,0.0,0.0,0.058823529411764705,0.0,0.0,0.0,0.0,0.0,0.0,0.0,0.0,0.0,0.0,0.0,0.0,0.0,0.0,0.0,0.0,0.0,0.058823529411764705,0.0,0.0,0.0,0.0,0.0,0.0,0.0,0.0,0.0,0.0,0.0,0.0,0.0,0.0,0.0,0.0,0.0,0.0,0.0,0.0,0.058823529411764705,0.0,0.0,0.0,0.0,0.0,0.0,0.0,0.0,0.0,0.0,0.0,0.0,0.0,0.0,0.0,0.0,0.0,0.0,0.0,0.0,0.0,0.0,0.0,0.0,0.0,0.0,0.0,0.0,0.0,0.0,0.0,0.0,0.0,0.0,0.0,0.0,0.0,0.0,0.0,0.0,0.0,0.0,0.0,0.0,0.0,0.0,0.0,0.0,0.0,0.0,0.0,0.0,0.0,0.0,0.0,0.0,0.0,0.0,0.0,0.0,0.0,0.0,0.0,0.0,0.0,0.0,0.0,0.0,0.0,0.0,0.0,0.0,0.0,0.0,0.0,0.0,0.0,0.0,0.0,0.0,0.0,0.0,0.0,0.0,0.0,0.0,0.0,0.0,0.0,0.0,0.0,0.0,0.0,0.0,0.0,0.0,0.0,0.0,0.0,0.0,0.0,0.0,0.0,0.058823529411764705,0.0,0.0,0.0,0.0,0.0,0.0,0.0,0.0,0.0,0.0,0.0,0.0,0.0,0.0,0.0,0.0,0.0,0.0,0.0,0.0,0.0,0.0,0.0,0.0,0.0,0.0,0.0,0.0,0.0,0.0,0.0,0.0,0.0,0.0,0.0,0.0,0.0,0.0,0.0,0.0,0.0,0.0,0.0,0.0,0.0,0.0,0.0,0.0,0.0,0.0,0.0,0.0,0.0,0.0,0.0,0.0,0.0,0.0,0.0,0.0,0.0,0.0,0.0,0.0,0.0,0.0,0.0,0.0,0.0,0.0,0.0,0.0,0.0,0.0,0.0,0.0,0.0,0.0,0.0,0.0,0.0,0.0,0.0,0.0,0.0,0.0,0.0,0.0,0.0,0.0,0.0,0.0,0.0,0.0,0.0,0.0,0.0,0.0,0.0,0.0,0.0,0.0,0.0,0.0,0.0,0.0,0.0,0.0,0.0,0.0,0.0,0.0,0.0,0.0,0.0,0.0,0.0,0.0,0.0,0.0,0.0,0.0,0.0,0.0,0.0,0.0,0.0,0.0,0.0,0.0,0.0,0.0,0.0,0.0,0.0,0.0,0.0,0.0,0.0,0.0,0.0,0.0,0.0,0.0,0.0,0.0,0.0,0.0,0.0,0.0,0.0,0.0,0.0,0.0,0.0,0.0,0.0,0.0,0.0,0.058823529411764705,0.058823529411764705,0.0,0.0,0.0,0.0,0.0,0.0,0.0,0.0,0.0,0.0,0.0,0.0,0.0,0.4117647058823529,0.058823529411764705,0.0,0.0,0.0,0.0,0.0,0.0,0.0,0.0,0.0,0.0,0.0,0.0,0.0,0.0,0.0,0.0,0.0,0.0,0.11764705882352941,0.0,0.004169790961795205,0.0038040198247956255,0.003913751165895499,0.004407542200844931,0.0036577113699957937,0.003932039722745478,0.0038405969384955833,0.0037308655973957096,0.003950328279595457,0.004060059620695331,0.0037491541542456885,0.0038954626090455203,0.004169790961795205,0.003913751165895499,0.0037491541542456885,0.004224656632345142,0.0038223083816456044,0.0037857312679456462,0.0038771740521955415,0.004005193950145394,0.0038223083816456044,0.0038771740521955415,0.0038223083816456044,0.004334387973445016,0.003950328279595457,0.0038954626090455203,0.0037857312679456462,0.003913751165895499,0.00407834817754531,0.0038954626090455203,0.0038771740521955415,0.0038771740521955415,0.003858885495345562,0.003932039722745478,0.003913751165895499,0.003913751165895499,0.0037857312679456462,0.0037857312679456462,0.003858885495345562,0.0037857312679456462,0.0038040198247956255,0.003950328279595457,0.003858885495345562,0.003932039722745478,0.003950328279595457,0.004114925291245268,0.003968616836445436,0.0038771740521955415,0.003986905393295415,0.004023482506995373,0.003986905393295415,0.003858885495345562,0.003858885495345562,0.004041771063845352,0.0038223083816456044,0.0036759999268457725,0.003858885495345562,0.0038223083816456044,0.003932039722745478,0.004060059620695331,0.004060059620695331,0.0038954626090455203,0.003950328279595457,0.003968616836445436,0.0037308655973957096,0.0038040198247956255,0.0038771740521955415,0.003986905393295415,0.0037308655973957096,0.003913751165895499,0.004151502404945225,0.0037308655973957096,0.0038954626090455203,0.003968616836445436,0.0038954626090455203,0.003858885495345562,0.0037674427110956673,0.004023482506995373,0.0038771740521955415,0.003968616836445436,0.0037674427110956673,0.003932039722745478,0.003913751165895499,0.0038771740521955415,0.003858885495345562,0.0037674427110956673,0.003986905393295415,0.0038040198247956255,0.0038223083816456044,0.0036577113699957937,0.003858885495345562,0.003913751165895499,0.0037125770405457307,0.0038223083816456044,0.0038405969384955833,0.003950328279595457,0.003858885495345562,0.004060059620695331,0.0036942884836957514,0.0038040198247956255,0.003913751165895499,0.0038771740521955415,0.004114925291245268,0.003932039722745478,0.004133213848095247,0.004114925291245268,0.0037857312679456462,0.003968616836445436,0.0038771740521955415,0.004114925291245268,0.004151502404945225,0.0037125770405457307,0.003986905393295415,0.004096636734395289,0.0037674427110956673,0.004005193950145394,0.003950328279595457,0.0037674427110956673,0.0037857312679456462,0.0038223083816456044,0.0038954626090455203,0.0038040198247956255,0.003932039722745478,0.003913751165895499,0.0038954626090455203,0.003986905393295415,0.003932039722745478,0.004023482506995373,0.0038405969384955833,0.003986905393295415,0.004060059620695331,0.0038405969384955833,0.0038040198247956255,0.004023482506995373,0.004005193950145394,0.003986905393295415,0.003950328279595457,0.0038771740521955415,0.0038405969384955833,0.003968616836445436,0.003858885495345562,0.0038771740521955415,0.003913751165895499,0.003913751165895499,0.0038771740521955415,0.0038954626090455203,0.0038771740521955415,0.003968616836445436,0.003932039722745478,0.004005193950145394,0.0037857312679456462,0.003950328279595457,0.0038954626090455203,0.003913751165895499,0.0038223083816456044,0.0038954626090455203,0.003932039722745478,0.0038405969384955833,0.00407834817754531,0.0038771740521955415,0.004005193950145394,0.0038040198247956255,0.0037857312679456462,0.0038223083816456044,0.003913751165895499,0.0038405969384955833,0.003950328279595457,0.003986905393295415,0.0038405969384955833,0.0038771740521955415,0.003950328279595457,0.003858885495345562,0.0038405969384955833,0.003986905393295415,0.003950328279595457,0.0038405969384955833,0.004188079518645184,0.0037674427110956673,0.003968616836445436,0.003858885495345562,0.0038954626090455203,0.003913751165895499,0.003913751165895499,0.0037491541542456885,0.0038040198247956255,0.0038040198247956255,0.003986905393295415,0.0037857312679456462,0.003968616836445436,0.0038223083816456044,0.004060059620695331,0.0037857312679456462,0.003986905393295415,0.004133213848095247,0.003968616836445436,0.003932039722745478,0.0038223083816456044,0.0038405969384955833,0.0038040198247956255,0.003913751165895499,0.0038771740521955415,0.003932039722745478,0.004023482506995373,0.0038771740521955415,0.0036577113699957937,0.0038405969384955833,0.004096636734395289,0.0037674427110956673,0.003950328279595457,0.004114925291245268,0.0036028456994458566,0.003858885495345562,0.004005193950145394,0.004023482506995373,0.0038771740521955415,0.0038040198247956255,0.0038405969384955833,0.004060059620695331,0.0038405969384955833,0.003968616836445436,0.0038954626090455203,0.003858885495345562,0.0038040198247956255,0.003913751165895499,0.0037674427110956673,0.0038771740521955415,0.0037308655973957096,0.003986905393295415,0.003968616836445436,0.004041771063845352,0.003968616836445436,0.003968616836445436,0.0038771740521955415,0.004060059620695331,0.0037857312679456462,0.0038405969384955833,0.004005193950145394,0.003932039722745478,0.003950328279595457,0.004005193950145394,0.003913751165895499,0.0037674427110956673,0.003950328279595457,0.003986905393295415,0.004151502404945225,0.0038771740521955415,0.0037491541542456885,0.0037308655973957096,0.004023482506995373,0.004005193950145394,0.003932039722745478,0.0038223083816456044,0.0038954626090455203,0.0037491541542456885,0.0037674427110956673,0.003968616836445436,1.372517
23,vimeo1,0,stream,131.202.240.150,23.235.44.143,58975,443,6,c02f,001100000e662e76696d656f63646e2e636f6d,0,http_content_type_NULL,http_user_agent_NULL,http_accept_language_NULL,http_server_NULL,http_code_NULL,i.vimeocdn.com,1800,1,dns_domain_rank_NULL,395.3333333333333,246.94713784307947,1709.5,1417.9020593820999,225,3,4,1186,6838,618,51,4014,141,35.66222222222222,24.666666666666668,34.883934538536344,37.75,37.764897722620674,74,151,74,0,77,0,0.04054054054054054,0.026490066225165563,0.03111111111111111,64,48,0.0,0.0,0.0,0.0,0.0,0.0,0.0,0.0,0.0,0.0,0.2,0.0,0.0,0.0,0.0,0.0,0.0,0.0,0.0,0.0,0.0,0.0,0.0,0.0,0.0,0.0,0.0,0.0,0.0,0.0,0.0,0.0,0.0,0.0,0.0,0.0,0.0,0.0,0.0,0.0,0.0,0.0,0.0,0.0,0.0,0.0,0.0,0.0,0.0,0.0,0.0,0.0,0.0,0.0,0.0,0.0,0.0,0.0,0.0,0.0,0.0,0.0,0.0,0.0,0.0,0.0,0.0,0.0,0.0,0.0,0.0,0.0,0.0,0.0,0.0,0.0,0.0,0.0,0.0,0.0,0.2,0.0,0.0,0.0,0.0,0.0,0.0,0.0,0.0,0.0,0.0,0.0,0.0,0.0,0.0,0.0,0.0,0.0,0.0,0.0,0.0,0.0,0.0,0.0,0.0,0.0,0.0,0.0,0.0,0.0,0.0,0.0,0.0,0.0,0.0,0.0,0.0,0.0,0.0,0.0,0.0,0.0,0.0,0.0,0.0,0.0,0.0,0.0,0.0,0.0,0.0,0.0,0.0,0.0,0.0,0.0,0.0,0.0,0.0,0.0,0.0,0.0,0.0,0.0,0.0,0.0,0.0,0.0,0.0,0.0,0.0,0.0,0.0,0.0,0.0,0.0,0.0,0.0,0.0,0.0,0.0,0.0,0.0,0.0,0.0,0.0,0.0,0.0,0.0,0.0,0.0,0.0,0.0,0.0,0.0,0.0,0.0,0.0,0.0,0.0,0.0,0.0,0.0,0.0,0.0,0.0,0.0,0.0,0.0,0.0,0.0,0.0,0.0,0.0,0.0,0.0,0.0,0.0,0.0,0.0,0.0,0.0,0.0,0.2,0.0,0.0,0.0,0.0,0.0,0.0,0.0,0.0,0.0,0.0,0.0,0.0,0.0,0.0,0.0,0.0,0.0,0.0,0.0,0.0,0.0,0.0,0.0,0.0,0.0,0.0,0.0,0.0,0.0,0.0,0.0,0.0,0.0,0.0,0.0,0.0,0.0,0.0,0.0,0.0,0.0,0.0,0.0,0.0,0.0,0.0,0.0,0.0,0.0,0.0,0.0,0.0,0.0,0.0,0.0,0.0,0.0,0.0,0.0,0.0,0.0,0.0,0.0,0.0,0.0,0.0,0.0,0.0,0.0,0.0,0.0,0.0,0.0,0.0,0.0,0.0,0.0,0.0,0.0,0.0,0.0,0.0,0.0,0.0,0.0,0.0,0.0,0.0,0.0,0.0,0.0,0.0,0.0,0.0,0.0,0.0,0.0,0.0,0.0,0.0,0.0,0.0,0.0,0.0,0.0,0.0,0.0,0.0,0.0,0.0,0.0,0.0,0.0,0.0,0.0,0.0,0.0,0.0,0.0,0.0,0.0,0.0,0.0,0.0,0.0,0.0,0.0,0.0,0.0,0.0,0.0,0.0,0.0,0.0,0.0,0.0,0.0,0.0,0.0,0.0,0.0,0.0,0.0,0.0,0.0,0.0,0.0,0.0,0.0,0.0,0.0,0.0,0.0,0.0,0.0,0.0,0.0,0.0,0.0,0.0,0.2,0.0,0.0,0.0,0.0,0.0,0.0,0.0,0.0,0.0,0.0,0.0,0.0,0.0,0.2,0.0,0.0,0.0,0.0,0.0,0.0,0.0,0.0,0.0,0.0,0.0,0.0,0.0,0.0,0.0,0.0,0.0,0.0,0.0,0.0,0.0,0.022308075772681953,0.005234297108673978,0.003489531405782652,0.006729810568295114,0.004985044865403789,0.00423728813559322,0.00423728813559322,0.003489531405782652,0.0037387836490528413,0.004112662013958126,0.003115653040877368,0.0029910269192422734,0.003614157527417747,0.0037387836490528413,0.003489531405782652,0.0024925224327018943,0.003988035892323031,0.004860418743768694,0.003614157527417747,0.003614157527417747,0.00423728813559322,0.003988035892323031,0.003364905284147557,0.004860418743768694,0.004361914257228315,0.003988035892323031,0.005358923230309073,0.00423728813559322,0.0028664007976071785,0.0037387836490528413,0.0032402791625124627,0.004735792622133599,0.004735792622133599,0.0029910269192422734,0.0037387836490528413,0.004985044865403789,0.003614157527417747,0.004985044865403789,0.003614157527417747,0.0028664007976071785,0.0046111665004985045,0.003115653040877368,0.003863409770687936,0.0037387836490528413,0.003988035892323031,0.005608175473579263,0.003614157527417747,0.003988035892323031,0.003489531405782652,0.004735792622133599,0.003489531405782652,0.003863409770687936,0.0023678963110667995,0.003364905284147557,0.0037387836490528413,0.004735792622133599,0.003988035892323031,0.003364905284147557,0.004985044865403789,0.0032402791625124627,0.004860418743768694,0.003863409770687936,0.003489531405782652,0.0029910269192422734,0.003364905284147557,0.0046111665004985045,0.002617148554336989,0.003364905284147557,0.004112662013958126,0.00423728813559322,0.003115653040877368,0.0037387836490528413,0.003489531405782652,0.0028664007976071785,0.0027417746759720836,0.00423728813559322,0.003489531405782652,0.003614157527417747,0.005358923230309073,0.0029910269192422734,0.003364905284147557,0.004361914257228315,0.004112662013958126,0.003988035892323031,0.003863409770687936,0.003988035892323031,0.003489531405782652,0.00211864406779661,0.00423728813559322,0.0028664007976071785,0.0032402791625124627,0.00423728813559322,0.003115653040877368,0.00448654037886341,0.004361914257228315,0.005982053838484547,0.003364905284147557,0.003614157527417747,0.003364905284147557,0.0029910269192422734,0.0027417746759720836,0.003115653040877368,0.0037387836490528413,0.004361914257228315,0.004361914257228315,0.0046111665004985045,0.003489531405782652,0.003115653040877368,0.0037387836490528413,0.003614157527417747,0.003364905284147557,0.004985044865403789,0.005608175473579263,0.0037387836490528413,0.00423728813559322,0.003863409770687936,0.00448654037886341,0.0037387836490528413,0.003614157527417747,0.002243270189431705,0.003364905284147557,0.0037387836490528413,0.0029910269192422734,0.003115653040877368,0.003364905284147557,0.004735792622133599,0.00423728813559322,0.0032402791625124627,0.00423728813559322,0.004735792622133599,0.004735792622133599,0.00423728813559322,0.002617148554336989,0.002617148554336989,0.0032402791625124627,0.0046111665004985045,0.005234297108673978,0.0029910269192422734,0.003364905284147557,0.005358923230309073,0.003863409770687936,0.004361914257228315,0.004860418743768694,0.004860418743768694,0.004361914257228315,0.0032402791625124627,0.004112662013958126,0.0037387836490528413,0.003115653040877368,0.005234297108673978,0.003988035892323031,0.00423728813559322,0.0037387836490528413,0.004112662013958126,0.003489531405782652,0.0046111665004985045,0.004112662013958126,0.004361914257228315,0.003489531405782652,0.003364905284147557,0.00448654037886341,0.004985044865403789,0.003863409770687936,0.00423728813559322,0.003489531405782652,0.003988035892323031,0.003364905284147557,0.003614157527417747,0.003489531405782652,0.0037387836490528413,0.004860418743768694,0.003863409770687936,0.004361914257228315,0.00423728813559322,0.0023678963110667995,0.003988035892323031,0.005358923230309073,0.003364905284147557,0.003489531405782652,0.004112662013958126,0.0029910269192422734,0.00448654037886341,0.003988035892323031,0.004361914257228315,0.0029910269192422734,0.003863409770687936,0.003115653040877368,0.0046111665004985045,0.003364905284147557,0.003863409770687936,0.003988035892323031,0.004361914257228315,0.0046111665004985045,0.003863409770687936,0.003489531405782652,0.003988035892323031,0.004361914257228315,0.003614157527417747,0.0032402791625124627,0.003115653040877368,0.003489531405782652,0.003364905284147557,0.003614157527417747,0.003988035892323031,0.004735792622133599,0.004112662013958126,0.0029910269192422734,0.005109670987038883,0.00423728813559322,0.002243270189431705,0.0032402791625124627,0.0028664007976071785,0.004361914257228315,0.003115653040877368,0.003364905284147557,0.0046111665004985045,0.0023678963110667995,0.003364905284147557,0.003489531405782652,0.0029910269192422734,0.003364905284147557,0.003115653040877368,0.003364905284147557,0.0037387836490528413,0.0023678963110667995,0.003489531405782652,0.003489531405782652,0.003988035892323031,0.0032402791625124627,0.003489531405782652,0.004860418743768694,0.0032402791625124627,0.003489531405782652,0.0028664007976071785,0.004112662013958126,0.003489531405782652,0.003988035892323031,0.0037387836490528413,0.003115653040877368,0.0037387836490528413,0.0032402791625124627,0.0032402791625124627,0.004112662013958126,0.003364905284147557,0.003863409770687936,0.00448654037886341,0.00423728813559322,0.003614157527417747,0.004361914257228315,0.005483549351944167,0.0032402791625124627,0.003115653040877368,0.003863409770687936,0.004361914257228315,0.003614157527417747,0.004735792622133599,7.945009
24,vimeo1,0,stream,131.202.240.150,23.235.44.143,58976,443,6,c02f,001100000e692e76696d656f63646e2e636f6d,0,http_content_type_NULL,http_user_agent_NULL,http_accept_language_NULL,http_server_NULL,http_code_NULL,i.vimeocdn.com,1800,1,dns_domain_rank_NULL,437.5,225.18159338631565,1854.75,1454.296457913585,491,4,4,1750,7419,591,51,4014,141,18.674134419551933,67.75,116.19245887750203,55.0,31.756889016400834,271,220,269,0,74,0,0.014760147601476014,0.01818181818181818,0.016293279022403257,64,48,0.0,0.0,0.0,0.0,0.0,0.0,0.0,0.0,0.0,0.0,0.2,0.0,0.0,0.0,0.0,0.0,0.0,0.0,0.0,0.0,0.0,0.0,0.0,0.0,0.0,0.0,0.0,0.0,0.0,0.0,0.0,0.0,0.0,0.0,0.0,0.0,0.0,0.0,0.0,0.0,0.0,0.0,0.0,0.0,0.0,0.0,0.0,0.0,0.0,0.0,0.0,0.0,0.0,0.0,0.0,0.0,0.0,0.0,0.0,0.0,0.2,0.0,0.0,0.2,0.0,0.0,0.0,0.0,0.0,0.0,0.0,0.0,0.0,0.0,0.0,0.0,0.0,0.0,0.0,0.0,0.0,0.0,0.0,0.0,0.0,0.0,0.0,0.0,0.0,0.0,0.0,0.0,0.0,0.0,0.0,0.0,0.0,0.0,0.0,0.0,0.0,0.0,0.0,0.0,0.0,0.0,0.0,0.0,0.0,0.0,0.0,0.0,0.0,0.0,0.0,0.0,0.0,0.0,0.0,0.0,0.0,0.0,0.0,0.0,0.0,0.0,0.0,0.0,0.0,0.0,0.0,0.0,0.0,0.0,0.0,0.0,0.0,0.0,0.0,0.0,0.0,0.0,0.0,0.0,0.0,0.0,0.0,0.0,0.0,0.0,0.0,0.0,0.0,0.0,0.0,0.0,0.0,0.0,0.0,0.0,0.0,0.0,0.0,0.0,0.0,0.0,0.0,0.0,0.0,0.0,0.0,0.0,0.0,0.0,0.0,0.0,0.0,0.0,0.0,0.0,0.0,0.0,0.0,0.0,0.0,0.0,0.0,0.0,0.0,0.0,0.0,0.0,0.0,0.0,0.0,0.0,0.0,0.0,0.0,0.0,0.0,0.0,0.0,0.2,0.0,0.0,0.0,0.0,0.0,0.0,0.0,0.0,0.0,0.0,0.0,0.0,0.0,0.0,0.0,0.0,0.0,0.0,0.0,0.0,0.0,0.0,0.0,0.0,0.0,0.0,0.0,0.0,0.0,0.0,0.0,0.0,0.0,0.0,0.0,0.0,0.0,0.0,0.0,0.0,0.0,0.0,0.0,0.0,0.0,0.0,0.0,0.0,0.0,0.0,0.0,0.0,0.0,0.0,0.0,0.0,0.0,0.0,0.0,0.0,0.0,0.0,0.0,0.0,0.0,0.0,0.0,0.0,0.0,0.0,0.0,0.0,0.0,0.0,0.0,0.0,0.0,0.0,0.0,0.0,0.0,0.0,0.0,0.0,0.0,0.0,0.0,0.0,0.0,0.0,0.0,0.0,0.0,0.0,0.0,0.0,0.0,0.0,0.0,0.0,0.0,0.0,0.0,0.0,0.0,0.0,0.0,0.0,0.0,0.0,0.0,0.0,0.0,0.0,0.0,0.0,0.0,0.0,0.0,0.2,0.0,0.0,0.0,0.0,0.0,0.0,0.0,0.0,0.0,0.0,0.0,0.0,0.0,0.0,0.0,0.0,0.0,0.0,0.0,0.0,0.0,0.0,0.0,0.0,0.0,0.0,0.0,0.0,0.0,0.0,0.0,0.0,0.0,0.0,0.0,0.0,0.0,0.0,0.0,0.0,0.0,0.0,0.0,0.0,0.0,0.0,0.0,0.0,0.0,0.0,0.0,0.0,0.0,0.0,0.0,0.0,0.0,0.0,0.0,0.0,0.0,0.0,0.0,0.0,0.0,0.0,0.0,0.0,0.0,0.0,0.0,0.0,0.0,0.0,0.0,0.0,0.021703566364925292,0.006543788853746319,0.005125967935434616,0.0076344203293707055,0.0035990838695604756,0.003926273312247791,0.0032718944268731597,0.004471589050059985,0.004253462754935107,0.0038172101646853527,0.003926273312247791,0.0047987784927473005,0.004362525902497546,0.0035990838695604756,0.004144399607372669,0.0037081470171229144,0.003926273312247791,0.0029447049841858437,0.003490020721998037,0.003162831279310721,0.0037081470171229144,0.0032718944268731597,0.003490020721998037,0.00490784164030974,0.004253462754935107,0.0035990838695604756,0.004471589050059985,0.004253462754935107,0.003926273312247791,0.0037081470171229144,0.0029447049841858437,0.0035990838695604756,0.003926273312247791,0.0047987784927473005,0.004580652197622424,0.0047987784927473005,0.003490020721998037,0.004144399607372669,0.004144399607372669,0.005016904787872178,0.004362525902497546,0.003380957574435598,0.004144399607372669,0.004362525902497546,0.004253462754935107,0.004253462754935107,0.004580652197622424,0.00403533645981023,0.0038172101646853527,0.003926273312247791,0.0035990838695604756,0.003926273312247791,0.003490020721998037,0.004253462754935107,0.0035990838695604756,0.0029447049841858437,0.003380957574435598,0.003490020721998037,0.004471589050059985,0.004144399607372669,0.0035990838695604756,0.003053768131748282,0.0029447049841858437,0.00490784164030974,0.002617515541498528,0.005453157378121932,0.00403533645981023,0.0035990838695604756,0.0037081470171229144,0.003380957574435598,0.004362525902497546,0.0029447049841858437,0.003380957574435598,0.003162831279310721,0.0035990838695604756,0.00403533645981023,0.0032718944268731597,0.004362525902497546,0.0038172101646853527,0.003380957574435598,0.002835641836623405,0.0032718944268731597,0.005235031082997056,0.002835641836623405,0.004362525902497546,0.003053768131748282,0.003053768131748282,0.004580652197622424,0.004689715345184862,0.0038172101646853527,0.002726578689060966,0.00403533645981023,0.004471589050059985,0.003380957574435598,0.003926273312247791,0.003926273312247791,0.003490020721998037,0.003926273312247791,0.004144399607372669,0.003926273312247791,0.00490784164030974,0.0037081470171229144,0.003162831279310721,0.00403533645981023,0.0032718944268731597,0.00403533645981023,0.00403533645981023,0.003380957574435598,0.004144399607372669,0.0038172101646853527,0.003926273312247791,0.004362525902497546,0.00490784164030974,0.0038172101646853527,0.003380957574435598,0.004471589050059985,0.005016904787872178,0.003926273312247791,0.005235031082997056,0.0038172101646853527,0.00403533645981023,0.0038172101646853527,0.004253462754935107,0.003926273312247791,0.0032718944268731597,0.002617515541498528,0.00403533645981023,0.0035990838695604756,0.0037081470171229144,0.0032718944268731597,0.0038172101646853527,0.003380957574435598,0.003162831279310721,0.003490020721998037,0.002508452393936089,0.004689715345184862,0.00490784164030974,0.0037081470171229144,0.0038172101646853527,0.004362525902497546,0.003162831279310721,0.0035990838695604756,0.004253462754935107,0.002617515541498528,0.002290326098811212,0.002835641836623405,0.003926273312247791,0.0035990838695604756,0.00403533645981023,0.0029447049841858437,0.004253462754935107,0.004362525902497546,0.004471589050059985,0.00403533645981023,0.004144399607372669,0.003380957574435598,0.004362525902497546,0.003490020721998037,0.004689715345184862,0.003380957574435598,0.0035990838695604756,0.0037081470171229144,0.004253462754935107,0.004362525902497546,0.004362525902497546,0.003053768131748282,0.003162831279310721,0.003380957574435598,0.002617515541498528,0.0037081470171229144,0.004253462754935107,0.0035990838695604756,0.0032718944268731597,0.002835641836623405,0.0038172101646853527,0.003926273312247791,0.004471589050059985,0.004144399607372669,0.00403533645981023,0.003380957574435598,0.0032718944268731597,0.004362525902497546,0.0037081470171229144,0.004689715345184862,0.004471589050059985,0.0032718944268731597,0.003380957574435598,0.003380957574435598,0.005453157378121932,0.0037081470171229144,0.00403533645981023,0.0038172101646853527,0.004580652197622424,0.002508452393936089,0.0032718944268731597,0.003053768131748282,0.003380957574435598,0.0032718944268731597,0.0023993892463736502,0.004144399607372669,0.003926273312247791,0.003162831279310721,0.0037081470171229144,0.0038172101646853527,0.002617515541498528,0.0047987784927473005,0.005125967935434616,0.0038172101646853527,0.003490020721998037,0.0038172101646853527,0.004144399607372669,0.003053768131748282,0.004253462754935107,0.003380957574435598,0.0038172101646853527,0.002726578689060966,0.0037081470171229144,0.003926273312247791,0.00403533645981023,0.003380957574435598,0.003926273312247791,0.002726578689060966,0.004144399607372669,0.0035990838695604756,0.003380957574435598,0.004253462754935107,0.003490020721998037,0.004144399607372669,0.003162831279310721,0.0038172101646853527,0.00403533645981023,0.006216599411059003,0.0038172101646853527,0.00403533645981023,0.004580652197622424,0.003380957574435598,0.004471589050059985,0.003490020721998037,0.0035990838695604756,0.00403533645981023,0.004253462754935107,0.002181262951248773,0.003490020721998037,0.0032718944268731597,0.0032718944268731597,0.004471589050059985,0.0055622205256843716,0.0029447049841858437,0.002617515541498528,0.004362525902497546,0.004362525902497546,0.003380957574435598,0.003380957574435598,0.004253462754935107,0.0035990838695604756,0.002726578689060966,7.948609
25,vimeo1,0,stream,131.202.240.150,23.78.235.219,39508,80,6,scs_str_NULL,server_name_str_NULL,0,http_content_type_NULL,http_user_agent_NULL,http_accept_language_NULL,http_server_NULL,http_code_NULL,dns_domain_name_NULL,dns_ttl_NULL,dns_num_ip_NULL,dns_domain_rank_NULL,0,0,0,0,0,0,0,0,0,0,0,0,0,0,0,0,0,0,0,0,0,0,0,0,0,0,0,64,48,0,0,0,0,0,0,0,0,0,0,0,0,0,0,0,0,0,0,0,0,0,0,0,0,0,0,0,0,0,0,0,0,0,0,0,0,0,0,0,0,0,0,0,0,0,0,0,0,0,0,0,0,0,0,0,0,0,0,0,0,0,0,0,0,0,0,0,0,0,0,0,0,0,0,0,0,0,0,0,0,0,0,0,0,0,0,0,0,0,0,0,0,0,0,0,0,0,0,0,0,0,0,0,0,0,0,0,0,0,0,0,0,0,0,0,0,0,0,0,0,0,0,0,0,0,0,0,0,0,0,0,0,0,0,0,0,0,0,0,0,0,0,0,0,0,0,0,0,0,0,0,0,0,0,0,0,0,0,0,0,0,0,0,0,0,0,0,0,0,0,0,0,0,0,0,0,0,0,0,0,0,0,0,0,0,0,0,0,0,0,0,0,0,0,0,0,0,0,0,0,0,0,0,0,0,0,0,0,0,0,0,0,0,0,0,0,0,0,0,0,0,0,0,0,0,0,0,0,0,0,0,0,0,0,0,0,0,0,0,0,0,0,0,0,0,0,0,0,0,0,0,0,0,0,0,0,0,0,0,0,0,0,0,0,0,0,0,0,0,0,0,0,0,0,0,0,0,0,0,0,0,0,0,0,0,0,0,0,0,0,0,0,0,0,0,0,0,0,0,0,0,0,0,0,0,0,0,0,0,0,0,0,0,0,0,0,0,0,0,0,0,0,0,0,0,0,0,0,0,0,0,0,0,0,0,0,0,0,0,0,0,0,0,0,0,0,0,0,0,0,0,0,0,0,0,0,0,0,0,0,0,0,0,0,0,0,0,0,0,0,0,0,0,0,0,0,0,0,0,0,0,0,0,0,0,0,0,0,0,0,0,0,0,0,0,0,0,0,0,0,0.0,0.0,0.0,0.0,0.0,0.0,0.0,0.0,0.0,0.0,0.0,0.0,0.0,0.0,0.0,0.0,0.0,0.0,0.0,0.0,0.0,0.0,0.0,0.0,0.0,0.0,0.0,0.0,0.0,0.0,0.0,0.0,0.0,0.0,0.0,0.0,0.0,0.0,0.0,0.0,0.0,0.0,0.0,0.0,0.0,0.0,0.0,0.0,0.0,0.0,0.0,0.0,0.0,0.0,0.0,0.0,0.0,0.0,0.0,0.0,0.0,0.0,0.0,0.0,0.0,0.0,0.0,0.0,0.0,0.0,0.0,0.0,0.0,0.0,0.0,0.0,0.0,0.0,0.0,0.0,0.0,0.0,0.0,0.0,0.0,0.0,0.0,0.0,0.0,0.0,0.0,0.0,0.0,0.0,0.0,0.0,0.0,0.0,0.0,0.0,0.0,0.0,0.0,0.0,0.0,0.0,0.0,0.0,0.0,0.0,0.0,0.0,0.0,0.0,0.0,0.0,0.0,0.0,0.0,0.0,0.0,0.0,0.0,0.0,0.0,0.0,0.0,0.0,0.0,0.0,0.0,0.0,0.0,0.0,0.0,0.0,0.0,0.0,0.0,0.0,0.0,0.0,0.0,0.0,0.0,0.0,0.0,0.0,0.0,0.0,0.0,0.0,0.0,0.0,0.0,0.0,0.0,0.0,0.0,0.0,0.0,0.0,0.0,0.0,0.0,0.0,0.0,0.0,0.0,0.0,0.0,0.0,0.0,0.0,0.0,0.0,0.0,0.0,0.0,0.0,0.0,0.0,0.0,0.0,0.0,0.0,0.0,0.0,0.0,0.0,0.0,0.0,0.0,0.0,0.0,0.0,0.0,0.0,0.0,0.0,0.0,0.0,0.0,0.0,0.0,0.0,0.0,0.0,0.0,0.0,0.0,0.0,0.0,0.0,0.0,0.0,0.0,0.0,0.0,0.0,0.0,0.0,0.0,0.0,0.0,0.0,0.0,0.0,0.0,0.0,0.0,0.0,0.0,0.0,0.0,0.0,0.0,0.0,0.0,0.0,0.0,0.0,0.0,0.0,0.0,0.0,0.0,0.0,0.0,0.0,0.0,0.0,0.0,0.0,0.0,0.0,-1
26,vimeo1,0,stream,131.202.240.150,23.78.235.219,39509,80,6,scs_str_NULL,server_name_str_NULL,0,http_content_type_NULL,http_user_agent_NULL,http_accept_language_NULL,http_server_NULL,http_code_NULL,dns_domain_name_NULL,dns_ttl_NULL,dns_num_ip_NULL,dns_domain_rank_NULL,0,0,0,0,0,0,0,0,0,0,0,0,0,0,0,0,0,0,0,0,0,0,0,0,0,0,0,64,48,0,0,0,0,0,0,0,0,0,0,0,0,0,0,0,0,0,0,0,0,0,0,0,0,0,0,0,0,0,0,0,0,0,0,0,0,0,0,0,0,0,0,0,0,0,0,0,0,0,0,0,0,0,0,0,0,0,0,0,0,0,0,0,0,0,0,0,0,0,0,0,0,0,0,0,0,0,0,0,0,0,0,0,0,0,0,0,0,0,0,0,0,0,0,0,0,0,0,0,0,0,0,0,0,0,0,0,0,0,0,0,0,0,0,0,0,0,0,0,0,0,0,0,0,0,0,0,0,0,0,0,0,0,0,0,0,0,0,0,0,0,0,0,0,0,0,0,0,0,0,0,0,0,0,0,0,0,0,0,0,0,0,0,0,0,0,0,0,0,0,0,0,0,0,0,0,0,0,0,0,0,0,0,0,0,0,0,0,0,0,0,0,0,0,0,0,0,0,0,0,0,0,0,0,0,0,0,0,0,0,0,0,0,0,0,0,0,0,0,0,0,0,0,0,0,0,0,0,0,0,0,0,0,0,0,0,0,0,0,0,0,0,0,0,0,0,0,0,0,0,0,0,0,0,0,0,0,0,0,0,0,0,0,0,0,0,0,0,0,0,0,0,0,0,0,0,0,0,0,0,0,0,0,0,0,0,0,0,0,0,0,0,0,0,0,0,0,0,0,0,0,0,0,0,0,0,0,0,0,0,0,0,0,0,0,0,0,0,0,0,0,0,0,0,0,0,0,0,0,0,0,0,0,0,0,0,0,0,0,0,0,0,0,0,0,0,0,0,0,0,0,0,0,0,0,0,0,0,0,0,0,0,0,0,0,0,0,0,0,0,0,0,0,0,0,0,0,0,0,0,0,0,0,0,0,0,0,0,0,0,0,0,0,0,0,0,0,0,0,0,0.0,0.0,0.0,0.0,0.0,0.0,0.0,0.0,0.0,0.0,0.0,0.0,0.0,0.0,0.0,0.0,0.0,0.0,0.0,0.0,0.0,0.0,0.0,0.0,0.0,0.0,0.0,0.0,0.0,0.0,0.0,0.0,0.0,0.0,0.0,0.0,0.0,0.0,0.0,0.0,0.0,0.0,0.0,0.0,0.0,0.0,0.0,0.0,0.0,0.0,0.0,0.0,0.0,0.0,0.0,0.0,0.0,0.0,0.0,0.0,0.0,0.0,0.0,0.0,0.0,0.0,0.0,0.0,0.0,0.0,0.0,0.0,0.0,0.0,0.0,0.0,0.0,0.0,0.0,0.0,0.0,0.0,0.0,0.0,0.0,0.0,0.0,0.0,0.0,0.0,0.0,0.0,0.0,0.0,0.0,0.0,0.0,0.0,0.0,0.0,0.0,0.0,0.0,0.0,0.0,0.0,0.0,0.0,0.0,0.0,0.0,0.0,0.0,0.0,0.0,0.0,0.0,0.0,0.0,0.0,0.0,0.0,0.0,0.0,0.0,0.0,0.0,0.0,0.0,0.0,0.0,0.0,0.0,0.0,0.0,0.0,0.0,0.0,0.0,0.0,0.0,0.0,0.0,0.0,0.0,0.0,0.0,0.0,0.0,0.0,0.0,0.0,0.0,0.0,0.0,0.0,0.0,0.0,0.0,0.0,0.0,0.0,0.0,0.0,0.0,0.0,0.0,0.0,0.0,0.0,0.0,0.0,0.0,0.0,0.0,0.0,0.0,0.0,0.0,0.0,0.0,0.0,0.0,0.0,0.0,0.0,0.0,0.0,0.0,0.0,0.0,0.0,0.0,0.0,0.0,0.0,0.0,0.0,0.0,0.0,0.0,0.0,0.0,0.0,0.0,0.0,0.0,0.0,0.0,0.0,0.0,0.0,0.0,0.0,0.0,0.0,0.0,0.0,0.0,0.0,0.0,0.0,0.0,0.0,0.0,0.0,0.0,0.0,0.0,0.0,0.0,0.0,0.0,0.0,0.0,0.0,0.0,0.0,0.0,0.0,0.0,0.0,0.0,0.0,0.0,0.0,0.0,0.0,0.0,0.0,0.0,0.0,0.0,0.0,0.0,0.0,-1
27,vimeo1,0,stream,131.202.240.150,23.235.44.143,58977,443,6,c02f,001100000e692e76696d656f63646e2e636f6d,0,http_content_type_NULL,http_user_agent_NULL,http_accept_language_NULL,http_server_NULL,http_code_NULL,i.vimeocdn.com,1800,1,dns_domain_rank_NULL,386.3333333333333,239.0332380420951,981.6666666666666,596.7335158082617,218,3,3,1159,2945,591,51,1466,141,18.825688073394495,24.0,33.94112549695428,48.666666666666664,34.41253001774532,72,146,72,0,73,0,0.041666666666666664,0.02054794520547945,0.027522935779816515,64,48,0.0,0.0,0.0,0.0,0.0,0.0,0.0,0.0,0.0,0.0,0.2,0.0,0.0,0.0,0.0,0.0,0.0,0.0,0.0,0.0,0.0,0.0,0.0,0.0,0.0,0.0,0.0,0.0,0.0,0.0,0.0,0.0,0.0,0.0,0.0,0.0,0.0,0.0,0.0,0.0,0.0,0.0,0.0,0.0,0.0,0.0,0.0,0.0,0.0,0.0,0.0,0.0,0.0,0.0,0.0,0.0,0.0,0.0,0.0,0.0,0.2,0.0,0.0,0.0,0.0,0.0,0.0,0.0,0.0,0.0,0.0,0.0,0.0,0.0,0.0,0.0,0.0,0.0,0.0,0.0,0.0,0.0,0.0,0.0,0.0,0.0,0.0,0.0,0.0,0.0,0.0,0.0,0.0,0.0,0.0,0.0,0.0,0.0,0.0,0.0,0.0,0.0,0.0,0.0,0.0,0.0,0.0,0.0,0.0,0.0,0.0,0.0,0.0,0.0,0.0,0.0,0.0,0.0,0.0,0.0,0.0,0.0,0.0,0.0,0.0,0.0,0.0,0.0,0.0,0.0,0.0,0.0,0.0,0.0,0.0,0.0,0.0,0.0,0.0,0.0,0.0,0.0,0.0,0.0,0.0,0.0,0.0,0.0,0.0,0.0,0.0,0.0,0.0,0.0,0.0,0.0,0.0,0.0,0.0,0.0,0.0,0.0,0.0,0.0,0.0,0.0,0.0,0.0,0.0,0.0,0.0,0.0,0.0,0.0,0.0,0.0,0.0,0.0,0.0,0.0,0.0,0.0,0.0,0.0,0.0,0.0,0.0,0.0,0.0,0.0,0.0,0.0,0.0,0.0,0.0,0.0,0.0,0.0,0.0,0.0,0.0,0.0,0.0,0.2,0.0,0.0,0.0,0.0,0.0,0.0,0.0,0.0,0.0,0.0,0.0,0.0,0.0,0.0,0.0,0.0,0.0,0.0,0.0,0.0,0.0,0.0,0.0,0.0,0.0,0.0,0.0,0.0,0.0,0.0,0.0,0.0,0.0,0.0,0.0,0.0,0.0,0.0,0.0,0.0,0.0,0.0,0.0,0.0,0.0,0.0,0.0,0.0,0.0,0.0,0.0,0.0,0.0,0.0,0.0,0.0,0.0,0.0,0.0,0.0,0.0,0.0,0.0,0.0,0.0,0.0,0.0,0.0,0.0,0.0,0.0,0.0,0.0,0.0,0.0,0.0,0.0,0.0,0.0,0.0,0.0,0.0,0.0,0.0,0.0,0.0,0.0,0.0,0.0,0.0,0.0,0.0,0.0,0.0,0.0,0.0,0.0,0.0,0.0,0.0,0.0,0.0,0.0,0.0,0.0,0.0,0.0,0.0,0.0,0.0,0.0,0.0,0.0,0.0,0.0,0.0,0.0,0.0,0.0,0.0,0.0,0.0,0.0,0.0,0.0,0.0,0.0,0.0,0.0,0.0,0.0,0.0,0.0,0.0,0.0,0.0,0.0,0.0,0.0,0.0,0.0,0.0,0.0,0.0,0.0,0.0,0.0,0.0,0.0,0.0,0.0,0.0,0.0,0.0,0.0,0.0,0.0,0.0,0.0,0.2,0.0,0.0,0.0,0.0,0.0,0.0,0.0,0.0,0.0,0.0,0.0,0.0,0.0,0.0,0.0,0.0,0.0,0.0,0.0,0.0,0.0,0.0,0.0,0.0,0.0,0.0,0.0,0.0,0.0,0.0,0.0,0.0,0.0,0.0,0.2,0.0,0.040448343079922025,0.007309941520467836,0.004629629629629629,0.01023391812865497,0.00341130604288499,0.005360623781676413,0.004142300194931774,0.004142300194931774,0.005847953216374269,0.004142300194931774,0.003898635477582846,0.0043859649122807015,0.003898635477582846,0.004629629629629629,0.0024366471734892786,0.004873294346978557,0.001949317738791423,0.0043859649122807015,0.004142300194931774,0.0043859649122807015,0.0043859649122807015,0.0043859649122807015,0.005116959064327485,0.0029239766081871343,0.00341130604288499,0.0043859649122807015,0.004142300194931774,0.0021929824561403508,0.003898635477582846,0.0043859649122807015,0.0043859649122807015,0.003654970760233918,0.005360623781676413,0.003898635477582846,0.0043859649122807015,0.003898635477582846,0.0021929824561403508,0.00341130604288499,0.003654970760233918,0.003654970760233918,0.0029239766081871343,0.003167641325536062,0.004629629629629629,0.0024366471734892786,0.004142300194931774,0.004629629629629629,0.004142300194931774,0.003898635477582846,0.003167641325536062,0.005116959064327485,0.00341130604288499,0.0060916179337231965,0.004629629629629629,0.003167641325536062,0.001949317738791423,0.003167641325536062,0.004142300194931774,0.005116959064327485,0.003167641325536062,0.00341130604288499,0.004142300194931774,0.0029239766081871343,0.00341130604288499,0.003898635477582846,0.003654970760233918,0.0043859649122807015,0.0029239766081871343,0.005604288499025341,0.00341130604288499,0.003654970760233918,0.001949317738791423,0.003654970760233918,0.004873294346978557,0.0043859649122807015,0.004142300194931774,0.003654970760233918,0.0026803118908382065,0.003654970760233918,0.004629629629629629,0.004142300194931774,0.003654970760233918,0.004629629629629629,0.003654970760233918,0.004142300194931774,0.003654970760233918,0.005116959064327485,0.0029239766081871343,0.00341130604288499,0.0029239766081871343,0.0029239766081871343,0.004142300194931774,0.00341130604288499,0.0026803118908382065,0.00341130604288499,0.005847953216374269,0.004629629629629629,0.004629629629629629,0.0029239766081871343,0.00341130604288499,0.00341130604288499,0.0029239766081871343,0.003898635477582846,0.0060916179337231965,0.0024366471734892786,0.003654970760233918,0.0026803118908382065,0.0043859649122807015,0.0024366471734892786,0.0043859649122807015,0.004873294346978557,0.0026803118908382065,0.0024366471734892786,0.004142300194931774,0.0026803118908382065,0.00341130604288499,0.003898635477582846,0.004629629629629629,0.003167641325536062,0.0043859649122807015,0.0026803118908382065,0.004142300194931774,0.004142300194931774,0.001949317738791423,0.003898635477582846,0.0021929824561403508,0.005604288499025341,0.00341130604288499,0.003898635477582846,0.004142300194931774,0.005116959064327485,0.003898635477582846,0.003898635477582846,0.0009746588693957114,0.0024366471734892786,0.005604288499025341,0.004629629629629629,0.003167641325536062,0.004142300194931774,0.003654970760233918,0.004873294346978557,0.003898635477582846,0.003898635477582846,0.00341130604288499,0.003167641325536062,0.00341130604288499,0.004629629629629629,0.00341130604288499,0.005116959064327485,0.00341130604288499,0.003167641325536062,0.004873294346978557,0.003654970760233918,0.00341130604288499,0.003654970760233918,0.0021929824561403508,0.00341130604288499,0.003654970760233918,0.003898635477582846,0.0043859649122807015,0.0029239766081871343,0.003898635477582846,0.004142300194931774,0.0029239766081871343,0.004629629629629629,0.004142300194931774,0.0024366471734892786,0.0026803118908382065,0.0024366471734892786,0.003654970760233918,0.0026803118908382065,0.0029239766081871343,0.005360623781676413,0.0043859649122807015,0.0029239766081871343,0.003654970760233918,0.003654970760233918,0.004142300194931774,0.0026803118908382065,0.004629629629629629,0.004142300194931774,0.003167641325536062,0.004629629629629629,0.0029239766081871343,0.004873294346978557,0.003167641325536062,0.004142300194931774,0.003654970760233918,0.0029239766081871343,0.001949317738791423,0.00341130604288499,0.004629629629629629,0.0029239766081871343,0.005604288499025341,0.0026803118908382065,0.003654970760233918,0.003654970760233918,0.003167641325536062,0.0026803118908382065,0.0024366471734892786,0.00341130604288499,0.003898635477582846,0.003654970760233918,0.00341130604288499,0.004629629629629629,0.003167641325536062,0.0024366471734892786,0.003167641325536062,0.0029239766081871343,0.004142300194931774,0.003167641325536062,0.003898635477582846,0.0024366471734892786,0.001949317738791423,0.003167641325536062,0.0014619883040935672,0.005116959064327485,0.003654970760233918,0.0043859649122807015,0.003167641325536062,0.00341130604288499,0.003167641325536062,0.00341130604288499,0.003898635477582846,0.004873294346978557,0.003654970760233918,0.0029239766081871343,0.003898635477582846,0.00341130604288499,0.0026803118908382065,0.0043859649122807015,0.003898635477582846,0.003898635477582846,0.003654970760233918,0.004629629629629629,0.0026803118908382065,0.004142300194931774,0.005360623781676413,0.001949317738791423,0.003654970760233918,0.0043859649122807015,0.003654970760233918,0.003898635477582846,0.003167641325536062,0.004873294346978557,0.004873294346978557,0.0029239766081871343,0.003654970760233918,0.0029239766081871343,0.003898635477582846,0.005360623781676413,0.001705653021442495,0.0043859649122807015,0.0029239766081871343,0.003654970760233918,0.004629629629629629,0.0043859649122807015,7.866791
28,vimeo1,0,stream,131.202.240.150,23.235.44.143,58978,443,6,c02f,001100000e692e76696d656f63646e2e636f6d,0,http_content_type_NULL,http_user_agent_NULL,http_accept_language_NULL,http_server_NULL,http_code_NULL,i.vimeocdn.com,1800,1,dns_domain_rank_NULL,386.3333333333333,239.0332380420951,1517.5,1376.5,218,3,2,1159,3035,591,51,2894,141,19.238532110091743,24.0,33.94112549695428,73.0,0.0,72,146,72,0,73,73,0.041666666666666664,0.0136986301369863,0.022935779816513763,64,48,0.0,0.0,0.0,0.0,0.0,0.0,0.0,0.0,0.0,0.0,0.3333333333333333,0.0,0.0,0.0,0.0,0.0,0.0,0.0,0.0,0.0,0.0,0.0,0.0,0.0,0.0,0.0,0.0,0.0,0.0,0.0,0.0,0.0,0.0,0.0,0.0,0.0,0.0,0.0,0.0,0.0,0.0,0.0,0.0,0.0,0.0,0.0,0.0,0.0,0.0,0.0,0.0,0.0,0.0,0.0,0.0,0.0,0.0,0.0,0.0,0.0,0.3333333333333333,0.0,0.0,0.0,0.0,0.0,0.0,0.0,0.0,0.0,0.0,0.0,0.0,0.0,0.0,0.0,0.0,0.0,0.0,0.0,0.0,0.0,0.0,0.0,0.0,0.0,0.0,0.0,0.0,0.0,0.0,0.0,0.0,0.0,0.0,0.0,0.0,0.0,0.0,0.0,0.0,0.0,0.0,0.0,0.0,0.0,0.0,0.0,0.0,0.0,0.0,0.0,0.0,0.0,0.0,0.0,0.0,0.0,0.0,0.0,0.0,0.0,0.0,0.0,0.0,0.0,0.0,0.0,0.0,0.0,0.0,0.0,0.0,0.0,0.0,0.0,0.0,0.0,0.0,0.0,0.0,0.0,0.0,0.0,0.0,0.0,0.0,0.0,0.0,0.0,0.0,0.0,0.0,0.0,0.0,0.0,0.0,0.0,0.0,0.0,0.0,0.0,0.0,0.0,0.0,0.0,0.0,0.0,0.0,0.0,0.0,0.0,0.0,0.0,0.0,0.0,0.0,0.0,0.0,0.0,0.0,0.0,0.0,0.0,0.0,0.0,0.0,0.0,0.0,0.0,0.0,0.0,0.0,0.0,0.0,0.0,0.0,0.0,0.0,0.0,0.0,0.0,0.0,0.3333333333333333,0.0,0.0,0.0,0.0,0.0,0.0,0.0,0.0,0.0,0.0,0.0,0.0,0.0,0.0,0.0,0.0,0.0,0.0,0.0,0.0,0.0,0.0,0.0,0.0,0.0,0.0,0.0,0.0,0.0,0.0,0.0,0.0,0.0,0.0,0.0,0.0,0.0,0.0,0.0,0.0,0.0,0.0,0.0,0.0,0.0,0.0,0.0,0.0,0.0,0.0,0.0,0.0,0.0,0.0,0.0,0.0,0.0,0.0,0.0,0.0,0.0,0.0,0.0,0.0,0.0,0.0,0.0,0.0,0.0,0.0,0.0,0.0,0.0,0.0,0.0,0.0,0.0,0.0,0.0,0.0,0.0,0.0,0.0,0.0,0.0,0.0,0.0,0.0,0.0,0.0,0.0,0.0,0.0,0.0,0.0,0.0,0.0,0.0,0.0,0.0,0.0,0.0,0.0,0.0,0.0,0.0,0.0,0.0,0.0,0.0,0.0,0.0,0.0,0.0,0.0,0.0,0.0,0.0,0.0,0.0,0.0,0.0,0.0,0.0,0.0,0.0,0.0,0.0,0.0,0.0,0.0,0.0,0.0,0.0,0.0,0.0,0.0,0.0,0.0,0.0,0.0,0.0,0.0,0.0,0.0,0.0,0.0,0.0,0.0,0.0,0.0,0.0,0.0,0.0,0.0,0.0,0.0,0.0,0.0,0.0,0.0,0.0,0.0,0.0,0.0,0.0,0.0,0.0,0.0,0.0,0.0,0.0,0.0,0.0,0.0,0.0,0.0,0.0,0.0,0.0,0.0,0.0,0.0,0.0,0.0,0.0,0.0,0.0,0.0,0.0,0.0,0.0,0.0,0.0,0.0,0.0,0.03981878874582737,0.008345255126371007,0.005722460658082976,0.009060562708631379,0.004530281354315689,0.003814973772055317,0.004291845493562232,0.003099666189794945,0.005722460658082976,0.005007153075822604,0.004530281354315689,0.003814973772055317,0.0033381020505484026,0.003814973772055317,0.002861230329041488,0.004291845493562232,0.004768717215069146,0.002384358607534573,0.003814973772055317,0.005484024797329518,0.002861230329041488,0.003814973772055317,0.005245588936576061,0.0033381020505484026,0.005960896518836433,0.004291845493562232,0.004053409632808774,0.0019074868860276585,0.0026227944682880307,0.00357653791130186,0.002145922746781116,0.005007153075822604,0.0033381020505484026,0.0033381020505484026,0.007629947544110634,0.00357653791130186,0.002145922746781116,0.0033381020505484026,0.004291845493562232,0.003099666189794945,0.00357653791130186,0.003814973772055317,0.0033381020505484026,0.004053409632808774,0.005245588936576061,0.00357653791130186,0.005722460658082976,0.005245588936576061,0.004053409632808774,0.004291845493562232,0.00357653791130186,0.002145922746781116,0.002861230329041488,0.002384358607534573,0.00357653791130186,0.002861230329041488,0.0033381020505484026,0.003814973772055317,0.002384358607534573,0.003814973772055317,0.0033381020505484026,0.004053409632808774,0.0033381020505484026,0.004530281354315689,0.004291845493562232,0.00357653791130186,0.0026227944682880307,0.005960896518836433,0.002861230329041488,0.002384358607534573,0.003814973772055317,0.005722460658082976,0.0016690510252742013,0.0033381020505484026,0.002384358607534573,0.002145922746781116,0.004530281354315689,0.004530281354315689,0.002861230329041488,0.0033381020505484026,0.002861230329041488,0.004768717215069146,0.002861230329041488,0.004053409632808774,0.004291845493562232,0.004291845493562232,0.003099666189794945,0.004291845493562232,0.004530281354315689,0.0033381020505484026,0.0033381020505484026,0.0033381020505484026,0.003814973772055317,0.002145922746781116,0.00357653791130186,0.004768717215069146,0.003814973772055317,0.002861230329041488,0.004291845493562232,0.004768717215069146,0.0033381020505484026,0.0033381020505484026,0.0033381020505484026,0.002384358607534573,0.004530281354315689,0.0033381020505484026,0.004768717215069146,0.004053409632808774,0.003814973772055317,0.004291845493562232,0.004530281354315689,0.004768717215069146,0.004291845493562232,0.0033381020505484026,0.003099666189794945,0.004530281354315689,0.004291845493562232,0.004768717215069146,0.00357653791130186,0.002384358607534573,0.004768717215069146,0.003099666189794945,0.0019074868860276585,0.004530281354315689,0.0016690510252742013,0.002384358607534573,0.004768717215069146,0.003814973772055317,0.005245588936576061,0.002861230329041488,0.004530281354315689,0.003814973772055317,0.0033381020505484026,0.0033381020505484026,0.003814973772055317,0.0016690510252742013,0.00357653791130186,0.005007153075822604,0.003814973772055317,0.00357653791130186,0.0033381020505484026,0.003814973772055317,0.004053409632808774,0.0033381020505484026,0.004530281354315689,0.002145922746781116,0.002384358607534573,0.004291845493562232,0.004053409632808774,0.002384358607534573,0.005484024797329518,0.002384358607534573,0.004291845493562232,0.002861230329041488,0.005245588936576061,0.00357653791130186,0.004768717215069146,0.003099666189794945,0.004291845493562232,0.003099666189794945,0.002861230329041488,0.002384358607534573,0.002861230329041488,0.005245588936576061,0.005722460658082976,0.0033381020505484026,0.0033381020505484026,0.002384358607534573,0.0019074868860276585,0.003814973772055317,0.0033381020505484026,0.004768717215069146,0.003099666189794945,0.003099666189794945,0.003814973772055317,0.002861230329041488,0.004768717215069146,0.003099666189794945,0.0026227944682880307,0.00357653791130186,0.004768717215069146,0.004530281354315689,0.003814973772055317,0.00357653791130186,0.005484024797329518,0.002861230329041488,0.004530281354315689,0.00357653791130186,0.004530281354315689,0.002861230329041488,0.00357653791130186,0.005245588936576061,0.005960896518836433,0.005245588936576061,0.004053409632808774,0.00357653791130186,0.002384358607534573,0.004291845493562232,0.005245588936576061,0.003099666189794945,0.002145922746781116,0.003814973772055317,0.002145922746781116,0.003099666189794945,0.002861230329041488,0.00357653791130186,0.004768717215069146,0.002384358607534573,0.005960896518836433,0.002861230329041488,0.003099666189794945,0.002861230329041488,0.002861230329041488,0.003814973772055317,0.005007153075822604,0.004768717215069146,0.0033381020505484026,0.004053409632808774,0.005007153075822604,0.004530281354315689,0.003814973772055317,0.00357653791130186,0.004053409632808774,0.003099666189794945,0.004768717215069146,0.004291845493562232,0.003814973772055317,0.005722460658082976,0.003099666189794945,0.003099666189794945,0.002861230329041488,0.00357653791130186,0.002384358607534573,0.0033381020505484026,0.005245588936576061,0.004053409632808774,0.003814973772055317,0.004053409632808774,0.0026227944682880307,0.004053409632808774,0.004291845493562232,0.002861230329041488,0.004291845493562232,0.002384358607534573,0.002861230329041488,0.002861230329041488,0.002861230329041488,0.004768717215069146,0.0026227944682880307,0.003814973772055317,0.002384358607534573,0.0019074868860276585,0.0033381020505484026,0.005007153075822604,0.004530281354315689,0.002861230329041488,7.861427
29,vimeo1,0,stream,131.202.240.150,23.235.44.143,58979,443,6,c02f,001100000e692e76696d656f63646e2e636f6d,0,http_content_type_NULL,http_user_agent_NULL,http_accept_language_NULL,http_server_NULL,http_code_NULL,i.vimeocdn.com,1800,1,dns_domain_rank_NULL,475.5,193.42505008400542,3097.9032258064517,2137.2573826441712,4933,6,31,2853,96035,598,51,10704,141,20.046219339144535,719.8333333333334,1526.094843783381,19.806451612903224,33.38380847138489,4319,614,4131,0,87,0,0.0013892104653855058,0.050488599348534204,0.0075005067909993915,64,48,0.0,0.0,0.0,0.0,0.0,0.0,0.0,0.0,0.0,0.0,0.0625,0.0,0.0,0.0,0.0,0.0,0.0,0.0,0.0,0.0,0.0,0.0,0.0,0.0,0.0,0.0,0.0,0.0,0.0,0.0,0.0,0.0,0.0,0.0,0.0,0.0,0.0,0.0,0.0,0.0,0.0,0.0,0.0,0.0,0.0,0.0,0.0,0.0,0.0,0.0,0.0,0.0,0.0,0.0,0.0,0.0,0.0,0.0,0.0,0.0,0.0625,0.0,0.0,0.0,0.0,0.0,0.0,0.0,0.0,0.0,0.0,0.0,0.0,0.0,0.0,0.0,0.0625,0.0,0.125,0.0,0.0,0.0,0.0,0.0,0.0,0.0,0.0,0.0,0.0,0.0,0.0,0.0,0.0,0.0,0.0,0.0,0.0,0.0,0.0,0.0,0.0,0.0,0.0,0.0,0.0,0.0,0.0,0.0,0.0,0.0,0.0,0.0,0.0,0.0,0.0,0.0,0.0,0.0,0.0,0.0,0.0,0.0,0.0,0.0,0.0,0.0,0.0,0.0,0.0,0.0,0.0,0.0,0.0,0.0,0.0,0.0,0.0,0.0,0.0,0.0,0.0,0.0,0.0,0.0,0.0,0.0,0.0,0.0,0.0,0.0,0.0,0.0,0.0,0.0,0.0,0.0,0.0,0.0,0.0,0.0,0.0,0.0,0.0,0.0,0.0,0.0,0.0,0.0,0.0,0.0,0.0,0.0,0.0,0.0,0.0,0.0,0.0,0.0,0.0,0.0,0.0,0.0,0.0,0.0,0.0,0.0,0.0,0.0,0.0,0.0,0.0,0.0,0.0,0.0,0.0,0.0,0.0,0.0,0.0,0.0,0.0,0.0,0.0,0.0625,0.0,0.0,0.0,0.0,0.0,0.0,0.0,0.0,0.0,0.0,0.0,0.0,0.0,0.0,0.0,0.0,0.0,0.0,0.0,0.0,0.0,0.0,0.0,0.0,0.0,0.0,0.0,0.0,0.0,0.0,0.0,0.0,0.0,0.0,0.0,0.0,0.0,0.0,0.0,0.0,0.0,0.0,0.0,0.0,0.0,0.0,0.0,0.0,0.0,0.0,0.0,0.0,0.0,0.0,0.0,0.0,0.0,0.0,0.0,0.0,0.0,0.0,0.0,0.0,0.0,0.0,0.0,0.0,0.0,0.0,0.0,0.0,0.0,0.0,0.0,0.0,0.0,0.0,0.0,0.0,0.0,0.0,0.0,0.0,0.0,0.0,0.0,0.0,0.0,0.0,0.0,0.0,0.0,0.0,0.0,0.0,0.0,0.0,0.0,0.0,0.0,0.0,0.0,0.0,0.0,0.0,0.0,0.0,0.0,0.0,0.0,0.0,0.0,0.0,0.0,0.0,0.0,0.0,0.0,0.125,0.0,0.0,0.0,0.0,0.0,0.0,0.0,0.0,0.0,0.0,0.0,0.0,0.0,0.0,0.0,0.0,0.0,0.0,0.0,0.0,0.0,0.0,0.0,0.0,0.0,0.0,0.0,0.0,0.0,0.0,0.0,0.0,0.0,0.0,0.0,0.0,0.0,0.0,0.0,0.125,0.0,0.0,0.0,0.0,0.0,0.0,0.0,0.0,0.0,0.0,0.0,0.0,0.0,0.0,0.25,0.0625,0.0,0.0,0.0,0.0,0.0,0.0,0.0,0.0,0.0,0.0,0.0,0.0,0.0,0.0,0.0,0.0,0.0,0.0,0.0625,0.0,0.005603378268637323,0.0038980022738346596,0.003816793893129771,0.004750690271235991,0.004060419035244438,0.0038573980834822152,0.004222835796654215,0.0038573980834822152,0.003816793893129771,0.004060419035244438,0.0036949813220724377,0.0037761897027773265,0.0037761897027773265,0.003938606464187104,0.003938606464187104,0.003979210654539549,0.0037761897027773265,0.003938606464187104,0.004141627415949326,0.0037761897027773265,0.0037761897027773265,0.004304044177359104,0.004019814844891993,0.004101023225596882,0.0032077310378431055,0.0038980022738346596,0.0038573980834822152,0.004060419035244438,0.003938606464187104,0.003979210654539549,0.003735585512424882,0.003979210654539549,0.0037761897027773265,0.0037761897027773265,0.0038980022738346596,0.0038980022738346596,0.0038980022738346596,0.003938606464187104,0.0036543771317199933,0.003816793893129771,0.0037761897027773265,0.003735585512424882,0.0038573980834822152,0.0038980022738346596,0.004019814844891993,0.0038573980834822152,0.004304044177359104,0.004304044177359104,0.0038980022738346596,0.004060419035244438,0.0036543771317199933,0.0042634399870066595,0.003491960370310216,0.0038573980834822152,0.0038980022738346596,0.004060419035244438,0.0036949813220724377,0.003938606464187104,0.0038573980834822152,0.0038980022738346596,0.003816793893129771,0.0038573980834822152,0.0035325645606626606,0.0036543771317199933,0.004101023225596882,0.0038573980834822152,0.003979210654539549,0.003938606464187104,0.003938606464187104,0.003938606464187104,0.004141627415949326,0.003938606464187104,0.0038980022738346596,0.0038980022738346596,0.003735585512424882,0.003816793893129771,0.0038980022738346596,0.0038573980834822152,0.004222835796654215,0.0037761897027773265,0.0036949813220724377,0.004385252558063992,0.003613772941367549,0.0037761897027773265,0.003816793893129771,0.003938606464187104,0.003979210654539549,0.003735585512424882,0.004182231606301771,0.004141627415949326,0.004101023225596882,0.004385252558063992,0.0036949813220724377,0.004141627415949326,0.0035325645606626606,0.003816793893129771,0.003938606464187104,0.004060419035244438,0.003816793893129771,0.003735585512424882,0.0042634399870066595,0.0037761897027773265,0.004101023225596882,0.003613772941367549,0.0038573980834822152,0.003979210654539549,0.0037761897027773265,0.004101023225596882,0.004060419035244438,0.003613772941367549,0.003573168751015105,0.0038980022738346596,0.0038980022738346596,0.003938606464187104,0.003573168751015105,0.003816793893129771,0.0038573980834822152,0.004060419035244438,0.004060419035244438,0.003979210654539549,0.003451356179957772,0.0037761897027773265,0.0038980022738346596,0.004060419035244438,0.003816793893129771,0.0036543771317199933,0.0038980022738346596,0.003735585512424882,0.0038980022738346596,0.0038980022738346596,0.0042634399870066595,0.004019814844891993,0.004060419035244438,0.003573168751015105,0.0037761897027773265,0.003613772941367549,0.0035325645606626606,0.004019814844891993,0.0038573980834822152,0.003735585512424882,0.003979210654539549,0.003979210654539549,0.0038980022738346596,0.0038980022738346596,0.004101023225596882,0.0036949813220724377,0.0036543771317199933,0.003979210654539549,0.0035325645606626606,0.004060419035244438,0.0037761897027773265,0.004182231606301771,0.003938606464187104,0.0036949813220724377,0.004060419035244438,0.004060419035244438,0.003979210654539549,0.003979210654539549,0.004182231606301771,0.003816793893129771,0.004101023225596882,0.0037761897027773265,0.003938606464187104,0.003816793893129771,0.0036543771317199933,0.003938606464187104,0.003735585512424882,0.003816793893129771,0.0038573980834822152,0.004182231606301771,0.004222835796654215,0.003735585512424882,0.003938606464187104,0.004101023225596882,0.0036949813220724377,0.003816793893129771,0.0034107519896053274,0.004222835796654215,0.003938606464187104,0.0038980022738346596,0.004222835796654215,0.0038573980834822152,0.0036949813220724377,0.003816793893129771,0.003979210654539549,0.003938606464187104,0.004141627415949326,0.003816793893129771,0.003816793893129771,0.0044664609387688806,0.003816793893129771,0.003816793893129771,0.003979210654539549,0.0036949813220724377,0.004101023225596882,0.004019814844891993,0.0038573980834822152,0.003816793893129771,0.004019814844891993,0.003451356179957772,0.0038980022738346596,0.004019814844891993,0.0042634399870066595,0.003938606464187104,0.004222835796654215,0.0036543771317199933,0.004019814844891993,0.0036949813220724377,0.004019814844891993,0.003735585512424882,0.003938606464187104,0.004019814844891993,0.003816793893129771,0.0037761897027773265,0.0036949813220724377,0.004019814844891993,0.003735585512424882,0.0036543771317199933,0.0038573980834822152,0.004019814844891993,0.003816793893129771,0.0038980022738346596,0.0036543771317199933,0.0042634399870066595,0.0038980022738346596,0.0036543771317199933,0.003938606464187104,0.0038573980834822152,0.003370147799252883,0.004019814844891993,0.0036949813220724377,0.003938606464187104,0.0038573980834822152,0.0036949813220724377,0.0038573980834822152,0.004101023225596882,0.0037761897027773265,0.0038573980834822152,0.004101023225596882,0.0036543771317199933,0.0035325645606626606,0.004141627415949326,0.004019814844891993,0.0038573980834822152,0.0038573980834822152,0.004101023225596882,0.004101023225596882,0.003816793893129771,0.003938606464187104,0.004101023225596882,0.0038573980834822152,0.004182231606301771,0.003735585512424882,0.0037761897027773265,0.004141627415949326,0.004222835796654215,2.491269
30,vimeo1,0,stream,131.202.240.150,23.235.44.143,58980,443,6,c02f,001100000e692e76696d656f63646e2e636f6d,0,http_content_type_NULL,http_user_agent_NULL,http_accept_language_NULL,http_server_NULL,http_code_NULL,i.vimeocdn.com,1800,1,dns_domain_rank_NULL,386.3333333333333,239.0332380420951,459.5,318.5,221,3,2,1159,919,591,51,778,141,9.402714932126697,24.666666666666668,34.883934538536344,73.5,0.5,74,147,74,0,74,73,0.04054054054054054,0.013605442176870748,0.02262443438914027,64,48,0.0,0.0,0.0,0.0,0.0,0.0,0.0,0.0,0.0,0.0,0.25,0.0,0.0,0.0,0.0,0.0,0.0,0.0,0.0,0.0,0.0,0.0,0.0,0.0,0.0,0.0,0.0,0.0,0.0,0.0,0.0,0.0,0.0,0.0,0.0,0.0,0.0,0.0,0.0,0.0,0.0,0.0,0.0,0.0,0.0,0.0,0.0,0.0,0.0,0.0,0.0,0.0,0.0,0.0,0.0,0.0,0.0,0.0,0.0,0.0,0.25,0.0,0.0,0.0,0.0,0.0,0.0,0.0,0.0,0.0,0.0,0.0,0.0,0.0,0.0,0.0,0.0,0.0,0.0,0.0,0.0,0.0,0.0,0.0,0.0,0.0,0.0,0.0,0.0,0.0,0.0,0.0,0.0,0.0,0.0,0.0,0.0,0.0,0.0,0.0,0.0,0.0,0.0,0.0,0.0,0.0,0.0,0.0,0.0,0.0,0.0,0.0,0.0,0.0,0.0,0.0,0.0,0.0,0.0,0.0,0.0,0.0,0.0,0.0,0.0,0.0,0.0,0.0,0.0,0.0,0.0,0.0,0.0,0.0,0.0,0.0,0.0,0.0,0.0,0.0,0.0,0.0,0.0,0.0,0.0,0.0,0.0,0.0,0.0,0.0,0.0,0.0,0.0,0.0,0.0,0.0,0.0,0.0,0.0,0.0,0.0,0.0,0.0,0.0,0.0,0.0,0.0,0.0,0.0,0.0,0.0,0.0,0.0,0.0,0.0,0.0,0.0,0.0,0.0,0.0,0.0,0.0,0.0,0.0,0.0,0.0,0.0,0.0,0.0,0.0,0.0,0.0,0.0,0.0,0.0,0.0,0.0,0.0,0.0,0.0,0.0,0.0,0.0,0.25,0.0,0.0,0.0,0.0,0.0,0.0,0.0,0.0,0.0,0.0,0.0,0.0,0.0,0.0,0.0,0.0,0.0,0.0,0.0,0.0,0.0,0.0,0.0,0.0,0.0,0.0,0.0,0.0,0.0,0.0,0.0,0.0,0.0,0.0,0.0,0.0,0.0,0.0,0.0,0.0,0.0,0.0,0.0,0.0,0.0,0.0,0.0,0.0,0.0,0.0,0.0,0.0,0.0,0.0,0.0,0.0,0.0,0.0,0.0,0.0,0.0,0.0,0.0,0.0,0.0,0.0,0.0,0.0,0.0,0.0,0.0,0.0,0.0,0.0,0.0,0.0,0.0,0.0,0.0,0.0,0.0,0.0,0.0,0.0,0.0,0.0,0.0,0.0,0.0,0.0,0.0,0.0,0.0,0.0,0.0,0.0,0.0,0.0,0.0,0.25,0.0,0.0,0.0,0.0,0.0,0.0,0.0,0.0,0.0,0.0,0.0,0.0,0.0,0.0,0.0,0.0,0.0,0.0,0.0,0.0,0.0,0.0,0.0,0.0,0.0,0.0,0.0,0.0,0.0,0.0,0.0,0.0,0.0,0.0,0.0,0.0,0.0,0.0,0.0,0.0,0.0,0.0,0.0,0.0,0.0,0.0,0.0,0.0,0.0,0.0,0.0,0.0,0.0,0.0,0.0,0.0,0.0,0.0,0.0,0.0,0.0,0.0,0.0,0.0,0.0,0.0,0.0,0.0,0.0,0.0,0.0,0.0,0.0,0.0,0.0,0.0,0.0,0.0,0.0,0.0,0.0,0.0,0.0,0.0,0.0,0.0,0.0,0.0,0.0,0.0,0.0,0.0,0.0,0.0,0.0,0.0,0.07651588065447545,0.015399422521655439,0.006256015399422521,0.01203079884504331,0.0038498556304138597,0.005774783445620789,0.005774783445620789,0.004331087584215592,0.0038498556304138597,0.0038498556304138597,0.006256015399422521,0.0028873917228103944,0.004331087584215592,0.004331087584215592,0.002406159769008662,0.0052935514918190565,0.0038498556304138597,0.0038498556304138597,0.007218479307025986,0.004812319538017324,0.0052935514918190565,0.004331087584215592,0.006256015399422521,0.006737247353224254,0.0038498556304138597,0.003368623676612127,0.0028873917228103944,0.002406159769008662,0.00048123195380173246,0.004812319538017324,0.003368623676612127,0.002406159769008662,0.003368623676612127,0.004812319538017324,0.003368623676612127,0.004331087584215592,0.0038498556304138597,0.004331087584215592,0.0014436958614051972,0.0038498556304138597,0.006256015399422521,0.005774783445620789,0.003368623676612127,0.0019249278152069298,0.0038498556304138597,0.0038498556304138597,0.007218479307025986,0.006256015399422521,0.0052935514918190565,0.0038498556304138597,0.0028873917228103944,0.0052935514918190565,0.006737247353224254,0.004812319538017324,0.0019249278152069298,0.0014436958614051972,0.003368623676612127,0.003368623676612127,0.0028873917228103944,0.003368623676612127,0.0028873917228103944,0.0038498556304138597,0.003368623676612127,0.0028873917228103944,0.0028873917228103944,0.004812319538017324,0.002406159769008662,0.002406159769008662,0.003368623676612127,0.0009624639076034649,0.0038498556304138597,0.0028873917228103944,0.0,0.004812319538017324,0.002406159769008662,0.003368623676612127,0.002406159769008662,0.004331087584215592,0.0038498556304138597,0.004331087584215592,0.0038498556304138597,0.0014436958614051972,0.0052935514918190565,0.002406159769008662,0.0028873917228103944,0.0028873917228103944,0.0028873917228103944,0.002406159769008662,0.0028873917228103944,0.002406159769008662,0.0014436958614051972,0.0028873917228103944,0.0009624639076034649,0.0028873917228103944,0.002406159769008662,0.006256015399422521,0.0038498556304138597,0.003368623676612127,0.0028873917228103944,0.006256015399422521,0.004812319538017324,0.002406159769008662,0.003368623676612127,0.0019249278152069298,0.002406159769008662,0.0028873917228103944,0.0052935514918190565,0.004812319538017324,0.002406159769008662,0.0038498556304138597,0.0052935514918190565,0.003368623676612127,0.006256015399422521,0.0009624639076034649,0.003368623676612127,0.003368623676612127,0.0052935514918190565,0.006256015399422521,0.0038498556304138597,0.002406159769008662,0.0038498556304138597,0.0028873917228103944,0.0014436958614051972,0.003368623676612127,0.0019249278152069298,0.0009624639076034649,0.002406159769008662,0.003368623676612127,0.004812319538017324,0.002406159769008662,0.0052935514918190565,0.004331087584215592,0.002406159769008662,0.003368623676612127,0.003368623676612127,0.0028873917228103944,0.004812319538017324,0.0019249278152069298,0.0028873917228103944,0.0028873917228103944,0.0019249278152069298,0.002406159769008662,0.0038498556304138597,0.004331087584215592,0.003368623676612127,0.003368623676612127,0.003368623676612127,0.0028873917228103944,0.005774783445620789,0.0019249278152069298,0.0028873917228103944,0.0009624639076034649,0.004812319538017324,0.003368623676612127,0.003368623676612127,0.0028873917228103944,0.0028873917228103944,0.004331087584215592,0.0028873917228103944,0.0009624639076034649,0.005774783445620789,0.003368623676612127,0.004331087584215592,0.0038498556304138597,0.0038498556304138597,0.002406159769008662,0.004812319538017324,0.0014436958614051972,0.002406159769008662,0.004812319538017324,0.0028873917228103944,0.004812319538017324,0.0028873917228103944,0.002406159769008662,0.004812319538017324,0.0019249278152069298,0.002406159769008662,0.0028873917228103944,0.0028873917228103944,0.004331087584215592,0.002406159769008662,0.004812319538017324,0.004331087584215592,0.004331087584215592,0.005774783445620789,0.0028873917228103944,0.0028873917228103944,0.0009624639076034649,0.0052935514918190565,0.00048123195380173246,0.004331087584215592,0.003368623676612127,0.008662175168431183,0.002406159769008662,0.002406159769008662,0.0028873917228103944,0.003368623676612127,0.002406159769008662,0.0028873917228103944,0.004331087584215592,0.0014436958614051972,0.004812319538017324,0.0014436958614051972,0.0014436958614051972,0.003368623676612127,0.0014436958614051972,0.004331087584215592,0.0,0.0019249278152069298,0.004812319538017324,0.004812319538017324,0.004812319538017324,0.0009624639076034649,0.0009624639076034649,0.004812319538017324,0.0038498556304138597,0.003368623676612127,0.0014436958614051972,0.0052935514918190565,0.004812319538017324,0.004812319538017324,0.0014436958614051972,0.006256015399422521,0.0019249278152069298,0.0052935514918190565,0.0038498556304138597,0.0052935514918190565,0.003368623676612127,0.002406159769008662,0.0028873917228103944,0.0028873917228103944,0.0014436958614051972,0.003368623676612127,0.003368623676612127,0.004812319538017324,0.0009624639076034649,0.0038498556304138597,0.003368623676612127,0.0038498556304138597,0.0052935514918190565,0.0052935514918190565,0.0038498556304138597,0.003368623676612127,0.0028873917228103944,0.005774783445620789,0.0019249278152069298,0.005774783445620789,0.0019249278152069298,0.002406159769008662,0.006737247353224254,0.0038498556304138597,0.0019249278152069298,0.003368623676612127,0.0038498556304138597,0.004331087584215592,0.005774783445620789,7.626527
31,vimeo1,0,stream,131.202.240.150,131.202.6.3,27594,53,17,scs_str_NULL,server_name_str_NULL,0,http_content_type_NULL,http_user_agent_NULL,http_accept_language_NULL,http_server_NULL,http_code_NULL,dns_domain_name_NULL,dns_ttl_NULL,dns_num_ip_NULL,dns_domain_rank_NULL,43.0,0.0,274.0,0.0,40,1,1,43,274,43,43,274,274,7.925,0.0,0,40.0,0.0,0,40,0,0,40,40,0,0.025,0.05,64,60,0.0,0.0,0.0,0.0,0.0,0.0,0.0,0.0,0.0,0.0,0.0,0.0,0.0,0.0,0.0,0.0,0.0,0.0,0.0,0.0,0.0,0.0,0.0,0.0,0.0,0.0,0.0,0.0,0.0,0.0,0.0,0.0,0.0,0.0,0.0,0.0,0.0,0.0,0.0,0.0,0.0,0.0,0.0,0.0,0.0,0.0,0.0,0.0,0.0,0.0,0.0,0.0,0.0,0.0,0.0,0.0,0.0,0.0,0.0,0.0,0.0,0.0,0.0,0.0,0.0,0.0,0.0,0.0,0.0,0.0,0.0,0.0,0.0,0.0,0.0,0.0,0.0,0.0,0.0,0.0,0.0,0.0,0.0,0.0,0.0,0.0,0.0,0.0,0.0,0.0,0.0,0.0,0.0,0.0,0.0,0.0,0.0,0.0,0.0,0.0,0.0,0.0,0.0,0.0,0.0,0.0,0.0,0.0,0.0,0.0,0.0,0.0,0.0,0.0,0.0,0.0,0.0,0.0,0.0,0.0,0.0,0.0,0.0,0.0,0.0,0.0,0.0,0.0,0.0,0.0,0.0,0.0,0.0,0.0,0.0,0.0,0.0,0.0,0.0,0.0,0.0,0.0,0.0,0.0,0.0,0.0,0.0,0.0,0.0,0.0,0.0,0.0,0.0,0.0,0.0,0.0,0.0,0.0,0.0,0.0,0.0,0.0,0.0,0.0,0.0,0.0,0.0,0.0,0.0,0.0,0.0,0.0,0.0,0.0,0.0,0.0,0.0,0.0,0.0,0.0,0.0,0.0,0.0,0.0,0.0,0.0,0.0,0.0,0.0,0.0,0.0,0.0,0.0,0.0,0.0,0.0,0.0,0.0,0.0,0.0,0.0,0.0,0.0,0.0,0.0,0.0,0.0,0.0,0.0,0.0,0.0,0.0,0.0,0.0,0.0,0.0,0.0,0.0,0.0,0.0,1.0,0.0,0.0,0.0,0.0,0.0,0.0,0.0,0.0,0.0,0.0,0.0,0.0,0.0,0.0,0.0,0.0,0.0,0.0,0.0,0.0,0.0,0.0,0.0,0.0,0.0,0.0,0.0,0.0,0.0,0.0,0.0,0.0,0.0,0.0,0.0,0.0,0.0,0.0,0.0,0.0,0.0,0.0,0.0,0.0,0.0,0.0,0.0,0.0,0.0,0.0,0.0,0.0,0.0,0.0,0.0,0.0,0.0,0.0,0.0,0.0,0.0,0.0,0.0,0.0,0.0,0.0,0.0,0.0,0.0,0.0,0.0,0.0,0.0,0.0,0.0,0.0,0.0,0.0,0.0,0.0,0.0,0.0,0.0,0.0,0.0,0.0,0.0,0.0,0.0,0.0,0.0,0.0,0.0,0.0,0.0,0.0,0.0,0.0,0.0,0.0,0.0,0.0,0.0,0.0,0.0,0.0,0.0,0.0,0.0,0.0,0.0,0.0,0.0,0.0,0.0,0.0,0.0,0.0,0.0,0.0,0.0,0.0,0.0,0.0,0.0,0.0,0.0,0.0,0.0,0.0,0.0,0.0,0.0,0.0,0.0,0.0,0.0,0.0,0.0,0.0,0.0,0.0,0.0,0.0,0.0,0.0,0.0,0.0,0.0,0.0,0.0,0.0,0.0,0.0,0.0,0.0,0.0,0.0,0.0,0.0,0.0,0.0,0.0,0.0,0.0,0.0,0.0,0.0,0.0,0.0,0.0,0.0,0.0,0.0,0.0,0.0,0.0,0.0,0.0,0.22082018927444794,0.12302839116719243,0.012618296529968454,0.028391167192429023,0.031545741324921134,0.0031545741324921135,0.012618296529968454,0.0,0.0031545741324921135,0.0,0.012618296529968454,0.0031545741324921135,0.0031545741324921135,0.006309148264984227,0.0,0.0,0.0,0.006309148264984227,0.0,0.0,0.0,0.0,0.0,0.0,0.0,0.012618296529968454,0.0031545741324921135,0.0,0.0031545741324921135,0.0,0.0,0.0,0.0031545741324921135,0.0031545741324921135,0.006309148264984227,0.0,0.0031545741324921135,0.0,0.0031545741324921135,0.0,0.0,0.0,0.0,0.0,0.00946372239747634,0.0,0.0,0.0,0.0,0.0031545741324921135,0.0031545741324921135,0.0031545741324921135,0.006309148264984227,0.0,0.0031545741324921135,0.00946372239747634,0.00946372239747634,0.0,0.0,0.0,0.012618296529968454,0.0,0.0,0.0,0.0,0.0,0.012618296529968454,0.0,0.0,0.0,0.0,0.0,0.0,0.0,0.00946372239747634,0.0,0.0,0.0,0.0,0.0,0.0,0.0,0.0,0.0,0.0,0.0,0.0,0.0,0.0,0.0,0.0,0.0,0.0,0.0,0.0,0.0,0.0,0.012618296529968454,0.0031545741324921135,0.01892744479495268,0.006309148264984227,0.031545741324921134,0.0,0.028391167192429023,0.0,0.00946372239747634,0.0,0.0031545741324921135,0.01892744479495268,0.006309148264984227,0.015772870662460567,0.028391167192429023,0.0031545741324921135,0.0,0.006309148264984227,0.025236593059936908,0.00946372239747634,0.0031545741324921135,0.006309148264984227,0.01892744479495268,0.0,0.0,0.0,0.0,0.0,0.00946372239747634,0.0,0.0,0.0031545741324921135,0.0031545741324921135,0.0031545741324921135,0.0,0.0,0.0,0.0,0.0,0.0,0.0,0.0,0.0,0.0,0.0,0.0,0.0031545741324921135,0.0,0.0,0.0,0.00946372239747634,0.0,0.0,0.0,0.0,0.0,0.0,0.0,0.0,0.0,0.0,0.0,0.0,0.0,0.0,0.0,0.0,0.0,0.0,0.0,0.0,0.0031545741324921135,0.0,0.0,0.0,0.0,0.0,0.0031545741324921135,0.0,0.0,0.0,0.0,0.0,0.0,0.0,0.0,0.0,0.0,0.0,0.0031545741324921135,0.0,0.0,0.0,0.0,0.0,0.050473186119873815,0.0,0.0,0.0,0.0,0.0,0.0,0.0,0.0,0.0,0.0,0.0,0.0031545741324921135,0.0,0.0,0.0,0.0,0.0,0.0,0.0,0.0,0.0,0.0,0.0,0.012618296529968454,0.0,0.0,0.0,0.0,0.0,0.0,0.0,0.0,0.0,0.00946372239747634,0.0,0.0,0.0,0.0,0.01892744479495268,0.0,0.0,0.0,0.0,0.0,0.0,0.0,0.012618296529968454,0.0,0.0,0.0,0.0,0.0,0.0,0.0031545741324921135,0.0,0.0,0.0,0.0,0.0,0.0,0.006309148264984227,0.0,0.0,4.896192
32,vimeo1,0,stream,131.202.240.150,23.235.33.217,40229,443,6,c02f,0013000010706c617965722e76696d656f2e636f6d,528,http_content_type_NULL,http_user_agent_NULL,http_accept_language_NULL,http_server_NULL,http_code_NULL,player.vimeo.com,dns_ttl_NULL,4,dns_domain_rank_NULL,597.2857142857143,561.2164630223768,1334.0,1076.5821579689787,5186,7,7,4181,9338,1338,60,3825,274,2.6068260701889705,679.4285714285714,1584.184951065902,61.42857142857143,48.2578110416398,4756,430,4558,0,122,0,0.001471825063078217,0.01627906976744186,0.002699575780948708,64,52,0.0,0.0,0.0,0.0,0.0,0.0,0.0,0.0,0.16666666666666666,0.0,0.0,0.0,0.0,0.0,0.0,0.0,0.0,0.08333333333333333,0.0,0.0,0.0,0.0,0.0,0.0,0.0,0.0,0.0,0.0,0.0,0.0,0.0,0.0,0.0,0.0,0.0,0.0,0.0,0.0,0.0,0.0,0.0,0.0,0.0,0.0,0.0,0.0,0.0,0.0,0.0,0.0,0.0,0.0,0.0,0.0,0.0,0.0,0.0,0.0,0.0,0.0,0.0,0.0,0.0,0.0,0.0,0.0,0.0,0.0,0.0,0.0,0.0,0.0,0.0,0.0,0.0,0.0,0.0,0.0,0.0,0.0,0.0,0.0,0.0,0.0,0.0,0.0,0.0,0.0,0.0,0.0,0.0,0.0,0.0,0.0,0.0,0.0,0.0,0.0,0.0,0.0,0.0,0.0,0.0,0.0,0.0,0.0,0.0,0.0,0.0,0.0,0.0,0.0,0.0,0.0,0.0,0.0,0.0,0.0,0.0,0.0,0.0,0.0,0.0,0.0,0.0,0.0,0.0,0.0,0.0,0.0,0.0,0.08333333333333333,0.0,0.0,0.0,0.0,0.0,0.0,0.0,0.0,0.0,0.0,0.0,0.0,0.0,0.0,0.0,0.0,0.0,0.0,0.0,0.0,0.0,0.0,0.0,0.0,0.0,0.0,0.0,0.0,0.0,0.0,0.0,0.0,0.0,0.0,0.08333333333333333,0.0,0.0,0.0,0.0,0.0,0.0,0.0,0.08333333333333333,0.0,0.0,0.0,0.0,0.0,0.0,0.0,0.0,0.0,0.0,0.0,0.0,0.0,0.0,0.0,0.0,0.0,0.0,0.0,0.0,0.0,0.0,0.0,0.0,0.0,0.0,0.0,0.0,0.0,0.0,0.0,0.0,0.0,0.0,0.0,0.0,0.0,0.0,0.0,0.0,0.0,0.0,0.0,0.0,0.0,0.08333333333333333,0.0,0.0,0.0,0.0,0.0,0.0,0.0,0.0,0.0,0.0,0.0,0.0,0.0,0.0,0.0,0.0,0.0,0.0,0.0,0.0,0.0,0.0,0.0,0.0,0.0,0.0,0.0,0.0,0.0,0.0,0.0,0.0,0.0,0.0,0.0,0.0,0.0,0.0,0.0,0.0,0.0,0.0,0.0,0.0,0.0,0.0,0.0,0.0,0.0,0.0,0.0,0.0,0.0,0.0,0.0,0.0,0.0,0.0,0.0,0.16666666666666666,0.0,0.0,0.0,0.0,0.0,0.0,0.0,0.0,0.0,0.0,0.0,0.0,0.0,0.0,0.0,0.0,0.0,0.0,0.0,0.0,0.0,0.0,0.0,0.0,0.0,0.0,0.0,0.0,0.0,0.0,0.0,0.0,0.0,0.0,0.0,0.0,0.0,0.0,0.0,0.0,0.0,0.0,0.0,0.0,0.0,0.0,0.0,0.0,0.0,0.0,0.0,0.0,0.0,0.0,0.0,0.0,0.0,0.0,0.0,0.0,0.0,0.0,0.0,0.0,0.0,0.0,0.0,0.0,0.0,0.0,0.0,0.0,0.0,0.0,0.0,0.0,0.0,0.08333333333333333,0.0,0.0,0.08333333333333333,0.0,0.0,0.0,0.0,0.0,0.0,0.0,0.0,0.0,0.0,0.0,0.0,0.0,0.0,0.0,0.0,0.08333333333333333,0.0,0.0,0.0,0.0,0.0,0.0,0.0,0.0,0.0,0.0,0.0,0.0,0.0,0.0,0.0,0.0,0.0,0.0,0.0,0.0,0.0,0.02732566820964611,0.012990891443930118,0.005076900104524414,0.01119904434821562,0.007615350156786621,0.006122144243691205,0.008212632522024787,0.005226220695833956,0.004479617739286248,0.00477825892190533,0.004330297147976706,0.004927579513214872,0.003285053008809915,0.0046289383305957894,0.0034343736001194564,0.0038823353740480814,0.0031357324175003733,0.00283709123488129,0.0038823353740480814,0.00477825892190533,0.004330297147976706,0.002986411826190832,0.004330297147976706,0.004180976556667164,0.0034343736001194564,0.0031357324175003733,0.0038823353740480814,0.0031357324175003733,0.003285053008809915,0.0038823353740480814,0.003583694191428998,0.0031357324175003733,0.007316708974167537,0.003285053008809915,0.002538450052262207,0.0031357324175003733,0.002389129460952665,0.0037330147827385396,0.003285053008809915,0.0034343736001194564,0.002986411826190832,0.0038823353740480814,0.004031655965357623,0.0037330147827385396,0.004479617739286248,0.004031655965357623,0.006420785426310288,0.006868747200238913,0.012393609078691952,0.006868747200238913,0.0046289383305957894,0.004330297147976706,0.003583694191428998,0.0038823353740480814,0.003285053008809915,0.0038823353740480814,0.005076900104524414,0.004031655965357623,0.004330297147976706,0.003285053008809915,0.002986411826190832,0.0037330147827385396,0.00283709123488129,0.002986411826190832,0.002538450052262207,0.004927579513214872,0.004330297147976706,0.0046289383305957894,0.004031655965357623,0.00283709123488129,0.003285053008809915,0.0037330147827385396,0.004479617739286248,0.0038823353740480814,0.003583694191428998,0.003583694191428998,0.003285053008809915,0.004330297147976706,0.003583694191428998,0.002389129460952665,0.0034343736001194564,0.00283709123488129,0.004479617739286248,0.0037330147827385396,0.0034343736001194564,0.0046289383305957894,0.004180976556667164,0.0034343736001194564,0.0034343736001194564,0.003285053008809915,0.0026877706435717488,0.0034343736001194564,0.003583694191428998,0.003583694191428998,0.002389129460952665,0.002389129460952665,0.0031357324175003733,0.0053755412871434975,0.004031655965357623,0.007466029565477079,0.0046289383305957894,0.008212632522024787,0.003583694191428998,0.0053755412871434975,0.004479617739286248,0.007466029565477079,0.0034343736001194564,0.0037330147827385396,0.005076900104524414,0.004479617739286248,0.004330297147976706,0.005972823652381664,0.004927579513214872,0.004330297147976706,0.006868747200238913,0.0053755412871434975,0.007913991339405704,0.0038823353740480814,0.0031357324175003733,0.004330297147976706,0.0046289383305957894,0.004479617739286248,0.0031357324175003733,0.0037330147827385396,0.0031357324175003733,0.002389129460952665,0.003583694191428998,0.00283709123488129,0.004330297147976706,0.0031357324175003733,0.005823503061072122,0.0031357324175003733,0.0034343736001194564,0.003285053008809915,0.004927579513214872,0.002389129460952665,0.004180976556667164,0.003285053008809915,0.0034343736001194564,0.002986411826190832,0.002986411826190832,0.003285053008809915,0.0031357324175003733,0.0038823353740480814,0.004031655965357623,0.003285053008809915,0.0031357324175003733,0.002986411826190832,0.002986411826190832,0.002090488278333582,0.00283709123488129,0.004479617739286248,0.003285053008809915,0.003285053008809915,0.0031357324175003733,0.002538450052262207,0.002389129460952665,0.002538450052262207,0.002090488278333582,0.0031357324175003733,0.0034343736001194564,0.002389129460952665,0.00477825892190533,0.0034343736001194564,0.00283709123488129,0.002986411826190832,0.002986411826190832,0.0026877706435717488,0.003285053008809915,0.0038823353740480814,0.0034343736001194564,0.0038823353740480814,0.0038823353740480814,0.003583694191428998,0.0038823353740480814,0.0031357324175003733,0.0031357324175003733,0.002389129460952665,0.0031357324175003733,0.0038823353740480814,0.0034343736001194564,0.0034343736001194564,0.002538450052262207,0.0034343736001194564,0.0038823353740480814,0.002986411826190832,0.00283709123488129,0.002986411826190832,0.002538450052262207,0.00283709123488129,0.003583694191428998,0.0034343736001194564,0.0034343736001194564,0.004180976556667164,0.002986411826190832,0.0037330147827385396,0.003285053008809915,0.0026877706435717488,0.003583694191428998,0.0038823353740480814,0.0034343736001194564,0.0031357324175003733,0.002239808869643124,0.0026877706435717488,0.0031357324175003733,0.0038823353740480814,0.0034343736001194564,0.00283709123488129,0.0026877706435717488,0.002538450052262207,0.0031357324175003733,0.0034343736001194564,0.0034343736001194564,0.004031655965357623,0.002538450052262207,0.002986411826190832,0.0026877706435717488,0.004180976556667164,0.0038823353740480814,0.0034343736001194564,0.002538450052262207,0.003285053008809915,0.0034343736001194564,0.003583694191428998,0.0037330147827385396,0.004927579513214872,0.004330297147976706,0.00283709123488129,0.002986411826190832,0.0034343736001194564,0.002986411826190832,0.003583694191428998,0.0034343736001194564,0.003583694191428998,0.002389129460952665,0.003583694191428998,0.002389129460952665,0.004031655965357623,0.002986411826190832,0.002986411826190832,0.004180976556667164,0.002389129460952665,0.0034343736001194564,0.0031357324175003733,0.004180976556667164,0.0026877706435717488,0.002389129460952665,0.00477825892190533,0.002986411826190832,0.0026877706435717488,0.004031655965357623,0.003285053008809915,0.002538450052262207,0.0034343736001194564,0.0031357324175003733,0.004330297147976706,4.405339
33,vimeo1,0,stream,131.202.240.150,74.125.226.26,39410,443,6,c02f,001c0000197777772e676f6f676c6574616773657276696365732e636f6d,528,http_content_type_NULL,http_user_agent_NULL,http_accept_language_NULL,http_server_NULL,http_code_NULL,www.googletagservices.com,74230,3,dns_domain_rank_NULL,110.6,90.72728365822489,874.5,680.2467689498177,220,10,24,1106,20988,262,38,2640,38,100.42727272727272,11.5,24.479583329787296,4.375,9.724592964918035,115,105,81,0,32,0,0.08695652173913043,0.22857142857142856,0.15454545454545454,64,55,0.09375,0.03125,0.0,0.0,0.0,0.0,0.0,0.0,0.0,0.0,0.09375,0.0,0.0,0.0,0.0,0.0,0.0,0.0,0.0,0.0,0.03125,0.0,0.0,0.0,0.0,0.0,0.0,0.0,0.0,0.0,0.0,0.0,0.0,0.0,0.0,0.0,0.03125,0.0,0.0,0.0,0.0,0.0,0.0,0.0,0.0,0.0,0.0,0.0,0.0,0.0,0.0,0.0,0.0,0.0,0.0,0.0,0.0,0.0,0.0,0.0,0.0,0.0,0.0,0.0,0.0,0.0,0.0,0.0,0.0,0.0,0.0,0.0,0.0,0.0,0.0,0.0,0.0,0.0,0.0,0.0,0.0,0.0,0.0,0.0,0.0,0.0,0.0,0.0,0.0,0.0,0.0,0.0,0.0,0.0,0.0,0.0,0.0,0.0,0.0,0.0,0.0,0.0,0.0,0.0,0.0,0.0,0.0,0.0,0.0,0.0,0.0,0.0,0.0,0.0,0.0,0.0,0.0,0.0,0.0,0.0,0.0,0.0,0.0,0.0,0.0,0.0,0.0,0.0,0.0,0.0,0.0,0.0,0.0,0.0,0.0,0.0,0.0,0.0,0.0,0.0,0.0,0.0,0.0,0.0,0.0,0.0,0.0,0.0,0.0,0.0,0.0,0.0,0.0,0.0,0.0,0.0,0.0,0.0,0.0,0.0,0.0,0.0,0.0,0.0,0.0,0.0,0.0,0.0,0.0,0.0,0.0,0.0,0.0,0.0,0.0,0.0,0.0,0.0,0.0,0.0,0.0,0.0,0.0,0.0,0.0,0.0,0.0,0.0,0.0,0.0,0.0,0.0,0.0,0.0,0.0,0.0,0.0,0.0,0.0,0.0,0.0625,0.0,0.0,0.0,0.0,0.0,0.0,0.0,0.0,0.0,0.09375,0.03125,0.03125,0.0,0.0,0.0,0.0,0.0,0.0,0.0,0.0,0.03125,0.0,0.0,0.0,0.0,0.0,0.0,0.0,0.0,0.0,0.0,0.0,0.0,0.0,0.0,0.0,0.0,0.0,0.0,0.0,0.0,0.0,0.0,0.0,0.0,0.0,0.0,0.0,0.0,0.03125,0.0,0.0,0.0,0.0,0.0,0.0,0.0,0.03125,0.0,0.0,0.0,0.0,0.0,0.0,0.0,0.0,0.0,0.0,0.0,0.0,0.0,0.0,0.0,0.0,0.0,0.0,0.0,0.0,0.0,0.0,0.0,0.0,0.0,0.0,0.0,0.0,0.0,0.0,0.0,0.0,0.0,0.0,0.0,0.0,0.0,0.0,0.0,0.0,0.0,0.0,0.0,0.0,0.0,0.0,0.0,0.0,0.0,0.0,0.0,0.0,0.0,0.0,0.0,0.0,0.0,0.0,0.0,0.0,0.0,0.0,0.0,0.0,0.0,0.0,0.0,0.0,0.0,0.0,0.0,0.0,0.0,0.0,0.0,0.0,0.0,0.0,0.0,0.03125,0.0,0.0,0.0,0.0,0.0,0.0,0.0,0.0,0.0,0.0,0.0,0.0,0.0,0.0,0.0,0.0,0.0,0.0,0.0,0.0,0.0,0.0,0.03125,0.0,0.0,0.0,0.0,0.0,0.0,0.0,0.0,0.0,0.0,0.03125,0.0,0.0,0.0,0.0,0.0,0.3125,0.0,0.0,0.0,0.0,0.0,0.0,0.0,0.0,0.0,0.0,0.0,0.0,0.0,0.0,0.0,0.0,0.0,0.0,0.0,0.0,0.0,0.02048807138954653,0.008559460936077217,0.006465124749590239,0.01019850664724094,0.006100892369331634,0.005827718084137679,0.0067382990347841926,0.0038244399927153524,0.00437078856310326,0.003733381897650701,0.0042797304680386086,0.003915498087780004,0.004006556182844655,0.004826079038426516,0.0038244399927153524,0.003278091422327445,0.00364232380258605,0.003915498087780004,0.0038244399927153524,0.004735020943361865,0.004097614277909306,0.0042797304680386086,0.0042797304680386086,0.005190311418685121,0.0033691495173920963,0.0042797304680386086,0.0038244399927153524,0.0030049171371334914,0.0034602076124567475,0.00509925332362047,0.004097614277909306,0.004097614277909306,0.005008195228555818,0.0042797304680386086,0.0035512657075213987,0.004461846658167911,0.0034602076124567475,0.004188672372973957,0.00364232380258605,0.004188672372973957,0.0030959752321981426,0.0035512657075213987,0.004006556182844655,0.00364232380258605,0.0028228009470041885,0.003278091422327445,0.005554543798943726,0.004735020943361865,0.01019850664724094,0.004917137133491167,0.0033691495173920963,0.00364232380258605,0.003915498087780004,0.004188672372973957,0.00364232380258605,0.003187033327262794,0.004097614277909306,0.004097614277909306,0.004006556182844655,0.0030959752321981426,0.0030049171371334914,0.002549626661810235,0.003278091422327445,0.003278091422327445,0.0034602076124567475,0.0029138590420688397,0.004188672372973957,0.003915498087780004,0.0035512657075213987,0.00364232380258605,0.0038244399927153524,0.00437078856310326,0.0042797304680386086,0.003733381897650701,0.0034602076124567475,0.004097614277909306,0.0033691495173920963,0.0034602076124567475,0.0038244399927153524,0.00364232380258605,0.003915498087780004,0.003187033327262794,0.004006556182844655,0.003733381897650701,0.0033691495173920963,0.005736659989073028,0.003915498087780004,0.0030959752321981426,0.0033691495173920963,0.00364232380258605,0.003278091422327445,0.0035512657075213987,0.0035512657075213987,0.0030959752321981426,0.0030959752321981426,0.0030959752321981426,0.0035512657075213987,0.0038244399927153524,0.00364232380258605,0.004917137133491167,0.004097614277909306,0.0059187761792023315,0.004461846658167911,0.005372427608814423,0.0038244399927153524,0.00509925332362047,0.0035512657075213987,0.003187033327262794,0.005554543798943726,0.0042797304680386086,0.0046439628482972135,0.006829357129848844,0.004461846658167911,0.0038244399927153524,0.00509925332362047,0.004188672372973957,0.005645601894008377,0.00437078856310326,0.004188672372973957,0.00364232380258605,0.0035512657075213987,0.004097614277909306,0.0035512657075213987,0.003187033327262794,0.0033691495173920963,0.003915498087780004,0.0035512657075213987,0.00364232380258605,0.003733381897650701,0.00437078856310326,0.00509925332362047,0.0038244399927153524,0.003915498087780004,0.004188672372973957,0.004735020943361865,0.0030959752321981426,0.0034602076124567475,0.004006556182844655,0.00364232380258605,0.003187033327262794,0.004006556182844655,0.0034602076124567475,0.003733381897650701,0.003915498087780004,0.0033691495173920963,0.003187033327262794,0.003278091422327445,0.003278091422327445,0.0033691495173920963,0.0033691495173920963,0.0034602076124567475,0.0034602076124567475,0.00364232380258605,0.003915498087780004,0.0027317428519395373,0.0034602076124567475,0.004188672372973957,0.003187033327262794,0.0034602076124567475,0.0034602076124567475,0.003187033327262794,0.00364232380258605,0.003733381897650701,0.0033691495173920963,0.0038244399927153524,0.0033691495173920963,0.003187033327262794,0.0029138590420688397,0.0033691495173920963,0.0030049171371334914,0.0033691495173920963,0.0034602076124567475,0.0028228009470041885,0.003187033327262794,0.00364232380258605,0.003278091422327445,0.003278091422327445,0.0030049171371334914,0.004097614277909306,0.0034602076124567475,0.0038244399927153524,0.0035512657075213987,0.003915498087780004,0.0030959752321981426,0.003733381897650701,0.0035512657075213987,0.0038244399927153524,0.0035512657075213987,0.003278091422327445,0.0033691495173920963,0.0033691495173920963,0.003187033327262794,0.004552904753232562,0.003187033327262794,0.0033691495173920963,0.003187033327262794,0.0030959752321981426,0.0038244399927153524,0.0038244399927153524,0.0038244399927153524,0.003915498087780004,0.00364232380258605,0.003187033327262794,0.003915498087780004,0.003733381897650701,0.0034602076124567475,0.004006556182844655,0.0038244399927153524,0.003733381897650701,0.0034602076124567475,0.0030049171371334914,0.0030959752321981426,0.003915498087780004,0.0034602076124567475,0.003915498087780004,0.004006556182844655,0.0030049171371334914,0.003187033327262794,0.003733381897650701,0.0035512657075213987,0.003733381897650701,0.0029138590420688397,0.003278091422327445,0.0030959752321981426,0.0035512657075213987,0.004188672372973957,0.003278091422327445,0.00364232380258605,0.0038244399927153524,0.0030049171371334914,0.004006556182844655,0.0030959752321981426,0.004188672372973957,0.0035512657075213987,0.0035512657075213987,0.003733381897650701,0.0029138590420688397,0.00364232380258605,0.0038244399927153524,0.0033691495173920963,0.0035512657075213987,0.0030959752321981426,0.0033691495173920963,0.0035512657075213987,0.00364232380258605,0.003733381897650701,0.003278091422327445,0.0038244399927153524,0.002549626661810235,0.0034602076124567475,0.0030049171371334914,0.003915498087780004,0.003733381897650701,0.0028228009470041885,0.0034602076124567475,0.0033691495173920963,4.448042
34,vimeo1,0,stream,131.202.240.150,23.78.215.238,48026,80,6,scs_str_NULL,server_name_str_NULL,0,http_content_type_NULL,http_user_agent_NULL,http_accept_language_NULL,http_server_NULL,http_code_NULL,dns_domain_name_NULL,dns_ttl_NULL,dns_num_ip_NULL,dns_domain_rank_NULL,0,0,0,0,0,0,0,0,0,0,0,0,0,0,0,0,0,0,0,0,0,0,0,0,0,0,0,64,48,0,0,0,0,0,0,0,0,0,0,0,0,0,0,0,0,0,0,0,0,0,0,0,0,0,0,0,0,0,0,0,0,0,0,0,0,0,0,0,0,0,0,0,0,0,0,0,0,0,0,0,0,0,0,0,0,0,0,0,0,0,0,0,0,0,0,0,0,0,0,0,0,0,0,0,0,0,0,0,0,0,0,0,0,0,0,0,0,0,0,0,0,0,0,0,0,0,0,0,0,0,0,0,0,0,0,0,0,0,0,0,0,0,0,0,0,0,0,0,0,0,0,0,0,0,0,0,0,0,0,0,0,0,0,0,0,0,0,0,0,0,0,0,0,0,0,0,0,0,0,0,0,0,0,0,0,0,0,0,0,0,0,0,0,0,0,0,0,0,0,0,0,0,0,0,0,0,0,0,0,0,0,0,0,0,0,0,0,0,0,0,0,0,0,0,0,0,0,0,0,0,0,0,0,0,0,0,0,0,0,0,0,0,0,0,0,0,0,0,0,0,0,0,0,0,0,0,0,0,0,0,0,0,0,0,0,0,0,0,0,0,0,0,0,0,0,0,0,0,0,0,0,0,0,0,0,0,0,0,0,0,0,0,0,0,0,0,0,0,0,0,0,0,0,0,0,0,0,0,0,0,0,0,0,0,0,0,0,0,0,0,0,0,0,0,0,0,0,0,0,0,0,0,0,0,0,0,0,0,0,0,0,0,0,0,0,0,0,0,0,0,0,0,0,0,0,0,0,0,0,0,0,0,0,0,0,0,0,0,0,0,0,0,0,0,0,0,0,0,0,0,0,0,0,0,0,0,0,0,0,0,0,0,0,0,0,0,0,0,0,0,0,0,0,0,0,0,0,0,0,0,0,0,0,0,0,0,0,0,0,0,0,0,0,0,0,0,0,0,0,0.0,0.0,0.0,0.0,0.0,0.0,0.0,0.0,0.0,0.0,0.0,0.0,0.0,0.0,0.0,0.0,0.0,0.0,0.0,0.0,0.0,0.0,0.0,0.0,0.0,0.0,0.0,0.0,0.0,0.0,0.0,0.0,0.0,0.0,0.0,0.0,0.0,0.0,0.0,0.0,0.0,0.0,0.0,0.0,0.0,0.0,0.0,0.0,0.0,0.0,0.0,0.0,0.0,0.0,0.0,0.0,0.0,0.0,0.0,0.0,0.0,0.0,0.0,0.0,0.0,0.0,0.0,0.0,0.0,0.0,0.0,0.0,0.0,0.0,0.0,0.0,0.0,0.0,0.0,0.0,0.0,0.0,0.0,0.0,0.0,0.0,0.0,0.0,0.0,0.0,0.0,0.0,0.0,0.0,0.0,0.0,0.0,0.0,0.0,0.0,0.0,0.0,0.0,0.0,0.0,0.0,0.0,0.0,0.0,0.0,0.0,0.0,0.0,0.0,0.0,0.0,0.0,0.0,0.0,0.0,0.0,0.0,0.0,0.0,0.0,0.0,0.0,0.0,0.0,0.0,0.0,0.0,0.0,0.0,0.0,0.0,0.0,0.0,0.0,0.0,0.0,0.0,0.0,0.0,0.0,0.0,0.0,0.0,0.0,0.0,0.0,0.0,0.0,0.0,0.0,0.0,0.0,0.0,0.0,0.0,0.0,0.0,0.0,0.0,0.0,0.0,0.0,0.0,0.0,0.0,0.0,0.0,0.0,0.0,0.0,0.0,0.0,0.0,0.0,0.0,0.0,0.0,0.0,0.0,0.0,0.0,0.0,0.0,0.0,0.0,0.0,0.0,0.0,0.0,0.0,0.0,0.0,0.0,0.0,0.0,0.0,0.0,0.0,0.0,0.0,0.0,0.0,0.0,0.0,0.0,0.0,0.0,0.0,0.0,0.0,0.0,0.0,0.0,0.0,0.0,0.0,0.0,0.0,0.0,0.0,0.0,0.0,0.0,0.0,0.0,0.0,0.0,0.0,0.0,0.0,0.0,0.0,0.0,0.0,0.0,0.0,0.0,0.0,0.0,0.0,0.0,0.0,0.0,0.0,0.0,0.0,0.0,0.0,0.0,0.0,0.0,-1
35,vimeo1,0,stream,131.202.240.150,131.202.6.3,21026,53,17,scs_str_NULL,server_name_str_NULL,0,http_content_type_NULL,http_user_agent_NULL,http_accept_language_NULL,http_server_NULL,http_code_NULL,dns_domain_name_NULL,dns_ttl_NULL,dns_num_ip_NULL,dns_domain_rank_NULL,38.0,0.0,226.0,0.0,44,1,1,38,226,38,38,226,226,6.0,0.0,0,44.0,0.0,0,44,0,0,44,44,0,0.022727272727272728,0.045454545454545456,64,60,0.0,0.0,0.0,0.0,0.0,0.0,0.0,0.0,0.0,0.0,0.0,0.0,0.0,0.0,0.0,0.0,0.0,0.0,0.0,0.0,0.0,0.0,0.0,0.0,0.0,0.0,0.0,0.0,0.0,0.0,0.0,0.0,0.0,0.0,0.0,0.0,0.0,0.0,0.0,0.0,0.0,0.0,0.0,0.0,0.0,0.0,0.0,0.0,0.0,0.0,0.0,0.0,0.0,0.0,0.0,0.0,0.0,0.0,0.0,0.0,0.0,0.0,0.0,0.0,0.0,0.0,0.0,0.0,0.0,0.0,0.0,0.0,0.0,0.0,0.0,0.0,0.0,0.0,0.0,0.0,0.0,0.0,0.0,0.0,0.0,0.0,0.0,0.0,0.0,0.0,0.0,0.0,0.0,0.0,0.0,0.0,0.0,0.0,0.0,0.0,0.0,0.0,0.0,0.0,0.0,0.0,0.0,0.0,0.0,0.0,0.0,0.0,0.0,0.0,0.0,0.0,0.0,0.0,0.0,0.0,0.0,0.0,0.0,0.0,0.0,0.0,0.0,0.0,0.0,0.0,0.0,0.0,0.0,0.0,0.0,0.0,0.0,0.0,0.0,0.0,0.0,0.0,0.0,0.0,0.0,0.0,0.0,0.0,0.0,0.0,0.0,0.0,0.0,0.0,0.0,0.0,0.0,0.0,0.0,0.0,0.0,0.0,0.0,0.0,0.0,0.0,0.0,0.0,0.0,0.0,0.0,0.0,0.0,0.0,0.0,0.0,0.0,0.0,0.0,0.0,0.0,0.0,0.0,0.0,0.0,0.0,0.0,0.0,0.0,0.0,0.0,0.0,0.0,0.0,0.0,0.0,0.0,0.0,0.0,0.0,0.0,0.0,0.0,0.0,0.0,0.0,0.0,0.0,0.0,0.0,0.0,0.0,0.0,0.0,0.0,0.0,0.0,0.0,0.0,0.0,1.0,0.0,0.0,0.0,0.0,0.0,0.0,0.0,0.0,0.0,0.0,0.0,0.0,0.0,0.0,0.0,0.0,0.0,0.0,0.0,0.0,0.0,0.0,0.0,0.0,0.0,0.0,0.0,0.0,0.0,0.0,0.0,0.0,0.0,0.0,0.0,0.0,0.0,0.0,0.0,0.0,0.0,0.0,0.0,0.0,0.0,0.0,0.0,0.0,0.0,0.0,0.0,0.0,0.0,0.0,0.0,0.0,0.0,0.0,0.0,0.0,0.0,0.0,0.0,0.0,0.0,0.0,0.0,0.0,0.0,0.0,0.0,0.0,0.0,0.0,0.0,0.0,0.0,0.0,0.0,0.0,0.0,0.0,0.0,0.0,0.0,0.0,0.0,0.0,0.0,0.0,0.0,0.0,0.0,0.0,0.0,0.0,0.0,0.0,0.0,0.0,0.0,0.0,0.0,0.0,0.0,0.0,0.0,0.0,0.0,0.0,0.0,0.0,0.0,0.0,0.0,0.0,0.0,0.0,0.0,0.0,0.0,0.0,0.0,0.0,0.0,0.0,0.0,0.0,0.0,0.0,0.0,0.0,0.0,0.0,0.0,0.0,0.0,0.0,0.0,0.0,0.0,0.0,0.0,0.0,0.0,0.0,0.0,0.0,0.0,0.0,0.0,0.0,0.0,0.0,0.0,0.0,0.0,0.0,0.0,0.0,0.0,0.0,0.0,0.0,0.0,0.0,0.0,0.0,0.0,0.0,0.0,0.0,0.0,0.0,0.0,0.0,0.0,0.0,0.0,0.22727272727272727,0.12121212121212122,0.01893939393939394,0.022727272727272728,0.026515151515151516,0.015151515151515152,0.01893939393939394,0.0,0.0,0.0,0.022727272727272728,0.0,0.007575757575757576,0.0,0.0,0.0,0.0,0.0,0.0,0.0,0.0,0.0,0.0,0.0,0.003787878787878788,0.011363636363636364,0.0,0.0,0.0,0.003787878787878788,0.0,0.0,0.003787878787878788,0.0,0.003787878787878788,0.0,0.003787878787878788,0.0,0.003787878787878788,0.0,0.0,0.0,0.0,0.0,0.003787878787878788,0.0,0.0,0.0,0.0,0.003787878787878788,0.007575757575757576,0.003787878787878788,0.003787878787878788,0.0,0.0,0.0,0.026515151515151516,0.0,0.0,0.0,0.0,0.0,0.0,0.0,0.003787878787878788,0.030303030303030304,0.0,0.0,0.0,0.0,0.0,0.0,0.0,0.0,0.0,0.015151515151515152,0.0,0.0,0.0,0.0,0.0,0.0,0.0,0.0,0.0,0.0,0.0,0.0,0.0,0.0,0.0,0.0,0.0,0.0,0.0,0.003787878787878788,0.007575757575757576,0.015151515151515152,0.0,0.007575757575757576,0.003787878787878788,0.015151515151515152,0.011363636363636364,0.030303030303030304,0.0,0.011363636363636364,0.0,0.0,0.01893939393939394,0.007575757575757576,0.022727272727272728,0.045454545454545456,0.011363636363636364,0.0,0.0,0.03409090909090909,0.007575757575757576,0.0,0.0,0.0,0.003787878787878788,0.0,0.0,0.0,0.0,0.0,0.0,0.0,0.003787878787878788,0.003787878787878788,0.003787878787878788,0.0,0.003787878787878788,0.0,0.0,0.0,0.0,0.0,0.003787878787878788,0.0,0.0,0.0,0.0,0.0,0.0,0.0,0.0,0.0,0.0,0.0,0.0,0.0,0.0,0.0,0.007575757575757576,0.0,0.003787878787878788,0.0,0.0,0.0,0.0,0.0,0.0,0.0,0.0,0.0,0.0,0.0,0.0,0.0,0.0,0.003787878787878788,0.0,0.0,0.003787878787878788,0.0,0.0,0.0,0.0,0.0,0.0,0.0,0.0,0.0,0.0,0.0,0.0,0.0,0.0,0.0,0.0,0.0,0.056818181818181816,0.0,0.0,0.0,0.0,0.0,0.0,0.0,0.0,0.0,0.0,0.0,0.0,0.0,0.0,0.0,0.0,0.0,0.0,0.0,0.0,0.0,0.0,0.0,0.015151515151515152,0.0,0.0,0.0,0.0,0.0,0.0,0.0,0.0,0.0,0.0,0.0,0.0,0.0,0.0,0.0,0.0,0.003787878787878788,0.0,0.0,0.0,0.0,0.0,0.015151515151515152,0.0,0.0,0.0,0.0,0.0,0.0,0.0,0.0,0.0,0.0,0.0,0.0,0.0,0.0,0.0,0.0,4.657097
36,vimeo1,0,stream,131.202.240.150,131.202.6.3,50253,53,17,scs_str_NULL,server_name_str_NULL,0,http_content_type_NULL,http_user_agent_NULL,http_accept_language_NULL,http_server_NULL,http_code_NULL,dns_domain_name_NULL,dns_ttl_NULL,dns_num_ip_NULL,dns_domain_rank_NULL,43.0,0.0,270.0,0.0,45,1,1,43,270,43,43,270,270,6.955555555555556,0.0,0,45.0,0.0,0,45,0,0,45,45,0,0.022222222222222223,0.044444444444444446,64,60,0.0,0.0,0.0,0.0,0.0,0.0,0.0,0.0,0.0,0.0,0.0,0.0,0.0,0.0,0.0,0.0,0.0,0.0,0.0,0.0,0.0,0.0,0.0,0.0,0.0,0.0,0.0,0.0,0.0,0.0,0.0,0.0,0.0,0.0,0.0,0.0,0.0,0.0,0.0,0.0,0.0,0.0,0.0,0.0,0.0,0.0,0.0,0.0,0.0,0.0,0.0,0.0,0.0,0.0,0.0,0.0,0.0,0.0,0.0,0.0,0.0,0.0,0.0,0.0,0.0,0.0,0.0,0.0,0.0,0.0,0.0,0.0,0.0,0.0,0.0,0.0,0.0,0.0,0.0,0.0,0.0,0.0,0.0,0.0,0.0,0.0,0.0,0.0,0.0,0.0,0.0,0.0,0.0,0.0,0.0,0.0,0.0,0.0,0.0,0.0,0.0,0.0,0.0,0.0,0.0,0.0,0.0,0.0,0.0,0.0,0.0,0.0,0.0,0.0,0.0,0.0,0.0,0.0,0.0,0.0,0.0,0.0,0.0,0.0,0.0,0.0,0.0,0.0,0.0,0.0,0.0,0.0,0.0,0.0,0.0,0.0,0.0,0.0,0.0,0.0,0.0,0.0,0.0,0.0,0.0,0.0,0.0,0.0,0.0,0.0,0.0,0.0,0.0,0.0,0.0,0.0,0.0,0.0,0.0,0.0,0.0,0.0,0.0,0.0,0.0,0.0,0.0,0.0,0.0,0.0,0.0,0.0,0.0,0.0,0.0,0.0,0.0,0.0,0.0,0.0,0.0,0.0,0.0,0.0,0.0,0.0,0.0,0.0,0.0,0.0,0.0,0.0,0.0,0.0,0.0,0.0,0.0,0.0,0.0,0.0,0.0,0.0,0.0,0.0,0.0,0.0,0.0,0.0,0.0,0.0,0.0,0.0,0.0,0.0,0.0,0.0,0.0,0.0,0.0,0.0,1.0,0.0,0.0,0.0,0.0,0.0,0.0,0.0,0.0,0.0,0.0,0.0,0.0,0.0,0.0,0.0,0.0,0.0,0.0,0.0,0.0,0.0,0.0,0.0,0.0,0.0,0.0,0.0,0.0,0.0,0.0,0.0,0.0,0.0,0.0,0.0,0.0,0.0,0.0,0.0,0.0,0.0,0.0,0.0,0.0,0.0,0.0,0.0,0.0,0.0,0.0,0.0,0.0,0.0,0.0,0.0,0.0,0.0,0.0,0.0,0.0,0.0,0.0,0.0,0.0,0.0,0.0,0.0,0.0,0.0,0.0,0.0,0.0,0.0,0.0,0.0,0.0,0.0,0.0,0.0,0.0,0.0,0.0,0.0,0.0,0.0,0.0,0.0,0.0,0.0,0.0,0.0,0.0,0.0,0.0,0.0,0.0,0.0,0.0,0.0,0.0,0.0,0.0,0.0,0.0,0.0,0.0,0.0,0.0,0.0,0.0,0.0,0.0,0.0,0.0,0.0,0.0,0.0,0.0,0.0,0.0,0.0,0.0,0.0,0.0,0.0,0.0,0.0,0.0,0.0,0.0,0.0,0.0,0.0,0.0,0.0,0.0,0.0,0.0,0.0,0.0,0.0,0.0,0.0,0.0,0.0,0.0,0.0,0.0,0.0,0.0,0.0,0.0,0.0,0.0,0.0,0.0,0.0,0.0,0.0,0.0,0.0,0.0,0.0,0.0,0.0,0.0,0.0,0.0,0.0,0.0,0.0,0.0,0.0,0.0,0.0,0.0,0.0,0.0,0.0,0.22044728434504793,0.12460063897763578,0.01597444089456869,0.025559105431309903,0.03194888178913738,0.003194888178913738,0.01597444089456869,0.0,0.0,0.0,0.01597444089456869,0.003194888178913738,0.006389776357827476,0.0,0.0,0.0,0.0,0.006389776357827476,0.0,0.009584664536741214,0.0,0.0,0.0,0.0,0.0,0.009584664536741214,0.0,0.0,0.0,0.0,0.0,0.003194888178913738,0.003194888178913738,0.0,0.006389776357827476,0.0,0.003194888178913738,0.0,0.003194888178913738,0.0,0.0,0.0,0.0,0.0,0.009584664536741214,0.003194888178913738,0.0,0.0,0.0,0.003194888178913738,0.003194888178913738,0.003194888178913738,0.003194888178913738,0.0,0.0,0.009584664536741214,0.022364217252396165,0.0,0.003194888178913738,0.0,0.0,0.0,0.0,0.0,0.0,0.0,0.0,0.0,0.0,0.0,0.0,0.0,0.0,0.0,0.009584664536741214,0.012779552715654952,0.0,0.025559105431309903,0.0,0.0,0.0,0.0,0.0,0.0,0.0,0.0,0.0,0.0,0.0,0.0,0.0,0.0,0.0,0.0,0.0,0.0,0.0,0.012779552715654952,0.0,0.019169329073482427,0.012779552715654952,0.019169329073482427,0.0,0.02875399361022364,0.003194888178913738,0.012779552715654952,0.0,0.0,0.01597444089456869,0.006389776357827476,0.025559105431309903,0.04153354632587859,0.009584664536741214,0.0,0.0,0.022364217252396165,0.01597444089456869,0.0,0.0,0.0,0.0,0.006389776357827476,0.0,0.0,0.0,0.009584664536741214,0.0,0.0,0.003194888178913738,0.003194888178913738,0.003194888178913738,0.0,0.0,0.0,0.0,0.0,0.0,0.0,0.0,0.0,0.0,0.0,0.0,0.0,0.0,0.0,0.003194888178913738,0.0,0.0,0.0,0.0,0.0,0.0,0.0,0.0,0.0,0.0,0.0,0.0,0.0,0.0,0.0,0.0,0.0,0.003194888178913738,0.0,0.0,0.0,0.0,0.0,0.0,0.0,0.0,0.0,0.003194888178913738,0.0,0.0,0.0,0.0,0.0,0.0,0.0,0.003194888178913738,0.0,0.0,0.0,0.0,0.0,0.0,0.0,0.0,0.0,0.054313099041533544,0.0,0.0,0.0,0.0,0.0,0.0,0.0,0.003194888178913738,0.0,0.0,0.0,0.0,0.0,0.0,0.0,0.0,0.0,0.0,0.0,0.0,0.0,0.0,0.0,0.012779552715654952,0.0,0.0,0.0,0.0,0.0,0.0,0.0,0.0,0.0,0.009584664536741214,0.0,0.0,0.0,0.0,0.0,0.0,0.0,0.0,0.0,0.0,0.0,0.0,0.012779552715654952,0.0,0.0,0.0,0.0,0.0,0.0,0.0,0.0,0.0,0.0,0.0,0.0,0.0,0.006389776357827476,0.0,0.0,4.758486
37,vimeo1,0,stream,131.202.240.150,64.233.171.95,34994,443,6,c02f,0017000014666f6e74732e676f6f676c65617069732e636f6d,528,http_content_type_NULL,http_user_agent_NULL,http_accept_language_NULL,http_server_NULL,http_code_NULL,fonts.googleapis.com,1412,1,dns_domain_rank_NULL,238.5,23.5,662.5,556.9313991267985,119,2,6,477,3975,262,215,1338,42,37.411764705882355,20.5,18.5,13.0,18.393839548428527,41,78,39,2,40,0,0.04878048780487805,0.07692307692307693,0.06722689075630252,64,46,0.0,0.0,0.0,0.0,0.0,0.0,0.0,0.0,0.0,0.0,0.0,0.0,0.0,0.0,0.0,0.0,0.0,0.0,0.0,0.0,0.0,0.0,0.0,0.0,0.0,0.0,0.0,0.0,0.0,0.0,0.0,0.0,0.0,0.0,0.0,0.0,0.14285714285714285,0.0,0.0,0.0,0.0,0.0,0.0,0.0,0.0,0.0,0.0,0.0,0.0,0.0,0.0,0.0,0.0,0.0,0.0,0.0,0.0,0.0,0.0,0.0,0.0,0.0,0.0,0.0,0.0,0.0,0.0,0.0,0.0,0.0,0.0,0.0,0.0,0.0,0.0,0.0,0.0,0.0,0.0,0.0,0.0,0.0,0.0,0.0,0.0,0.0,0.0,0.0,0.0,0.0,0.0,0.0,0.0,0.0,0.0,0.0,0.0,0.0,0.0,0.0,0.0,0.0,0.0,0.0,0.0,0.0,0.0,0.0,0.0,0.0,0.0,0.0,0.0,0.0,0.0,0.0,0.0,0.0,0.0,0.0,0.0,0.0,0.0,0.0,0.0,0.0,0.0,0.0,0.0,0.0,0.0,0.0,0.0,0.0,0.0,0.0,0.0,0.0,0.0,0.0,0.0,0.0,0.0,0.0,0.0,0.0,0.0,0.0,0.0,0.0,0.0,0.0,0.0,0.0,0.0,0.0,0.0,0.0,0.0,0.0,0.0,0.0,0.0,0.0,0.0,0.0,0.0,0.0,0.0,0.0,0.0,0.0,0.0,0.0,0.0,0.0,0.0,0.0,0.0,0.0,0.0,0.0,0.0,0.0,0.0,0.0,0.0,0.0,0.0,0.0,0.0,0.0,0.0,0.0,0.0,0.0,0.0,0.0,0.0,0.0,0.0,0.0,0.0,0.0,0.0,0.0,0.0,0.0,0.0,0.0,0.14285714285714285,0.14285714285714285,0.0,0.0,0.0,0.0,0.0,0.0,0.0,0.0,0.0,0.14285714285714285,0.0,0.0,0.0,0.0,0.0,0.0,0.0,0.0,0.0,0.0,0.0,0.0,0.0,0.0,0.0,0.0,0.0,0.0,0.0,0.0,0.0,0.0,0.0,0.0,0.0,0.0,0.0,0.0,0.0,0.0,0.0,0.0,0.0,0.0,0.0,0.0,0.0,0.0,0.0,0.0,0.0,0.0,0.0,0.0,0.0,0.0,0.0,0.0,0.0,0.0,0.0,0.0,0.0,0.0,0.0,0.0,0.0,0.0,0.0,0.0,0.0,0.0,0.0,0.0,0.0,0.0,0.0,0.0,0.0,0.0,0.0,0.0,0.0,0.0,0.0,0.0,0.0,0.0,0.0,0.0,0.0,0.0,0.0,0.0,0.0,0.0,0.0,0.0,0.0,0.0,0.0,0.0,0.0,0.0,0.0,0.0,0.0,0.0,0.0,0.0,0.0,0.0,0.0,0.0,0.0,0.0,0.0,0.0,0.0,0.0,0.0,0.0,0.0,0.0,0.0,0.0,0.14285714285714285,0.0,0.0,0.0,0.0,0.0,0.0,0.0,0.0,0.0,0.0,0.0,0.0,0.0,0.0,0.0,0.0,0.0,0.0,0.0,0.0,0.0,0.0,0.14285714285714285,0.0,0.0,0.0,0.0,0.0,0.0,0.0,0.0,0.0,0.0,0.0,0.0,0.0,0.0,0.0,0.0,0.14285714285714285,0.0,0.0,0.0,0.0,0.0,0.0,0.0,0.0,0.0,0.0,0.0,0.0,0.0,0.0,0.0,0.0,0.0,0.0,0.0,0.0,0.0,0.03796046720575023,0.026954177897574125,0.011680143755615454,0.025381850853548965,0.016172506738544475,0.012353998203054807,0.020440251572327043,0.004941599281221923,0.005615453728661276,0.005615453728661276,0.005166217430368374,0.004043126684636119,0.005390835579514825,0.008984725965858042,0.0047169811320754715,0.0031446540880503146,0.004043126684636119,0.004492362982929021,0.004492362982929021,0.008086253369272238,0.006738544474393531,0.0022461814914645105,0.006963162623539982,0.004267744833782569,0.004267744833782569,0.0033692722371967657,0.0022461814914645105,0.0026954177897574125,0.0015723270440251573,0.0076370170709793355,0.0033692722371967657,0.0047169811320754715,0.007861635220125786,0.0020215633423180594,0.0035938903863432167,0.004043126684636119,0.0022461814914645105,0.0047169811320754715,0.0024707996406109615,0.0017969451931716084,0.0026954177897574125,0.0017969451931716084,0.004941599281221923,0.005840071877807727,0.0013477088948787063,0.0035938903863432167,0.010332434860736747,0.008086253369272238,0.03189577717879605,0.010332434860736747,0.005166217430368374,0.004043126684636119,0.0033692722371967657,0.004492362982929021,0.0022461814914645105,0.0020215633423180594,0.004941599281221923,0.004043126684636119,0.004492362982929021,0.0017969451931716084,0.0013477088948787063,0.0024707996406109615,0.0033692722371967657,0.0024707996406109615,0.0013477088948787063,0.004043126684636119,0.0024707996406109615,0.0033692722371967657,0.0024707996406109615,0.0017969451931716084,0.0031446540880503146,0.006289308176100629,0.004043126684636119,0.0038185085354896678,0.0031446540880503146,0.0029200359389038636,0.0022461814914645105,0.0022461814914645105,0.0035938903863432167,0.0022461814914645105,0.0035938903863432167,0.0013477088948787063,0.0017969451931716084,0.0035938903863432167,0.0020215633423180594,0.012803234501347708,0.0022461814914645105,0.0013477088948787063,0.0020215633423180594,0.0013477088948787063,0.0033692722371967657,0.0017969451931716084,0.0017969451931716084,0.0017969451931716084,0.0017969451931716084,0.0013477088948787063,0.0035938903863432167,0.006064690026954178,0.0031446540880503146,0.009209344115004492,0.0026954177897574125,0.01078167115902965,0.0026954177897574125,0.008086253369272238,0.005390835579514825,0.006289308176100629,0.0015723270440251573,0.0029200359389038636,0.007412398921832884,0.005166217430368374,0.004492362982929021,0.016621743036837375,0.005390835579514825,0.004043126684636119,0.00876010781671159,0.008984725965858042,0.011680143755615454,0.005390835579514825,0.004043126684636119,0.0029200359389038636,0.0033692722371967657,0.0035938903863432167,0.0020215633423180594,0.0033692722371967657,0.0013477088948787063,0.0031446540880503146,0.0024707996406109615,0.0024707996406109615,0.0022461814914645105,0.004043126684636119,0.0071877807726864335,0.0029200359389038636,0.0020215633423180594,0.0026954177897574125,0.008086253369272238,0.0017969451931716084,0.0011230907457322552,0.0038185085354896678,0.0013477088948787063,0.0026954177897574125,0.0024707996406109615,0.0020215633423180594,0.0031446540880503146,0.0033692722371967657,0.0017969451931716084,0.0022461814914645105,0.0020215633423180594,0.0011230907457322552,0.0017969451931716084,0.0026954177897574125,0.0020215633423180594,0.0029200359389038636,0.0022461814914645105,0.0020215633423180594,0.0008984725965858042,0.0024707996406109615,0.004267744833782569,0.0015723270440251573,0.0017969451931716084,0.0029200359389038636,0.0035938903863432167,0.0017969451931716084,0.0008984725965858042,0.0026954177897574125,0.0031446540880503146,0.0015723270440251573,0.0017969451931716084,0.0015723270440251573,0.0026954177897574125,0.0015723270440251573,0.0031446540880503146,0.0017969451931716084,0.0011230907457322552,0.0020215633423180594,0.0011230907457322552,0.0031446540880503146,0.0026954177897574125,0.0020215633423180594,0.0017969451931716084,0.0017969451931716084,0.0015723270440251573,0.0015723270440251573,0.0026954177897574125,0.0022461814914645105,0.0022461814914645105,0.0020215633423180594,0.0031446540880503146,0.0020215633423180594,0.0022461814914645105,0.0022461814914645105,0.0024707996406109615,0.0020215633423180594,0.006064690026954178,0.0011230907457322552,0.0020215633423180594,0.0004492362982929021,0.0029200359389038636,0.0024707996406109615,0.0029200359389038636,0.0026954177897574125,0.0026954177897574125,0.0022461814914645105,0.0024707996406109615,0.004043126684636119,0.0024707996406109615,0.0017969451931716084,0.0022461814914645105,0.0029200359389038636,0.0013477088948787063,0.0015723270440251573,0.0022461814914645105,0.0008984725965858042,0.0033692722371967657,0.0031446540880503146,0.0022461814914645105,0.0024707996406109615,0.0033692722371967657,0.0026954177897574125,0.0020215633423180594,0.0013477088948787063,0.0006738544474393531,0.0022461814914645105,0.0033692722371967657,0.0026954177897574125,0.0015723270440251573,0.0024707996406109615,0.0024707996406109615,0.0011230907457322552,0.0031446540880503146,0.0020215633423180594,0.0033692722371967657,0.0004492362982929021,0.0033692722371967657,0.0022461814914645105,0.0024707996406109615,0.0024707996406109615,0.0022461814914645105,0.0033692722371967657,0.0026954177897574125,0.0020215633423180594,0.0020215633423180594,0.0022461814914645105,0.0022461814914645105,0.0020215633423180594,0.0038185085354896678,0.0020215633423180594,0.0020215633423180594,0.0038185085354896678,0.0020215633423180594,0.0031446540880503146,0.0020215633423180594,0.0035938903863432167,0.0038185085354896678,0.0017969451931716084,0.0026954177897574125,0.0035938903863432167,7.509031
38,vimeo1,0,stream,131.202.240.150,74.125.226.12,44225,443,6,c02f,001c0000197470632e676f6f676c6573796e6469636174696f6e2e636f6d,528,http_content_type_NULL,http_user_agent_NULL,http_accept_language_NULL,http_server_NULL,http_code_NULL,tpc.googlesyndication.com,66106,3,dns_domain_rank_NULL,241.0,21.0,566.4285714285714,555.3279229795818,130,2,7,482,3965,262,220,1338,42,34.207692307692305,13.5,11.5,14.714285714285714,18.667881398765296,27,103,25,2,51,0,0.07407407407407407,0.06796116504854369,0.06923076923076923,64,55,0.0,0.0,0.0,0.0,0.0,0.0,0.0,0.0,0.0,0.0,0.0,0.0,0.0,0.0,0.0,0.0,0.0,0.0,0.0,0.0,0.0,0.0,0.0,0.0,0.0,0.0,0.0,0.0,0.0,0.0,0.0,0.0,0.0,0.0,0.0,0.125,0.0,0.0,0.0,0.0,0.0,0.0,0.0,0.0,0.0,0.0,0.0,0.0,0.0,0.0,0.0,0.0,0.0,0.0,0.0,0.0,0.0,0.0,0.0,0.0,0.0,0.0,0.0,0.0,0.0,0.0,0.0,0.0,0.0,0.0,0.0,0.0,0.0,0.0,0.0,0.0,0.0,0.0,0.0,0.0,0.0,0.0,0.0,0.0,0.0,0.0,0.0,0.0,0.0,0.0,0.0,0.0,0.0,0.0,0.0,0.0,0.0,0.0,0.0,0.0,0.0,0.0,0.0,0.0,0.0,0.0,0.0,0.0,0.0,0.0,0.0,0.0,0.0,0.0,0.0,0.0,0.0,0.0,0.0,0.0,0.0,0.0,0.0,0.0,0.0,0.0,0.0,0.0,0.0,0.0,0.0,0.0,0.0,0.0,0.0,0.0,0.0,0.0,0.0,0.0,0.0,0.0,0.0,0.0,0.0,0.0,0.0,0.0,0.0,0.0,0.0,0.0,0.0,0.0,0.0,0.0,0.0,0.0,0.0,0.0,0.0,0.0,0.0,0.0,0.0,0.0,0.0,0.0,0.0,0.0,0.0,0.0,0.0,0.0,0.0,0.0,0.0,0.0,0.0,0.0,0.0,0.0,0.0,0.0,0.0,0.0,0.0,0.0,0.0,0.0,0.0,0.0,0.0,0.0,0.0,0.0,0.0,0.0,0.0,0.0,0.0,0.0,0.0,0.0,0.0,0.0,0.0,0.0,0.0,0.0,0.25,0.125,0.0,0.0,0.0,0.0,0.0,0.0,0.0,0.0,0.0,0.125,0.0,0.0,0.0,0.0,0.0,0.0,0.0,0.0,0.0,0.0,0.0,0.0,0.0,0.0,0.0,0.0,0.0,0.0,0.0,0.0,0.0,0.0,0.0,0.0,0.0,0.0,0.0,0.0,0.0,0.0,0.0,0.0,0.0,0.0,0.0,0.0,0.0,0.0,0.0,0.0,0.0,0.0,0.0,0.0,0.0,0.0,0.0,0.0,0.0,0.0,0.0,0.0,0.0,0.0,0.0,0.0,0.0,0.0,0.0,0.0,0.0,0.0,0.0,0.0,0.0,0.0,0.0,0.0,0.0,0.0,0.0,0.0,0.0,0.0,0.0,0.0,0.0,0.0,0.0,0.0,0.0,0.0,0.0,0.0,0.0,0.0,0.0,0.0,0.0,0.0,0.0,0.0,0.0,0.0,0.0,0.0,0.125,0.0,0.0,0.0,0.0,0.0,0.0,0.0,0.0,0.0,0.0,0.0,0.0,0.0,0.0,0.0,0.0,0.0,0.0,0.0,0.0,0.0,0.0,0.0,0.0,0.0,0.0,0.0,0.0,0.0,0.0,0.0,0.0,0.0,0.0,0.0,0.0,0.0,0.0,0.0,0.0,0.0,0.0,0.125,0.0,0.0,0.0,0.0,0.0,0.0,0.0,0.0,0.0,0.0,0.0,0.0,0.0,0.0,0.0,0.0,0.125,0.0,0.0,0.0,0.0,0.0,0.0,0.0,0.0,0.0,0.0,0.0,0.0,0.0,0.0,0.0,0.0,0.0,0.0,0.0,0.0,0.0,0.039127501686530244,0.02810883741848437,0.012367888464133123,0.026534742523049246,0.016190690353047,0.012367888464133123,0.020013492241960872,0.004272543287609625,0.005621767483696874,0.006746120980436249,0.00494715538565325,0.00404767258826175,0.004722284686305375,0.0080953451765235,0.005172026085001125,0.0033730604902181245,0.0033730604902181245,0.00404767258826175,0.00404767258826175,0.006970991679784124,0.006970991679784124,0.0013492241960872497,0.006970991679784124,0.004272543287609625,0.0035979311895659996,0.0044974139869575,0.00224870699347875,0.00224870699347875,0.0026984483921744995,0.007645603777827749,0.0031481897908702495,0.0038228018889138746,0.007195862379131999,0.002023836294130875,0.0033730604902181245,0.004272543287609625,0.0033730604902181245,0.0038228018889138746,0.0031481897908702495,0.0006746120980436249,0.002023836294130875,0.002023836294130875,0.00494715538565325,0.005172026085001125,0.0017989655947829998,0.0029233190915223745,0.008320215875871374,0.008994827973915,0.0314818979087025,0.01034405217000225,0.005846638183044749,0.004272543287609625,0.0044974139869575,0.005172026085001125,0.0029233190915223745,0.00224870699347875,0.005172026085001125,0.004272543287609625,0.0044974139869575,0.0015740948954351248,0.0013492241960872497,0.002473577692826625,0.0031481897908702495,0.00224870699347875,0.0008994827973914999,0.0031481897908702495,0.0026984483921744995,0.0035979311895659996,0.0013492241960872497,0.0029233190915223745,0.0029233190915223745,0.006746120980436249,0.004722284686305375,0.005396896784348999,0.00224870699347875,0.0017989655947829998,0.0015740948954351248,0.0031481897908702495,0.00494715538565325,0.002023836294130875,0.0031481897908702495,0.0013492241960872497,0.0013492241960872497,0.0033730604902181245,0.0038228018889138746,0.012817629862828873,0.00224870699347875,0.0017989655947829998,0.0013492241960872497,0.0031481897908702495,0.0038228018889138746,0.0013492241960872497,0.0026984483921744995,0.002023836294130875,0.0026984483921744995,0.0017989655947829998,0.0026984483921744995,0.005396896784348999,0.004272543287609625,0.010793793568697998,0.0031481897908702495,0.010568922869350123,0.00224870699347875,0.006071508882392624,0.00494715538565325,0.006970991679784124,0.002473577692826625,0.002473577692826625,0.007420733078479874,0.004722284686305375,0.00494715538565325,0.014391724758263998,0.00494715538565325,0.0033730604902181245,0.007645603777827749,0.007195862379131999,0.014616595457611873,0.005846638183044749,0.00224870699347875,0.0029233190915223745,0.0017989655947829998,0.004722284686305375,0.00224870699347875,0.00224870699347875,0.0006746120980436249,0.0026984483921744995,0.0017989655947829998,0.0015740948954351248,0.0035979311895659996,0.0038228018889138746,0.006746120980436249,0.0031481897908702495,0.0029233190915223745,0.002473577692826625,0.007420733078479874,0.00224870699347875,0.0017989655947829998,0.0035979311895659996,0.0017989655947829998,0.0026984483921744995,0.0026984483921744995,0.0033730604902181245,0.0015740948954351248,0.00224870699347875,0.00224870699347875,0.0026984483921744995,0.0013492241960872497,0.0017989655947829998,0.0015740948954351248,0.0015740948954351248,0.002023836294130875,0.0026984483921744995,0.0035979311895659996,0.002023836294130875,0.001124353496739375,0.001124353496739375,0.0038228018889138746,0.00224870699347875,0.0008994827973914999,0.0033730604902181245,0.004272543287609625,0.0026984483921744995,0.002023836294130875,0.0031481897908702495,0.0026984483921744995,0.002023836294130875,0.001124353496739375,0.001124353496739375,0.0029233190915223745,0.002473577692826625,0.00224870699347875,0.0017989655947829998,0.0013492241960872497,0.0017989655947829998,0.0015740948954351248,0.0031481897908702495,0.0026984483921744995,0.0013492241960872497,0.0013492241960872497,0.0013492241960872497,0.0031481897908702495,0.0013492241960872497,0.0029233190915223745,0.0017989655947829998,0.0029233190915223745,0.002473577692826625,0.0031481897908702495,0.00224870699347875,0.0035979311895659996,0.0026984483921744995,0.002023836294130875,0.0013492241960872497,0.005621767483696874,0.001124353496739375,0.001124353496739375,0.0008994827973914999,0.002023836294130875,0.0029233190915223745,0.00224870699347875,0.0031481897908702495,0.00224870699347875,0.002023836294130875,0.0017989655947829998,0.0026984483921744995,0.0033730604902181245,0.002023836294130875,0.0033730604902181245,0.002023836294130875,0.002023836294130875,0.0013492241960872497,0.0029233190915223745,0.0008994827973914999,0.002023836294130875,0.0013492241960872497,0.0029233190915223745,0.0035979311895659996,0.005846638183044749,0.00224870699347875,0.00224870699347875,0.002023836294130875,0.001124353496739375,0.0017989655947829998,0.002473577692826625,0.0013492241960872497,0.00224870699347875,0.002473577692826625,0.001124353496739375,0.002023836294130875,0.0033730604902181245,0.0015740948954351248,0.0033730604902181245,0.002023836294130875,0.0026984483921744995,0.0015740948954351248,0.002023836294130875,0.0029233190915223745,0.002023836294130875,0.0026984483921744995,0.00404767258826175,0.00224870699347875,0.0031481897908702495,0.0029233190915223745,0.002473577692826625,0.0013492241960872497,0.002473577692826625,0.0026984483921744995,0.00224870699347875,0.004272543287609625,0.0017989655947829998,0.0017989655947829998,0.0033730604902181245,0.0029233190915223745,0.00404767258826175,0.001124353496739375,0.00224870699347875,0.004272543287609625,7.500331
39,vimeo1,0,stream,131.202.240.150,131.202.6.3,40361,53,17,scs_str_NULL,server_name_str_NULL,0,http_content_type_NULL,http_user_agent_NULL,http_accept_language_NULL,http_server_NULL,http_code_NULL,dns_domain_name_NULL,dns_ttl_NULL,dns_num_ip_NULL,dns_domain_rank_NULL,40.0,0.0,254.0,0.0,364,1,1,40,254,40,40,254,254,0.8076923076923077,0.0,0,364.0,0.0,0,364,0,0,364,364,0,0.0027472527472527475,0.005494505494505495,64,60,0.0,0.0,0.0,0.0,0.0,0.0,0.0,0.0,0.0,0.0,0.0,0.0,0.0,0.0,0.0,0.0,0.0,0.0,0.0,0.0,0.0,0.0,0.0,0.0,0.0,0.0,0.0,0.0,0.0,0.0,0.0,0.0,0.0,0.0,0.0,0.0,0.0,0.0,0.0,0.0,0.0,0.0,0.0,0.0,0.0,0.0,0.0,0.0,0.0,0.0,0.0,0.0,0.0,0.0,0.0,0.0,0.0,0.0,0.0,0.0,0.0,0.0,0.0,0.0,0.0,0.0,0.0,0.0,0.0,0.0,0.0,0.0,0.0,0.0,0.0,0.0,0.0,0.0,0.0,0.0,0.0,0.0,0.0,0.0,0.0,0.0,0.0,0.0,0.0,0.0,0.0,0.0,0.0,0.0,0.0,0.0,0.0,0.0,0.0,0.0,0.0,0.0,0.0,0.0,0.0,0.0,0.0,0.0,0.0,0.0,0.0,0.0,0.0,0.0,0.0,0.0,0.0,0.0,0.0,0.0,0.0,0.0,0.0,0.0,0.0,0.0,0.0,0.0,0.0,0.0,0.0,0.0,0.0,0.0,0.0,0.0,0.0,0.0,0.0,0.0,0.0,0.0,0.0,0.0,0.0,0.0,0.0,0.0,0.0,0.0,0.0,0.0,0.0,0.0,0.0,0.0,0.0,0.0,0.0,0.0,0.0,0.0,0.0,0.0,0.0,0.0,0.0,0.0,0.0,0.0,0.0,0.0,0.0,0.0,0.0,0.0,0.0,0.0,0.0,0.0,0.0,0.0,0.0,0.0,0.0,0.0,0.0,0.0,0.0,0.0,0.0,0.0,0.0,0.0,0.0,0.0,0.0,0.0,0.0,0.0,0.0,0.0,0.0,0.0,0.0,0.0,0.0,0.0,0.0,0.0,0.0,0.0,0.0,0.0,0.0,0.0,0.0,0.0,0.0,0.0,1.0,0.0,0.0,0.0,0.0,0.0,0.0,0.0,0.0,0.0,0.0,0.0,0.0,0.0,0.0,0.0,0.0,0.0,0.0,0.0,0.0,0.0,0.0,0.0,0.0,0.0,0.0,0.0,0.0,0.0,0.0,0.0,0.0,0.0,0.0,0.0,0.0,0.0,0.0,0.0,0.0,0.0,0.0,0.0,0.0,0.0,0.0,0.0,0.0,0.0,0.0,0.0,0.0,0.0,0.0,0.0,0.0,0.0,0.0,0.0,0.0,0.0,0.0,0.0,0.0,0.0,0.0,0.0,0.0,0.0,0.0,0.0,0.0,0.0,0.0,0.0,0.0,0.0,0.0,0.0,0.0,0.0,0.0,0.0,0.0,0.0,0.0,0.0,0.0,0.0,0.0,0.0,0.0,0.0,0.0,0.0,0.0,0.0,0.0,0.0,0.0,0.0,0.0,0.0,0.0,0.0,0.0,0.0,0.0,0.0,0.0,0.0,0.0,0.0,0.0,0.0,0.0,0.0,0.0,0.0,0.0,0.0,0.0,0.0,0.0,0.0,0.0,0.0,0.0,0.0,0.0,0.0,0.0,0.0,0.0,0.0,0.0,0.0,0.0,0.0,0.0,0.0,0.0,0.0,0.0,0.0,0.0,0.0,0.0,0.0,0.0,0.0,0.0,0.0,0.0,0.0,0.0,0.0,0.0,0.0,0.0,0.0,0.0,0.0,0.0,0.0,0.0,0.0,0.0,0.0,0.0,0.0,0.0,0.0,0.0,0.0,0.0,0.0,0.0,0.0,0.2687074829931973,0.09523809523809523,0.013605442176870748,0.030612244897959183,0.017006802721088437,0.013605442176870748,0.02040816326530612,0.006802721088435374,0.0,0.0,0.01020408163265306,0.003401360544217687,0.003401360544217687,0.003401360544217687,0.006802721088435374,0.0,0.013605442176870748,0.0,0.0,0.0,0.0,0.01020408163265306,0.0,0.0,0.0,0.0,0.0,0.0,0.006802721088435374,0.0,0.0,0.0,0.0,0.0,0.0,0.0,0.0,0.003401360544217687,0.006802721088435374,0.0,0.006802721088435374,0.0,0.0,0.0,0.0,0.0,0.0,0.0,0.006802721088435374,0.006802721088435374,0.003401360544217687,0.003401360544217687,0.006802721088435374,0.0,0.0,0.003401360544217687,0.0,0.0,0.0,0.02040816326530612,0.0,0.0,0.0,0.0,0.0,0.0,0.0,0.0,0.0,0.0,0.0,0.0,0.027210884353741496,0.0,0.0,0.0,0.0,0.0,0.0,0.0,0.006802721088435374,0.003401360544217687,0.0,0.0,0.0,0.0,0.0,0.0,0.0,0.0,0.0,0.003401360544217687,0.0,0.0,0.0,0.0,0.0,0.027210884353741496,0.0,0.027210884353741496,0.017006802721088437,0.023809523809523808,0.0,0.006802721088435374,0.0,0.017006802721088437,0.0,0.0,0.02040816326530612,0.006802721088435374,0.02040816326530612,0.013605442176870748,0.01020408163265306,0.0,0.0,0.03741496598639456,0.006802721088435374,0.0,0.023809523809523808,0.013605442176870748,0.0,0.0,0.0,0.0,0.0,0.0,0.0,0.0,0.006802721088435374,0.003401360544217687,0.0,0.0,0.0,0.0,0.0,0.0,0.0,0.0,0.0,0.0,0.0,0.0,0.006802721088435374,0.0,0.0,0.0,0.0,0.0,0.0,0.0,0.0,0.0,0.0,0.0,0.0,0.0,0.0,0.0,0.0,0.0,0.006802721088435374,0.0,0.0,0.0,0.0,0.0,0.0,0.0,0.0,0.0,0.0,0.0,0.0,0.0,0.0,0.0,0.0,0.0,0.0,0.0,0.0,0.0,0.0,0.0,0.0,0.0,0.0,0.003401360544217687,0.0,0.0,0.0,0.0,0.04081632653061224,0.0,0.0,0.0,0.0,0.0,0.0,0.0,0.0,0.0,0.0,0.0,0.0,0.0,0.0,0.0,0.0,0.0,0.0,0.0,0.0,0.0,0.0,0.0,0.0,0.0,0.0,0.0,0.0,0.0,0.0,0.0,0.0,0.0,0.0,0.0,0.0,0.0,0.0,0.0,0.0,0.0,0.0,0.02040816326530612,0.0,0.0,0.0,0.006802721088435374,0.0,0.0,0.0,0.0,0.0,0.0,0.0,0.0,0.0,0.0,0.0,0.0,0.0,0.0,0.0,0.0,4.620921
40,vimeo1,0,stream,131.202.240.150,131.202.6.3,31255,53,17,scs_str_NULL,server_name_str_NULL,0,http_content_type_NULL,http_user_agent_NULL,http_accept_language_NULL,http_server_NULL,http_code_NULL,dns_domain_name_NULL,dns_ttl_NULL,dns_num_ip_NULL,dns_domain_rank_NULL,41.0,0.0,273.0,0.0,48,1,1,41,273,41,41,273,273,6.541666666666667,0.0,0,48.0,0.0,0,48,0,0,48,48,0,0.020833333333333332,0.041666666666666664,64,60,0.0,0.0,0.0,0.0,0.0,0.0,0.0,0.0,0.0,0.0,0.0,0.0,0.0,0.0,0.0,0.0,0.0,0.0,0.0,0.0,0.0,0.0,0.0,0.0,0.0,0.0,0.0,0.0,0.0,0.0,0.0,0.0,0.0,0.0,0.0,0.0,0.0,0.0,0.0,0.0,0.0,0.0,0.0,0.0,0.0,0.0,0.0,0.0,0.0,0.0,0.0,0.0,0.0,0.0,0.0,0.0,0.0,0.0,0.0,0.0,0.0,0.0,0.0,0.0,0.0,0.0,0.0,0.0,0.0,0.0,0.0,0.0,0.0,0.0,0.0,0.0,0.0,0.0,0.0,0.0,0.0,0.0,0.0,0.0,0.0,0.0,0.0,0.0,0.0,0.0,0.0,0.0,0.0,0.0,0.0,0.0,0.0,0.0,0.0,0.0,0.0,0.0,0.0,0.0,0.0,0.0,0.0,0.0,0.0,0.0,0.0,0.0,0.0,0.0,0.0,0.0,0.0,0.0,0.0,0.0,0.0,0.0,0.0,0.0,0.0,0.0,0.0,0.0,0.0,0.0,0.0,0.0,0.0,0.0,0.0,0.0,0.0,0.0,0.0,0.0,0.0,0.0,0.0,0.0,0.0,0.0,0.0,0.0,0.0,0.0,0.0,0.0,0.0,0.0,0.0,0.0,0.0,0.0,0.0,0.0,0.0,0.0,0.0,0.0,0.0,0.0,0.0,0.0,0.0,0.0,0.0,0.0,0.0,0.0,0.0,0.0,0.0,0.0,0.0,0.0,0.0,0.0,0.0,0.0,0.0,0.0,0.0,0.0,0.0,0.0,0.0,0.0,0.0,0.0,0.0,0.0,0.0,0.0,0.0,0.0,0.0,0.0,0.0,0.0,0.0,0.0,0.0,0.0,0.0,0.0,0.0,0.0,0.0,0.0,0.0,0.0,0.0,0.0,0.0,0.0,1.0,0.0,0.0,0.0,0.0,0.0,0.0,0.0,0.0,0.0,0.0,0.0,0.0,0.0,0.0,0.0,0.0,0.0,0.0,0.0,0.0,0.0,0.0,0.0,0.0,0.0,0.0,0.0,0.0,0.0,0.0,0.0,0.0,0.0,0.0,0.0,0.0,0.0,0.0,0.0,0.0,0.0,0.0,0.0,0.0,0.0,0.0,0.0,0.0,0.0,0.0,0.0,0.0,0.0,0.0,0.0,0.0,0.0,0.0,0.0,0.0,0.0,0.0,0.0,0.0,0.0,0.0,0.0,0.0,0.0,0.0,0.0,0.0,0.0,0.0,0.0,0.0,0.0,0.0,0.0,0.0,0.0,0.0,0.0,0.0,0.0,0.0,0.0,0.0,0.0,0.0,0.0,0.0,0.0,0.0,0.0,0.0,0.0,0.0,0.0,0.0,0.0,0.0,0.0,0.0,0.0,0.0,0.0,0.0,0.0,0.0,0.0,0.0,0.0,0.0,0.0,0.0,0.0,0.0,0.0,0.0,0.0,0.0,0.0,0.0,0.0,0.0,0.0,0.0,0.0,0.0,0.0,0.0,0.0,0.0,0.0,0.0,0.0,0.0,0.0,0.0,0.0,0.0,0.0,0.0,0.0,0.0,0.0,0.0,0.0,0.0,0.0,0.0,0.0,0.0,0.0,0.0,0.0,0.0,0.0,0.0,0.0,0.0,0.0,0.0,0.0,0.0,0.0,0.0,0.0,0.0,0.0,0.0,0.0,0.0,0.0,0.0,0.0,0.0,0.0,0.23885350318471338,0.14012738853503184,0.012738853503184714,0.022292993630573247,0.03184713375796178,0.01592356687898089,0.012738853503184714,0.0,0.0,0.0,0.01592356687898089,0.006369426751592357,0.0031847133757961785,0.0,0.0,0.0,0.0031847133757961785,0.0,0.0,0.0,0.01592356687898089,0.006369426751592357,0.0,0.0,0.0,0.009554140127388535,0.0,0.0,0.0,0.0,0.0,0.0,0.0031847133757961785,0.0,0.0031847133757961785,0.0,0.0031847133757961785,0.0,0.0031847133757961785,0.0,0.0,0.0,0.0,0.0,0.01592356687898089,0.0,0.0,0.0,0.0,0.0031847133757961785,0.0031847133757961785,0.0031847133757961785,0.0031847133757961785,0.012738853503184714,0.0,0.0,0.009554140127388535,0.0,0.0,0.0,0.012738853503184714,0.0,0.0,0.0,0.012738853503184714,0.0,0.0,0.0,0.0,0.0,0.0,0.0,0.0,0.0,0.0,0.0,0.0,0.0,0.0,0.0,0.0,0.0,0.0,0.0,0.0,0.0,0.0,0.0,0.0,0.0,0.0,0.0031847133757961785,0.0,0.0,0.0,0.0,0.0,0.009554140127388535,0.006369426751592357,0.01592356687898089,0.006369426751592357,0.01592356687898089,0.0,0.012738853503184714,0.0,0.006369426751592357,0.0,0.006369426751592357,0.01910828025477707,0.0031847133757961785,0.01910828025477707,0.01592356687898089,0.0,0.0,0.0,0.03184713375796178,0.025477707006369428,0.006369426751592357,0.0,0.0,0.0,0.0,0.0,0.0,0.0,0.0,0.0,0.0,0.0031847133757961785,0.0031847133757961785,0.0031847133757961785,0.0,0.0,0.0,0.0,0.0,0.0,0.0,0.0,0.0031847133757961785,0.0,0.0,0.0,0.009554140127388535,0.0,0.0,0.0,0.0,0.0,0.0,0.0,0.0,0.0,0.0,0.0031847133757961785,0.0031847133757961785,0.0031847133757961785,0.0031847133757961785,0.0,0.0,0.0,0.0,0.0,0.0,0.0,0.0,0.0,0.0031847133757961785,0.0,0.0,0.0,0.012738853503184714,0.0,0.0,0.0031847133757961785,0.0,0.0,0.0,0.0,0.0,0.0,0.0,0.0,0.0,0.0,0.0031847133757961785,0.0,0.0,0.0,0.0,0.0,0.0,0.06050955414012739,0.0,0.0,0.0,0.0,0.0,0.0,0.0,0.0,0.0,0.0,0.0031847133757961785,0.0,0.0,0.0,0.0,0.0,0.0,0.0,0.0,0.0,0.0,0.0,0.0,0.012738853503184714,0.0,0.0,0.0,0.0,0.0,0.0,0.0,0.0,0.0,0.0,0.0,0.0,0.0,0.0,0.012738853503184714,0.0,0.012738853503184714,0.0,0.0,0.0,0.0,0.0,0.012738853503184714,0.0,0.0,0.0,0.0,0.0,0.0,0.0,0.0,0.0,0.0,0.0,0.0,0.0,0.0,0.0,0.0,4.691168
41,vimeo1,0,stream,131.202.240.150,64.233.171.156,37514,443,6,c02f,001a00001773746174732e672e646f75626c65636c69636b2e6e6574,528,http_content_type_NULL,http_user_agent_NULL,http_accept_language_NULL,http_server_NULL,http_code_NULL,stats.g.doubleclick.net,76891,4,dns_domain_rank_NULL,189.375,247.36963106856913,451.4,528.3425404034773,121,8,10,1515,4514,806,38,1338,38,49.82644628099174,5.25,12.774486291041217,7.9,15.801582199260933,42,79,39,0,40,0,0.19047619047619047,0.12658227848101267,0.1487603305785124,64,46,0.11764705882352941,0.058823529411764705,0.0,0.0,0.0,0.0,0.0,0.0,0.0,0.0,0.11764705882352941,0.0,0.0,0.0,0.0,0.0,0.0,0.0,0.0,0.0,0.0,0.0,0.0,0.0,0.0,0.0,0.0,0.0,0.0,0.0,0.0,0.0,0.0,0.0,0.0,0.0,0.058823529411764705,0.0,0.0,0.0,0.0,0.0,0.0,0.0,0.0,0.0,0.0,0.0,0.0,0.0,0.0,0.0,0.0,0.0,0.0,0.0,0.0,0.0,0.0,0.0,0.0,0.0,0.0,0.0,0.0,0.0,0.0,0.0,0.0,0.0,0.0,0.0,0.0,0.0,0.0,0.0,0.0,0.0,0.0,0.0,0.0,0.0,0.0,0.0,0.0,0.0,0.0,0.0,0.0,0.0,0.0,0.0,0.0,0.0,0.0,0.0,0.0,0.0,0.0,0.0,0.058823529411764705,0.0,0.0,0.0,0.0,0.0,0.0,0.0,0.0,0.0,0.0,0.0,0.0,0.0,0.0,0.0,0.0,0.0,0.0,0.0,0.0,0.0,0.0,0.0,0.0,0.0,0.0,0.0,0.0,0.0,0.0,0.0,0.0,0.0,0.0,0.0,0.0,0.0,0.0,0.0,0.0,0.0,0.0,0.0,0.0,0.0,0.0,0.0,0.0,0.0,0.0,0.0,0.0,0.0,0.0,0.0,0.0,0.0,0.0,0.0,0.0,0.0,0.0,0.0,0.0,0.0,0.0,0.0,0.0,0.0,0.0,0.0,0.0,0.0,0.0,0.0,0.0,0.0,0.0,0.0,0.0,0.0,0.0,0.0,0.0,0.0,0.0,0.0,0.0,0.0,0.0,0.0,0.0,0.0,0.0,0.0,0.0,0.0,0.0,0.0,0.0,0.0,0.0,0.0,0.0,0.0,0.0,0.0,0.0,0.0,0.17647058823529413,0.11764705882352941,0.0,0.0,0.0,0.0,0.0,0.0,0.0,0.0,0.058823529411764705,0.0,0.0,0.0,0.0,0.058823529411764705,0.0,0.0,0.0,0.0,0.0,0.0,0.0,0.0,0.0,0.0,0.0,0.0,0.0,0.0,0.0,0.0,0.0,0.0,0.0,0.0,0.0,0.0,0.0,0.0,0.0,0.0,0.0,0.0,0.0,0.0,0.0,0.0,0.0,0.0,0.0,0.0,0.0,0.0,0.0,0.0,0.0,0.0,0.0,0.0,0.0,0.0,0.0,0.0,0.0,0.0,0.0,0.0,0.0,0.0,0.0,0.0,0.0,0.0,0.0,0.0,0.0,0.0,0.0,0.0,0.0,0.0,0.0,0.0,0.0,0.0,0.0,0.0,0.0,0.0,0.0,0.0,0.0,0.0,0.0,0.0,0.0,0.0,0.0,0.0,0.0,0.0,0.0,0.0,0.0,0.0,0.0,0.0,0.0,0.0,0.0,0.0,0.0,0.0,0.0,0.0,0.0,0.0,0.0,0.0,0.0,0.0,0.0,0.0,0.0,0.0,0.0,0.0,0.058823529411764705,0.0,0.0,0.0,0.0,0.0,0.0,0.0,0.0,0.0,0.0,0.0,0.0,0.0,0.0,0.0,0.0,0.0,0.0,0.0,0.0,0.0,0.0,0.058823529411764705,0.0,0.0,0.0,0.0,0.0,0.0,0.0,0.0,0.0,0.0,0.0,0.0,0.0,0.0,0.0,0.0,0.058823529411764705,0.0,0.0,0.0,0.0,0.0,0.0,0.0,0.0,0.0,0.0,0.0,0.0,0.0,0.0,0.0,0.0,0.0,0.0,0.0,0.0,0.0,0.041797976447172,0.021562448167191904,0.009454304196384144,0.023386963012108145,0.013435063858019573,0.00962016918228562,0.01608890363244319,0.003980759661635429,0.00481008459114281,0.003980759661635429,0.00481008459114281,0.0038148946757339524,0.003980759661635429,0.007132194393763476,0.0031514347321280477,0.0031514347321280477,0.003980759661635429,0.0038148946757339524,0.003317299718029524,0.0077956543373693815,0.005473544534748714,0.002487974788522143,0.005971139492453143,0.006468734450157572,0.0031514347321280477,0.0036490296898324765,0.0023221098026206667,0.001658649859014762,0.0028197047603250956,0.0069663294078620005,0.0031514347321280477,0.004312489633438381,0.005805274506551667,0.0036490296898324765,0.0028197047603250956,0.004146624647536905,0.0034831647039310003,0.0036490296898324765,0.0029855697462265714,0.0019903798308177146,0.0029855697462265714,0.002487974788522143,0.0044783546193398575,0.005141814562945762,0.0023221098026206667,0.0026538397744236193,0.01177641399900481,0.006634599436059048,0.02587493780063029,0.009288439210482667,0.0036490296898324765,0.0044783546193398575,0.0029855697462265714,0.0036490296898324765,0.0029855697462265714,0.002487974788522143,0.003317299718029524,0.004312489633438381,0.005473544534748714,0.001658649859014762,0.0028197047603250956,0.0014927848731132857,0.0023221098026206667,0.002487974788522143,0.002487974788522143,0.0029855697462265714,0.0028197047603250956,0.0026538397744236193,0.002487974788522143,0.0023221098026206667,0.0028197047603250956,0.005805274506551667,0.003980759661635429,0.003317299718029524,0.002487974788522143,0.0018245148449162383,0.0021562448167191904,0.0023221098026206667,0.0038148946757339524,0.0014927848731132857,0.0034831647039310003,0.0019903798308177146,0.0011610549013103333,0.00481008459114281,0.0029855697462265714,0.009951899154088572,0.0014927848731132857,0.0021562448167191904,0.0026538397744236193,0.0023221098026206667,0.0034831647039310003,0.003317299718029524,0.001658649859014762,0.001658649859014762,0.0026538397744236193,0.0028197047603250956,0.003980759661635429,0.005141814562945762,0.0038148946757339524,0.010283629125891524,0.00481008459114281,0.012108143970807762,0.0029855697462265714,0.0069663294078620005,0.0053076795488472385,0.007132194393763476,0.0021562448167191904,0.0029855697462265714,0.0077956543373693815,0.00481008459114281,0.0061370044783546195,0.013932658815724001,0.0031514347321280477,0.0034831647039310003,0.006800464421960524,0.007961519323270858,0.012108143970807762,0.0053076795488472385,0.004644219605241333,0.0044783546193398575,0.0021562448167191904,0.0031514347321280477,0.0028197047603250956,0.0026538397744236193,0.0013269198872118096,0.0026538397744236193,0.0026538397744236193,0.0028197047603250956,0.0031514347321280477,0.004644219605241333,0.00829324929507381,0.0019903798308177146,0.0029855697462265714,0.0031514347321280477,0.006468734450157572,0.001658649859014762,0.0029855697462265714,0.0031514347321280477,0.001658649859014762,0.0018245148449162383,0.0028197047603250956,0.0026538397744236193,0.0021562448167191904,0.0028197047603250956,0.001658649859014762,0.0028197047603250956,0.0013269198872118096,0.0026538397744236193,0.0018245148449162383,0.0031514347321280477,0.0018245148449162383,0.0019903798308177146,0.002487974788522143,0.001658649859014762,0.0011610549013103333,0.0019903798308177146,0.0028197047603250956,0.0031514347321280477,0.0026538397744236193,0.0031514347321280477,0.00481008459114281,0.003980759661635429,0.0021562448167191904,0.003317299718029524,0.0018245148449162383,0.0009951899154088573,0.0028197047603250956,0.0019903798308177146,0.0026538397744236193,0.003317299718029524,0.001658649859014762,0.003317299718029524,0.0023221098026206667,0.002487974788522143,0.002487974788522143,0.004312489633438381,0.0021562448167191904,0.001658649859014762,0.0031514347321280477,0.0031514347321280477,0.0026538397744236193,0.0018245148449162383,0.0028197047603250956,0.0038148946757339524,0.0031514347321280477,0.0029855697462265714,0.0044783546193398575,0.0023221098026206667,0.0026538397744236193,0.0028197047603250956,0.002487974788522143,0.0013269198872118096,0.003980759661635429,0.0021562448167191904,0.0021562448167191904,0.0014927848731132857,0.0029855697462265714,0.0029855697462265714,0.0021562448167191904,0.002487974788522143,0.0031514347321280477,0.002487974788522143,0.0028197047603250956,0.002487974788522143,0.0023221098026206667,0.0028197047603250956,0.0034831647039310003,0.0018245148449162383,0.0026538397744236193,0.0023221098026206667,0.0026538397744236193,0.0023221098026206667,0.002487974788522143,0.0018245148449162383,0.0028197047603250956,0.0026538397744236193,0.002487974788522143,0.0013269198872118096,0.0028197047603250956,0.0023221098026206667,0.0028197047603250956,0.0023221098026206667,0.0036490296898324765,0.0023221098026206667,0.003980759661635429,0.0026538397744236193,0.0009951899154088573,0.002487974788522143,0.0021562448167191904,0.0029855697462265714,0.0034831647039310003,0.0018245148449162383,0.0029855697462265714,0.002487974788522143,0.0029855697462265714,0.0038148946757339524,0.0018245148449162383,0.0023221098026206667,0.002487974788522143,0.0021562448167191904,0.004312489633438381,0.0028197047603250956,0.0023221098026206667,0.0019903798308177146,0.0034831647039310003,0.003317299718029524,0.0021562448167191904,0.0034831647039310003,0.0028197047603250956,0.0038148946757339524,0.0021562448167191904,0.0031514347321280477,0.003980759661635429,0.0018245148449162383,0.0034831647039310003,0.004312489633438381,7.613379
42,vimeo1,0,stream,131.202.240.150,72.21.91.187,58033,443,6,c02f,00190000166c69766570617373646c2e636f6e766976612e636f6d,528,http_content_type_NULL,http_user_agent_NULL,http_accept_language_NULL,http_server_NULL,http_code_NULL,livepassdl.conviva.com,86400,1,dns_domain_rank_NULL,355.8333333333333,138.56095730359576,2375.2,2279.6745820401643,558,6,50,2135,118760,515,126,12042,33,216.65770609318997,17.0,15.362291495737216,9.12,19.01014466015448,102,456,48,2,55,0,0.058823529411764705,0.10964912280701754,0.1003584229390681,64,52,0.0,0.0,0.0,0.0,0.0,0.0,0.0,0.0,0.0,0.0,0.0,0.0,0.0,0.02857142857142857,0.0,0.0,0.0,0.0,0.0,0.0,0.0,0.0,0.0,0.0,0.0,0.0,0.0,0.0,0.0,0.0,0.0,0.0,0.0,0.0,0.0,0.0,0.0,0.0,0.0,0.0,0.0,0.0,0.0,0.0,0.0,0.0,0.0,0.0,0.0,0.0,0.0,0.02857142857142857,0.0,0.02857142857142857,0.0,0.0,0.0,0.0,0.0,0.0,0.0,0.0,0.0,0.0,0.0,0.0,0.0,0.0,0.0,0.0,0.0,0.0,0.02857142857142857,0.0,0.0,0.0,0.0,0.0,0.02857142857142857,0.0,0.0,0.0,0.0,0.0,0.0,0.0,0.0,0.0,0.0,0.0,0.0,0.0,0.0,0.0,0.0,0.0,0.0,0.0,0.0,0.0,0.0,0.0,0.0,0.0,0.0,0.0,0.0,0.0,0.0,0.0,0.0,0.0,0.0,0.0,0.0,0.0,0.0,0.0,0.0,0.0,0.0,0.0,0.0,0.0,0.0,0.0,0.0,0.0,0.0,0.0,0.0,0.0,0.0,0.0,0.0,0.0,0.0,0.0,0.0,0.0,0.0,0.0,0.0,0.0,0.0,0.0,0.0,0.0,0.0,0.0,0.0,0.0,0.0,0.0,0.0,0.0,0.0,0.0,0.0,0.0,0.0,0.0,0.0,0.0,0.0,0.0,0.0,0.0,0.0,0.0,0.0,0.0,0.0,0.0,0.0,0.0,0.0,0.0,0.0,0.0,0.0,0.0,0.0,0.0,0.0,0.0,0.0,0.0,0.0,0.0,0.0,0.0,0.0,0.0,0.0,0.0,0.0,0.0,0.0,0.0,0.0,0.0,0.0,0.0,0.0,0.0,0.0,0.0,0.0,0.0,0.0,0.0,0.0,0.0,0.0,0.0,0.0,0.0,0.02857142857142857,0.02857142857142857,0.02857142857142857,0.0,0.0,0.0,0.0,0.0,0.0,0.0,0.0,0.0,0.0,0.0,0.0,0.0,0.0,0.0,0.0,0.0,0.0,0.0,0.0,0.0,0.05714285714285714,0.05714285714285714,0.0,0.0,0.0,0.0,0.0,0.0,0.0,0.0,0.0,0.0,0.0,0.0,0.0,0.0,0.0,0.0,0.0,0.0,0.0,0.0,0.0,0.0,0.0,0.0,0.0,0.0,0.0,0.0,0.02857142857142857,0.0,0.0,0.0,0.0,0.0,0.02857142857142857,0.0,0.0,0.0,0.0,0.0,0.0,0.0,0.0,0.0,0.0,0.0,0.0,0.0,0.0,0.0,0.0,0.0,0.0,0.0,0.0,0.0,0.0,0.0,0.0,0.0,0.0,0.0,0.0,0.0,0.0,0.0,0.0,0.0,0.0,0.0,0.0,0.0,0.0,0.0,0.0,0.0,0.0,0.0,0.0,0.0,0.0,0.0,0.0,0.0,0.0,0.0,0.0,0.0,0.0,0.0,0.0,0.0,0.0,0.0,0.0,0.0,0.0,0.0,0.0,0.0,0.0,0.0,0.0,0.0,0.0,0.0,0.0,0.0,0.0,0.0,0.0,0.0,0.0,0.0,0.0,0.0,0.0,0.02857142857142857,0.0,0.0,0.0,0.0,0.0,0.0,0.0,0.0,0.05714285714285714,0.0,0.02857142857142857,0.0,0.0,0.0,0.0,0.0,0.34285714285714286,0.02857142857142857,0.0,0.0,0.0,0.0,0.0,0.0,0.0,0.0,0.0,0.0,0.0,0.0,0.02857142857142857,0.0,0.0,0.0,0.0,0.0,0.02857142857142857,0.05714285714285714,0.005086294165576159,0.004740623688303992,0.003975210488629911,0.004938149675316659,0.00412335497888941,0.004098664230512827,0.00427149946914891,0.003876447495123577,0.0039011382435001603,0.0036542307597343276,0.0038023752499938275,0.003851756746746994,0.0036295400113577443,0.0037283030048640775,0.003975210488629911,0.0039011382435001603,0.004222117972395743,0.004222117972395743,0.0037036122564874942,0.0038023752499938275,0.003604849262981161,0.004222117972395743,0.0041480457272659935,0.004567788449667909,0.003876447495123577,0.003975210488629911,0.004073973482136244,0.0039011382435001603,0.00412335497888941,0.004073973482136244,0.004024591985383077,0.0034320140243450778,0.00427149946914891,0.003925828991876744,0.003777684501617244,0.003752993753240661,0.003851756746746994,0.0038023752499938275,0.003975210488629911,0.003678921508110911,0.003876447495123577,0.0036295400113577443,0.003925828991876744,0.003975210488629911,0.003851756746746994,0.003876447495123577,0.004567788449667909,0.003827065998370411,0.0048146959334337425,0.003975210488629911,0.003925828991876744,0.003925828991876744,0.0041480457272659935,0.003752993753240661,0.003678921508110911,0.003678921508110911,0.003530777017851411,0.0038023752499938275,0.003678921508110911,0.003827065998370411,0.003975210488629911,0.003678921508110911,0.003950519740253327,0.003975210488629911,0.0037283030048640775,0.0038023752499938275,0.003678921508110911,0.00404928273375966,0.0038023752499938275,0.0037283030048640775,0.003975210488629911,0.003975210488629911,0.003975210488629911,0.003950519740253327,0.003925828991876744,0.0037036122564874942,0.0039011382435001603,0.003851756746746994,0.0038023752499938275,0.003999901237006494,0.003752993753240661,0.003752993753240661,0.003876447495123577,0.00404928273375966,0.0039011382435001603,0.00404928273375966,0.003827065998370411,0.003950519740253327,0.003950519740253327,0.003975210488629911,0.003777684501617244,0.004024591985383077,0.003777684501617244,0.0036295400113577443,0.0038023752499938275,0.003604849262981161,0.003604849262981161,0.004222117972395743,0.003975210488629911,0.004765314436680576,0.00427149946914891,0.004518406952914743,0.003925828991876744,0.0039011382435001603,0.004320880965902076,0.00434557171427866,0.0036542307597343276,0.003975210488629911,0.003950519740253327,0.004444334707784993,0.00419742722401916,0.00434557171427866,0.003925828991876744,0.003925828991876744,0.004394953211031827,0.00449371620453816,0.0044196439594084095,0.0041480457272659935,0.0039011382435001603,0.003876447495123577,0.003925828991876744,0.0037283030048640775,0.003950519740253327,0.0037036122564874942,0.004172736475642576,0.003604849262981161,0.003851756746746994,0.0036542307597343276,0.003752993753240661,0.0041480457272659935,0.00434557171427866,0.0037283030048640775,0.0037283030048640775,0.003851756746746994,0.003777684501617244,0.004024591985383077,0.004024591985383077,0.004024591985383077,0.003752993753240661,0.003827065998370411,0.0039011382435001603,0.0037283030048640775,0.0041480457272659935,0.003827065998370411,0.003752993753240661,0.0039011382435001603,0.003950519740253327,0.0037283030048640775,0.003950519740253327,0.003678921508110911,0.0037036122564874942,0.0037036122564874942,0.0038023752499938275,0.004098664230512827,0.003950519740253327,0.004073973482136244,0.0036542307597343276,0.0036542307597343276,0.003851756746746994,0.003752993753240661,0.003851756746746994,0.0039011382435001603,0.004073973482136244,0.0037036122564874942,0.003827065998370411,0.0041480457272659935,0.004222117972395743,0.004073973482136244,0.003827065998370411,0.0038023752499938275,0.003678921508110911,0.0037036122564874942,0.003950519740253327,0.004073973482136244,0.00404928273375966,0.0039011382435001603,0.0035801585146045777,0.003777684501617244,0.0039011382435001603,0.003950519740253327,0.003827065998370411,0.0037283030048640775,0.0037283030048640775,0.003851756746746994,0.00412335497888941,0.003876447495123577,0.0039011382435001603,0.003678921508110911,0.0039011382435001603,0.003999901237006494,0.0038023752499938275,0.0036295400113577443,0.0034320140243450778,0.0038023752499938275,0.003876447495123577,0.003777684501617244,0.003876447495123577,0.0035554677662279943,0.003456704772721661,0.0037283030048640775,0.003678921508110911,0.003925828991876744,0.003827065998370411,0.003975210488629911,0.003925828991876744,0.003827065998370411,0.0035060862694748277,0.003975210488629911,0.0037283030048640775,0.0038023752499938275,0.0036295400113577443,0.0038023752499938275,0.003777684501617244,0.0036542307597343276,0.0037036122564874942,0.003876447495123577,0.003950519740253327,0.003827065998370411,0.003925828991876744,0.003777684501617244,0.0038023752499938275,0.0037036122564874942,0.0039011382435001603,0.0039011382435001603,0.0037036122564874942,0.0036295400113577443,0.003777684501617244,0.0036542307597343276,0.004024591985383077,0.0036295400113577443,0.003777684501617244,0.003876447495123577,0.003950519740253327,0.004024591985383077,0.0038023752499938275,0.003851756746746994,0.0039011382435001603,0.003876447495123577,0.0038023752499938275,0.0037036122564874942,0.0037283030048640775,0.0037036122564874942,0.004024591985383077,0.003752993753240661,0.003925828991876744,0.00404928273375966,0.003975210488629911,0.00404928273375966,0.003678921508110911,0.003876447495123577,0.003950519740253327,0.003752993753240661,0.0035554677662279943,0.00412335497888941,0.003975210488629911,0.004073973482136244,2.49426
43,vimeo1,0,stream,131.202.240.150,72.21.91.187,58034,443,6,c02f,00190000166c69766570617373646c2e636f6e766976612e636f6d,528,http_content_type_NULL,http_user_agent_NULL,http_accept_language_NULL,http_server_NULL,http_code_NULL,livepassdl.conviva.com,86400,1,dns_domain_rank_NULL,321.5,195.5,805.8333333333334,552.925075294012,10801,2,6,643,4835,517,126,1338,31,0.5071752615498565,24.5,23.5,1792.0,3962.376223093074,49,10752,48,1,10652,0,0.04081632653061224,0.0005580357142857143,0.0007406721599851866,64,52,0.0,0.0,0.0,0.0,0.0,0.0,0.0,0.0,0.0,0.0,0.0,0.0,0.0,0.14285714285714285,0.0,0.0,0.0,0.0,0.0,0.0,0.0,0.0,0.0,0.0,0.0,0.0,0.0,0.0,0.0,0.0,0.0,0.0,0.0,0.0,0.0,0.0,0.0,0.0,0.0,0.0,0.0,0.0,0.0,0.0,0.0,0.0,0.0,0.0,0.0,0.0,0.0,0.0,0.0,0.0,0.0,0.0,0.0,0.0,0.0,0.0,0.0,0.0,0.0,0.0,0.0,0.0,0.0,0.0,0.0,0.0,0.0,0.0,0.0,0.0,0.0,0.0,0.0,0.0,0.0,0.0,0.0,0.0,0.0,0.0,0.0,0.0,0.0,0.0,0.0,0.0,0.0,0.0,0.0,0.0,0.0,0.0,0.0,0.0,0.0,0.0,0.0,0.0,0.0,0.0,0.0,0.0,0.0,0.0,0.0,0.0,0.0,0.0,0.0,0.0,0.0,0.0,0.0,0.0,0.0,0.0,0.0,0.0,0.0,0.0,0.0,0.0,0.0,0.0,0.0,0.0,0.0,0.0,0.0,0.0,0.0,0.0,0.0,0.0,0.0,0.0,0.0,0.0,0.0,0.0,0.0,0.0,0.0,0.0,0.0,0.0,0.0,0.0,0.0,0.0,0.0,0.0,0.0,0.0,0.0,0.0,0.0,0.0,0.0,0.0,0.0,0.0,0.0,0.0,0.0,0.0,0.0,0.0,0.0,0.0,0.0,0.0,0.0,0.0,0.0,0.0,0.0,0.0,0.0,0.0,0.0,0.0,0.0,0.0,0.0,0.0,0.0,0.0,0.0,0.0,0.0,0.0,0.0,0.0,0.0,0.0,0.0,0.0,0.0,0.0,0.0,0.0,0.0,0.0,0.0,0.0,0.0,0.14285714285714285,0.0,0.0,0.0,0.0,0.0,0.0,0.0,0.0,0.14285714285714285,0.0,0.0,0.0,0.0,0.0,0.0,0.0,0.0,0.0,0.0,0.0,0.0,0.0,0.0,0.0,0.0,0.0,0.0,0.0,0.0,0.0,0.0,0.0,0.0,0.0,0.0,0.0,0.0,0.0,0.0,0.0,0.0,0.0,0.0,0.0,0.0,0.0,0.0,0.0,0.0,0.0,0.0,0.0,0.0,0.0,0.0,0.0,0.0,0.0,0.0,0.0,0.0,0.0,0.0,0.0,0.0,0.0,0.14285714285714285,0.0,0.0,0.0,0.0,0.0,0.0,0.0,0.0,0.0,0.0,0.0,0.0,0.0,0.0,0.0,0.0,0.0,0.0,0.0,0.0,0.0,0.0,0.0,0.0,0.0,0.0,0.0,0.0,0.0,0.0,0.0,0.0,0.0,0.0,0.0,0.0,0.0,0.0,0.0,0.0,0.0,0.0,0.0,0.0,0.0,0.0,0.0,0.0,0.0,0.0,0.0,0.0,0.0,0.0,0.0,0.0,0.0,0.0,0.0,0.0,0.0,0.0,0.0,0.0,0.0,0.0,0.0,0.0,0.0,0.0,0.0,0.0,0.0,0.0,0.0,0.0,0.0,0.0,0.0,0.0,0.0,0.0,0.0,0.0,0.14285714285714285,0.0,0.0,0.0,0.0,0.0,0.0,0.0,0.0,0.0,0.0,0.0,0.0,0.0,0.0,0.2857142857142857,0.0,0.0,0.0,0.0,0.0,0.0,0.0,0.0,0.0,0.0,0.0,0.0,0.0,0.0,0.0,0.0,0.0,0.0,0.0,0.0,0.0,0.040708287696239506,0.021723256663015698,0.009492515516611903,0.017889740781307048,0.012230741146403797,0.009492515516611903,0.015516611902154072,0.004928806133625411,0.00547645125958379,0.00529390288426433,0.004016064257028112,0.005658999634903249,0.0034684191310697336,0.004928806133625411,0.003103322380430814,0.0034684191310697336,0.0032858707557502738,0.0032858707557502738,0.0029207740051113546,0.006936838262139467,0.004016064257028112,0.0034684191310697336,0.007484483388097846,0.004016064257028112,0.004198612632347572,0.0036509675063891934,0.002008032128514056,0.0018254837531945967,0.002008032128514056,0.00529390288426433,0.0014603870025556773,0.004016064257028112,0.006936838262139467,0.0014603870025556773,0.002008032128514056,0.0038335158817086527,0.002190580503833516,0.002738225629791895,0.0034684191310697336,0.0018254837531945967,0.002190580503833516,0.0038335158817086527,0.0032858707557502738,0.0045637093829864915,0.002190580503833516,0.004198612632347572,0.028112449799196786,0.006936838262139467,0.025374224169404894,0.009492515516611903,0.005658999634903249,0.0032858707557502738,0.0036509675063891934,0.0029207740051113546,0.002008032128514056,0.0029207740051113546,0.002008032128514056,0.002008032128514056,0.002555677254472435,0.0032858707557502738,0.0018254837531945967,0.0012778386272362175,0.002008032128514056,0.0014603870025556773,0.0029207740051113546,0.004381161007667032,0.0029207740051113546,0.0045637093829864915,0.0038335158817086527,0.0023731288791529756,0.0018254837531945967,0.0016429353778751369,0.00511135450894487,0.003103322380430814,0.002190580503833516,0.0016429353778751369,0.001095290251916758,0.0034684191310697336,0.002555677254472435,0.0023731288791529756,0.0014603870025556773,0.0016429353778751369,0.002190580503833516,0.004016064257028112,0.002190580503833516,0.008579773640014604,0.001095290251916758,0.002555677254472435,0.0014603870025556773,0.002738225629791895,0.0029207740051113546,0.0009127418765972983,0.0034684191310697336,0.0012778386272362175,0.0016429353778751369,0.0014603870025556773,0.0014603870025556773,0.01569916027747353,0.00511135450894487,0.028112449799196786,0.01533406352683461,0.023183643665571376,0.0018254837531945967,0.0104052573932092,0.007119386637458927,0.019350127783862723,0.0016429353778751369,0.0032858707557502738,0.007849580138736765,0.01715954728002921,0.014603870025556773,0.020993063161737862,0.009127418765972983,0.0016429353778751369,0.01661190215407083,0.018802482657904344,0.019167579408543262,0.007849580138736765,0.00547645125958379,0.007119386637458927,0.003103322380430814,0.002190580503833516,0.0016429353778751369,0.0014603870025556773,0.0014603870025556773,0.0014603870025556773,0.0012778386272362175,0.002008032128514056,0.002008032128514056,0.002555677254472435,0.017524644030668127,0.0014603870025556773,0.0029207740051113546,0.0014603870025556773,0.006024096385542169,0.002008032128514056,0.0012778386272362175,0.0014603870025556773,0.0014603870025556773,0.0034684191310697336,0.0016429353778751369,0.0009127418765972983,0.0014603870025556773,0.002008032128514056,0.002190580503833516,0.0012778386272362175,0.0016429353778751369,0.001095290251916758,0.0016429353778751369,0.0016429353778751369,0.0009127418765972983,0.001095290251916758,0.002738225629791895,0.0018254837531945967,0.002190580503833516,0.002008032128514056,0.002190580503833516,0.002190580503833516,0.0023731288791529756,0.0016429353778751369,0.0034684191310697336,0.0014603870025556773,0.002555677254472435,0.0023731288791529756,0.002190580503833516,0.0009127418765972983,0.0018254837531945967,0.0012778386272362175,0.0014603870025556773,0.001095290251916758,0.003103322380430814,0.0003650967506389193,0.0023731288791529756,0.0016429353778751369,0.0018254837531945967,0.0016429353778751369,0.002008032128514056,0.0012778386272362175,0.0016429353778751369,0.0014603870025556773,0.0014603870025556773,0.0009127418765972983,0.0016429353778751369,0.0018254837531945967,0.0023731288791529756,0.0009127418765972983,0.0016429353778751369,0.002008032128514056,0.0012778386272362175,0.001095290251916758,0.0012778386272362175,0.001095290251916758,0.002555677254472435,0.0012778386272362175,0.002008032128514056,0.002738225629791895,0.0012778386272362175,0.0009127418765972983,0.001095290251916758,0.002190580503833516,0.002008032128514056,0.001095290251916758,0.0007301935012778386,0.0016429353778751369,0.002190580503833516,0.0014603870025556773,0.0014603870025556773,0.0007301935012778386,0.0023731288791529756,0.001095290251916758,0.0018254837531945967,0.0029207740051113546,0.0014603870025556773,0.0023731288791529756,0.0018254837531945967,0.002190580503833516,0.0014603870025556773,0.002555677254472435,0.0023731288791529756,0.0012778386272362175,0.0018254837531945967,0.0016429353778751369,0.0016429353778751369,0.0016429353778751369,0.0009127418765972983,0.0014603870025556773,0.001095290251916758,0.0014603870025556773,0.0009127418765972983,0.001095290251916758,0.002190580503833516,0.0012778386272362175,0.001095290251916758,0.0012778386272362175,0.0012778386272362175,0.0018254837531945967,0.0014603870025556773,0.0029207740051113546,0.001095290251916758,0.002190580503833516,0.001095290251916758,0.001095290251916758,0.002190580503833516,0.002008032128514056,0.0014603870025556773,0.002738225629791895,0.001095290251916758,0.0018254837531945967,0.0009127418765972983,0.0016429353778751369,0.002008032128514056,0.002008032128514056,0.002555677254472435,0.0029207740051113546,0.0016429353778751369,0.0036509675063891934,7.245137
44,vimeo1,0,stream,131.202.240.150,131.202.6.3,3672,53,17,scs_str_NULL,server_name_str_NULL,0,http_content_type_NULL,http_user_agent_NULL,http_accept_language_NULL,http_server_NULL,http_code_NULL,dns_domain_name_NULL,dns_ttl_NULL,dns_num_ip_NULL,dns_domain_rank_NULL,40.0,0.0,419.0,0.0,225,1,1,40,419,40,40,419,419,2.04,0.0,0,225.0,0.0,0,225,0,0,225,225,0,0.0044444444444444444,0.008888888888888889,64,60,0.0,0.0,0.0,0.0,0.0,0.0,0.0,0.0,0.0,0.0,0.0,0.0,0.0,0.0,0.0,0.0,0.0,0.0,0.0,0.0,0.0,0.0,0.0,0.0,0.0,0.0,0.0,0.0,0.0,0.0,0.0,0.0,0.0,0.0,0.0,0.0,0.0,0.0,0.0,0.0,0.0,0.0,0.0,0.0,0.0,0.0,0.0,0.0,0.0,0.0,0.0,0.0,0.0,0.0,0.0,0.0,0.0,0.0,0.0,0.0,0.0,0.0,0.0,0.0,0.0,0.0,0.0,0.0,0.0,0.0,0.0,0.0,0.0,0.0,0.0,0.0,0.0,0.0,0.0,0.0,0.0,0.0,0.0,0.0,0.0,0.0,0.0,0.0,0.0,0.0,0.0,0.0,0.0,0.0,0.0,0.0,0.0,0.0,0.0,0.0,0.0,0.0,0.0,0.0,0.0,0.0,0.0,0.0,0.0,0.0,0.0,0.0,0.0,0.0,0.0,0.0,0.0,0.0,0.0,0.0,0.0,0.0,0.0,0.0,0.0,0.0,0.0,0.0,0.0,0.0,0.0,0.0,0.0,0.0,0.0,0.0,0.0,0.0,0.0,0.0,0.0,0.0,0.0,0.0,0.0,0.0,0.0,0.0,0.0,0.0,0.0,0.0,0.0,0.0,0.0,0.0,0.0,0.0,0.0,0.0,0.0,0.0,0.0,0.0,0.0,0.0,0.0,0.0,0.0,0.0,0.0,0.0,0.0,0.0,0.0,0.0,0.0,0.0,0.0,0.0,0.0,0.0,0.0,0.0,0.0,0.0,0.0,0.0,0.0,0.0,0.0,0.0,0.0,0.0,0.0,0.0,0.0,0.0,0.0,0.0,0.0,0.0,0.0,0.0,0.0,0.0,0.0,0.0,0.0,0.0,0.0,0.0,0.0,0.0,0.0,0.0,0.0,0.0,0.0,0.0,0.0,0.0,0.0,0.0,0.0,0.0,0.0,0.0,0.0,0.0,0.0,0.0,0.0,0.0,0.0,0.0,0.0,0.0,0.0,0.0,1.0,0.0,0.0,0.0,0.0,0.0,0.0,0.0,0.0,0.0,0.0,0.0,0.0,0.0,0.0,0.0,0.0,0.0,0.0,0.0,0.0,0.0,0.0,0.0,0.0,0.0,0.0,0.0,0.0,0.0,0.0,0.0,0.0,0.0,0.0,0.0,0.0,0.0,0.0,0.0,0.0,0.0,0.0,0.0,0.0,0.0,0.0,0.0,0.0,0.0,0.0,0.0,0.0,0.0,0.0,0.0,0.0,0.0,0.0,0.0,0.0,0.0,0.0,0.0,0.0,0.0,0.0,0.0,0.0,0.0,0.0,0.0,0.0,0.0,0.0,0.0,0.0,0.0,0.0,0.0,0.0,0.0,0.0,0.0,0.0,0.0,0.0,0.0,0.0,0.0,0.0,0.0,0.0,0.0,0.0,0.0,0.0,0.0,0.0,0.0,0.0,0.0,0.0,0.0,0.0,0.0,0.0,0.0,0.0,0.0,0.0,0.0,0.0,0.0,0.0,0.0,0.0,0.0,0.0,0.0,0.0,0.0,0.0,0.0,0.0,0.0,0.0,0.0,0.0,0.0,0.0,0.0,0.0,0.0,0.0,0.0,0.0,0.0,0.0,0.0,0.0,0.0,0.0,0.0,0.0,0.0,0.0,0.0,0.0,0.0,0.0,0.0,0.0,0.0,0.0,0.0,0.0,0.0,0.0,0.0,0.26143790849673204,0.08496732026143791,0.017429193899782137,0.023965141612200435,0.026143790849673203,0.004357298474945534,0.0196078431372549,0.0,0.010893246187363835,0.008714596949891068,0.0,0.002178649237472767,0.026143790849673203,0.0,0.0,0.0,0.002178649237472767,0.004357298474945534,0.0,0.006535947712418301,0.004357298474945534,0.0,0.0,0.0,0.023965141612200435,0.0,0.0,0.004357298474945534,0.0,0.002178649237472767,0.0,0.004357298474945534,0.0,0.0,0.0,0.004357298474945534,0.0,0.0,0.0,0.0,0.0,0.002178649237472767,0.0,0.0,0.002178649237472767,0.006535947712418301,0.0,0.0,0.004357298474945534,0.002178649237472767,0.002178649237472767,0.002178649237472767,0.008714596949891068,0.002178649237472767,0.002178649237472767,0.002178649237472767,0.004357298474945534,0.0,0.0,0.0,0.0,0.0,0.0,0.0,0.0,0.0,0.002178649237472767,0.0,0.002178649237472767,0.0,0.0,0.0,0.0,0.0,0.0,0.0,0.0,0.0,0.002178649237472767,0.0,0.0,0.002178649237472767,0.0,0.0,0.002178649237472767,0.002178649237472767,0.002178649237472767,0.0,0.002178649237472767,0.0,0.0,0.0,0.002178649237472767,0.002178649237472767,0.0,0.0,0.002178649237472767,0.05010893246187364,0.0,0.004357298474945534,0.008714596949891068,0.0196078431372549,0.0,0.02178649237472767,0.023965141612200435,0.017429193899782137,0.017429193899782137,0.008714596949891068,0.0,0.015250544662309368,0.023965141612200435,0.008714596949891068,0.0,0.0,0.0,0.002178649237472767,0.010893246187363835,0.002178649237472767,0.013071895424836602,0.0,0.0,0.0,0.0,0.0,0.0,0.0,0.0,0.0,0.002178649237472767,0.002178649237472767,0.002178649237472767,0.0,0.0,0.0,0.0,0.0,0.0,0.0,0.0,0.0,0.0,0.0,0.0,0.0,0.0,0.0,0.0,0.0,0.004357298474945534,0.0,0.0,0.0,0.0,0.0,0.0,0.0,0.0,0.0,0.0,0.002178649237472767,0.0,0.0,0.0,0.0,0.008714596949891068,0.0,0.0,0.0,0.0,0.0,0.0,0.0,0.0,0.0,0.0,0.0,0.0,0.002178649237472767,0.0,0.0,0.0,0.0,0.0,0.0,0.004357298474945534,0.0,0.0,0.0,0.0,0.0,0.0,0.0,0.06318082788671024,0.004357298474945534,0.0,0.002178649237472767,0.002178649237472767,0.0,0.008714596949891068,0.0,0.0,0.0,0.0,0.0,0.0,0.006535947712418301,0.0,0.0,0.0,0.004357298474945534,0.0,0.0,0.0,0.002178649237472767,0.0,0.0,0.002178649237472767,0.0,0.0,0.0,0.002178649237472767,0.002178649237472767,0.0,0.0,0.0,0.0,0.0,0.0,0.0,0.0,0.0,0.006535947712418301,0.006535947712418301,0.0,0.0,0.0,0.0,0.0,0.0,0.0,0.0,0.0,0.0,0.0,0.0,0.0,0.0,0.0,0.0,0.002178649237472767,0.0,0.0,0.0,0.0,0.0,0.0,4.823687
45,vimeo1,0,stream,131.202.240.150,131.202.6.3,24853,53,17,scs_str_NULL,server_name_str_NULL,0,http_content_type_NULL,http_user_agent_NULL,http_accept_language_NULL,http_server_NULL,http_code_NULL,dns_domain_name_NULL,dns_ttl_NULL,dns_num_ip_NULL,dns_domain_rank_NULL,31.0,0.0,265.0,0.0,385,1,1,31,265,31,31,265,265,0.7688311688311689,0.0,0,385.0,0.0,0,385,0,0,385,385,0,0.0025974025974025974,0.005194805194805195,64,60,0.0,0.0,0.0,0.0,0.0,0.0,0.0,0.0,0.0,0.0,0.0,0.0,0.0,0.0,0.0,0.0,0.0,0.0,0.0,0.0,0.0,0.0,0.0,0.0,0.0,0.0,0.0,0.0,0.0,0.0,0.0,0.0,0.0,0.0,0.0,0.0,0.0,0.0,0.0,0.0,0.0,0.0,0.0,0.0,0.0,0.0,0.0,0.0,0.0,0.0,0.0,0.0,0.0,0.0,0.0,0.0,0.0,0.0,0.0,0.0,0.0,0.0,0.0,0.0,0.0,0.0,0.0,0.0,0.0,0.0,0.0,0.0,0.0,0.0,0.0,0.0,0.0,0.0,0.0,0.0,0.0,0.0,0.0,0.0,0.0,0.0,0.0,0.0,0.0,0.0,0.0,0.0,0.0,0.0,0.0,0.0,0.0,0.0,0.0,0.0,0.0,0.0,0.0,0.0,0.0,0.0,0.0,0.0,0.0,0.0,0.0,0.0,0.0,0.0,0.0,0.0,0.0,0.0,0.0,0.0,0.0,0.0,0.0,0.0,0.0,0.0,0.0,0.0,0.0,0.0,0.0,0.0,0.0,0.0,0.0,0.0,0.0,0.0,0.0,0.0,0.0,0.0,0.0,0.0,0.0,0.0,0.0,0.0,0.0,0.0,0.0,0.0,0.0,0.0,0.0,0.0,0.0,0.0,0.0,0.0,0.0,0.0,0.0,0.0,0.0,0.0,0.0,0.0,0.0,0.0,0.0,0.0,0.0,0.0,0.0,0.0,0.0,0.0,0.0,0.0,0.0,0.0,0.0,0.0,0.0,0.0,0.0,0.0,0.0,0.0,0.0,0.0,0.0,0.0,0.0,0.0,0.0,0.0,0.0,0.0,0.0,0.0,0.0,0.0,0.0,0.0,0.0,0.0,0.0,0.0,0.0,0.0,0.0,0.0,0.0,0.0,0.0,0.0,0.0,0.0,1.0,0.0,0.0,0.0,0.0,0.0,0.0,0.0,0.0,0.0,0.0,0.0,0.0,0.0,0.0,0.0,0.0,0.0,0.0,0.0,0.0,0.0,0.0,0.0,0.0,0.0,0.0,0.0,0.0,0.0,0.0,0.0,0.0,0.0,0.0,0.0,0.0,0.0,0.0,0.0,0.0,0.0,0.0,0.0,0.0,0.0,0.0,0.0,0.0,0.0,0.0,0.0,0.0,0.0,0.0,0.0,0.0,0.0,0.0,0.0,0.0,0.0,0.0,0.0,0.0,0.0,0.0,0.0,0.0,0.0,0.0,0.0,0.0,0.0,0.0,0.0,0.0,0.0,0.0,0.0,0.0,0.0,0.0,0.0,0.0,0.0,0.0,0.0,0.0,0.0,0.0,0.0,0.0,0.0,0.0,0.0,0.0,0.0,0.0,0.0,0.0,0.0,0.0,0.0,0.0,0.0,0.0,0.0,0.0,0.0,0.0,0.0,0.0,0.0,0.0,0.0,0.0,0.0,0.0,0.0,0.0,0.0,0.0,0.0,0.0,0.0,0.0,0.0,0.0,0.0,0.0,0.0,0.0,0.0,0.0,0.0,0.0,0.0,0.0,0.0,0.0,0.0,0.0,0.0,0.0,0.0,0.0,0.0,0.0,0.0,0.0,0.0,0.0,0.0,0.0,0.0,0.0,0.0,0.0,0.0,0.0,0.0,0.0,0.0,0.0,0.0,0.0,0.0,0.0,0.0,0.0,0.0,0.0,0.0,0.0,0.0,0.0,0.0,0.0,0.0,0.20608108108108109,0.0777027027027027,0.037162162162162164,0.02027027027027027,0.013513513513513514,0.02027027027027027,0.006756756756756757,0.010135135135135136,0.006756756756756757,0.013513513513513514,0.0033783783783783786,0.006756756756756757,0.0033783783783783786,0.0,0.0,0.0,0.02364864864864865,0.0,0.0,0.0033783783783783786,0.0,0.0,0.006756756756756757,0.0033783783783783786,0.0,0.0033783783783783786,0.0,0.0,0.0,0.0,0.0,0.0,0.0,0.0,0.0,0.0,0.0,0.0,0.0,0.0,0.0,0.0,0.0,0.0033783783783783786,0.013513513513513514,0.033783783783783786,0.0,0.0,0.006756756756756757,0.02027027027027027,0.016891891891891893,0.013513513513513514,0.0,0.010135135135135136,0.016891891891891893,0.0033783783783783786,0.0,0.0,0.0,0.0,0.0,0.0,0.0,0.0,0.0,0.010135135135135136,0.0,0.0,0.0,0.0,0.0,0.0,0.0,0.0,0.0,0.0,0.0,0.0,0.0,0.0,0.0,0.0,0.0,0.0,0.0,0.0,0.0,0.0,0.0033783783783783786,0.0,0.0,0.0,0.0,0.0,0.0,0.0,0.0,0.016891891891891893,0.006756756756756757,0.02364864864864865,0.016891891891891893,0.006756756756756757,0.0,0.02027027027027027,0.006756756756756757,0.0033783783783783786,0.0,0.0033783783783783786,0.006756756756756757,0.006756756756756757,0.030405405405405407,0.013513513513513514,0.006756756756756757,0.0,0.0033783783783783786,0.05067567567567568,0.0033783783783783786,0.006756756756756757,0.0,0.030405405405405407,0.0,0.0,0.0,0.0,0.0,0.0,0.0,0.0033783783783783786,0.0033783783783783786,0.0033783783783783786,0.0,0.0,0.0,0.0,0.0,0.0,0.0,0.0,0.0,0.0,0.0,0.0,0.0033783783783783786,0.0,0.0,0.0,0.0,0.016891891891891893,0.0,0.0,0.0,0.0,0.0,0.0,0.016891891891891893,0.0,0.0,0.0,0.0,0.0,0.0,0.0,0.0,0.0,0.0,0.0,0.0,0.0,0.0,0.0,0.0,0.0,0.0,0.0,0.0,0.0,0.0,0.0,0.0,0.0,0.0,0.0,0.0,0.0,0.0,0.0,0.0,0.0,0.0,0.0,0.0,0.0,0.04391891891891892,0.0033783783783783786,0.0033783783783783786,0.0,0.0,0.0,0.0,0.0033783783783783786,0.0,0.0,0.0,0.0,0.0,0.0033783783783783786,0.0,0.0,0.0,0.0,0.0,0.0,0.0,0.0,0.0,0.0,0.0,0.0,0.0,0.0,0.0,0.0,0.0,0.0,0.0,0.0,0.0,0.0,0.0,0.0,0.0033783783783783786,0.0,0.0,0.0,0.0,0.0,0.0,0.0,0.0,0.0,0.0,0.0,0.0,0.0,0.0,0.006756756756756757,0.0,0.0,0.0,0.0,0.0,0.0033783783783783786,0.0,0.0,0.0,0.0,4.992823
46,vimeo1,0,stream,131.202.240.150,209.148.205.41,34177,443,6,0005,0019000016617676696d656f2d612e616b616d616968642e6e6574,2064,http_content_type_NULL,http_user_agent_NULL,http_accept_language_NULL,http_server_NULL,http_code_NULL,avvimeo-a.akamaihd.net,300,2,dns_domain_rank_NULL,339.0,111.23248925860945,1712.6,1097.8263979336625,150,3,50,1017,85630,486,217,6690,238,577.6466666666666,8.666666666666666,11.556623882239812,2.48,7.481283312373619,26,124,25,0,29,0,0.11538461538461539,0.4032258064516129,0.35333333333333333,64,53,0.0,0.0,0.0,0.0,0.0,0.0,0.0,0.0,0.0,0.0,0.0,0.0,0.0,0.0,0.0,0.0,0.0,0.0,0.0,0.0,0.0,0.0,0.0,0.0,0.0,0.0,0.0,0.0,0.0,0.0,0.0,0.0,0.0,0.0,0.0,0.0,0.0,0.0,0.0,0.0,0.0,0.0,0.0,0.0,0.0,0.0,0.0,0.0,0.0,0.0,0.0,0.0,0.0,0.0,0.023255813953488372,0.0,0.0,0.0,0.0,0.0,0.0,0.0,0.0,0.0,0.0,0.0,0.0,0.0,0.0,0.0,0.0,0.023255813953488372,0.0,0.0,0.0,0.0,0.0,0.0,0.0,0.0,0.0,0.0,0.0,0.0,0.0,0.0,0.0,0.0,0.0,0.0,0.0,0.0,0.0,0.0,0.0,0.0,0.0,0.0,0.0,0.0,0.0,0.0,0.0,0.0,0.0,0.0,0.0,0.0,0.0,0.0,0.0,0.0,0.0,0.0,0.0,0.0,0.0,0.0,0.0,0.0,0.0,0.0,0.0,0.0,0.0,0.0,0.0,0.0,0.0,0.0,0.0,0.0,0.0,0.0,0.0,0.0,0.0,0.0,0.0,0.0,0.0,0.0,0.0,0.0,0.0,0.0,0.0,0.0,0.0,0.0,0.0,0.0,0.0,0.0,0.0,0.0,0.0,0.0,0.0,0.0,0.0,0.0,0.0,0.0,0.0,0.0,0.0,0.0,0.0,0.0,0.0,0.0,0.0,0.0,0.0,0.0,0.0,0.0,0.0,0.0,0.0,0.0,0.0,0.0,0.0,0.0,0.0,0.0,0.0,0.0,0.0,0.0,0.0,0.0,0.0,0.0,0.0,0.0,0.0,0.0,0.0,0.0,0.0,0.0,0.0,0.0,0.0,0.0,0.0,0.0,0.0,0.0,0.0,0.0,0.0,0.0,0.0,0.0,0.0,0.0,0.0,0.0,0.023255813953488372,0.0,0.0,0.0,0.0,0.0,0.0,0.0,0.0,0.0,0.0,0.0,0.0,0.0,0.0,0.0,0.0,0.0,0.0,0.0,0.0,0.0,0.0,0.0,0.0,0.0,0.0,0.0,0.0,0.0,0.0,0.0,0.0,0.0,0.0,0.0,0.023255813953488372,0.0,0.0,0.0,0.0,0.0,0.0,0.0,0.0,0.0,0.0,0.0,0.0,0.0,0.0,0.0,0.0,0.0,0.0,0.0,0.0,0.0,0.0,0.0,0.0,0.0,0.0,0.0,0.0,0.0,0.0,0.0,0.0,0.0,0.0,0.0,0.0,0.0,0.0,0.0,0.023255813953488372,0.0,0.0,0.0,0.0,0.0,0.0,0.0,0.0,0.0,0.0,0.0,0.0,0.0,0.0,0.0,0.0,0.0,0.0,0.0,0.0,0.0,0.0,0.0,0.0,0.0,0.0,0.0,0.0,0.0,0.0,0.0,0.0,0.0,0.0,0.0,0.0,0.0,0.0,0.0,0.0,0.0,0.0,0.0,0.0,0.0,0.0,0.0,0.0,0.0,0.0,0.0,0.0,0.0,0.0,0.0,0.0,0.0,0.0,0.0,0.0,0.0,0.0,0.023255813953488372,0.0,0.023255813953488372,0.0,0.0,0.0,0.0,0.0,0.0,0.0,0.0,0.023255813953488372,0.0,0.0,0.0,0.0,0.0,0.813953488372093,0.0,0.0,0.0,0.0,0.0,0.0,0.0,0.0,0.0,0.0,0.0,0.0,0.0,0.0,0.0,0.0,0.0,0.0,0.0,0.0,0.0,0.00389412660303332,0.00389412660303332,0.003923405750424548,0.00404052233998946,0.00389412660303332,0.003923405750424548,0.003923405750424548,0.00389412660303332,0.00389412660303332,0.00389412660303332,0.00389412660303332,0.003923405750424548,0.00389412660303332,0.003923405750424548,0.003923405750424548,0.00389412660303332,0.003923405750424548,0.00389412660303332,0.003923405750424548,0.00389412660303332,0.003923405750424548,0.00389412660303332,0.00389412660303332,0.003981964045207003,0.00389412660303332,0.003923405750424548,0.003923405750424548,0.00389412660303332,0.00389412660303332,0.003923405750424548,0.003923405750424548,0.00389412660303332,0.00389412660303332,0.00389412660303332,0.003923405750424548,0.003923405750424548,0.003923405750424548,0.00389412660303332,0.00389412660303332,0.00389412660303332,0.003923405750424548,0.003923405750424548,0.00389412660303332,0.003923405750424548,0.00389412660303332,0.00389412660303332,0.00389412660303332,0.00389412660303332,0.003923405750424548,0.00389412660303332,0.00389412660303332,0.0038648474556420916,0.003923405750424548,0.003923405750424548,0.00389412660303332,0.003923405750424548,0.00389412660303332,0.00389412660303332,0.00389412660303332,0.003923405750424548,0.00389412660303332,0.003923405750424548,0.00389412660303332,0.00389412660303332,0.003952684897815775,0.003923405750424548,0.003923405750424548,0.00389412660303332,0.003923405750424548,0.0038648474556420916,0.00389412660303332,0.003923405750424548,0.003923405750424548,0.00389412660303332,0.00389412660303332,0.003923405750424548,0.003923405750424548,0.00389412660303332,0.00389412660303332,0.00389412660303332,0.00389412660303332,0.003923405750424548,0.003923405750424548,0.003923405750424548,0.003923405750424548,0.003923405750424548,0.00389412660303332,0.00389412660303332,0.00389412660303332,0.003923405750424548,0.003923405750424548,0.00389412660303332,0.003952684897815775,0.00389412660303332,0.003923405750424548,0.003923405750424548,0.00389412660303332,0.00389412660303332,0.00389412660303332,0.00389412660303332,0.00389412660303332,0.003923405750424548,0.003952684897815775,0.003923405750424548,0.00389412660303332,0.00389412660303332,0.00389412660303332,0.0038648474556420916,0.00389412660303332,0.00389412660303332,0.00389412660303332,0.00389412660303332,0.00389412660303332,0.003923405750424548,0.00389412660303332,0.003923405750424548,0.003923405750424548,0.003923405750424548,0.003923405750424548,0.003923405750424548,0.00389412660303332,0.003923405750424548,0.003923405750424548,0.003923405750424548,0.00389412660303332,0.00389412660303332,0.00389412660303332,0.003923405750424548,0.00389412660303332,0.00389412660303332,0.00389412660303332,0.003923405750424548,0.00389412660303332,0.00389412660303332,0.003923405750424548,0.00389412660303332,0.00389412660303332,0.00389412660303332,0.003952684897815775,0.00389412660303332,0.00389412660303332,0.003923405750424548,0.00389412660303332,0.00389412660303332,0.003923405750424548,0.00389412660303332,0.003923405750424548,0.003923405750424548,0.00389412660303332,0.00389412660303332,0.00389412660303332,0.00389412660303332,0.00389412660303332,0.003923405750424548,0.00389412660303332,0.00389412660303332,0.0038648474556420916,0.00389412660303332,0.00389412660303332,0.003923405750424548,0.00389412660303332,0.00389412660303332,0.00389412660303332,0.0038648474556420916,0.003923405750424548,0.00389412660303332,0.00389412660303332,0.003923405750424548,0.00389412660303332,0.003923405750424548,0.003923405750424548,0.00389412660303332,0.00389412660303332,0.003923405750424548,0.00389412660303332,0.003923405750424548,0.003923405750424548,0.003923405750424548,0.0038648474556420916,0.003923405750424548,0.00389412660303332,0.00389412660303332,0.00389412660303332,0.003923405750424548,0.00389412660303332,0.003923405750424548,0.0038648474556420916,0.00389412660303332,0.003923405750424548,0.00389412660303332,0.00389412660303332,0.003923405750424548,0.00389412660303332,0.003923405750424548,0.00389412660303332,0.003923405750424548,0.00389412660303332,0.0038648474556420916,0.003923405750424548,0.00389412660303332,0.003923405750424548,0.00389412660303332,0.0038648474556420916,0.00389412660303332,0.003923405750424548,0.003923405750424548,0.003923405750424548,0.003923405750424548,0.003923405750424548,0.003923405750424548,0.00389412660303332,0.00389412660303332,0.003952684897815775,0.003923405750424548,0.00389412660303332,0.00389412660303332,0.003923405750424548,0.00389412660303332,0.00389412660303332,0.00389412660303332,0.00389412660303332,0.00389412660303332,0.003952684897815775,0.00389412660303332,0.00389412660303332,0.00389412660303332,0.00389412660303332,0.003923405750424548,0.00389412660303332,0.00389412660303332,0.00389412660303332,0.00389412660303332,0.00389412660303332,0.00389412660303332,0.00389412660303332,0.00389412660303332,0.00389412660303332,0.00389412660303332,0.003923405750424548,0.003923405750424548,0.003923405750424548,0.003923405750424548,0.0038648474556420916,0.0038648474556420916,0.003923405750424548,0.0038648474556420916,0.003923405750424548,0.003923405750424548,0.00389412660303332,0.003923405750424548,0.00389412660303332,0.003923405750424548,0.00389412660303332,0.00389412660303332,0.003923405750424548,0.003923405750424548,0.033093
47,vimeo1,0,stream,131.202.240.150,209.148.205.41,34178,443,6,scs_str_NULL,server_name_str_NULL,0,http_content_type_NULL,http_user_agent_NULL,http_accept_language_NULL,http_server_NULL,http_code_NULL,avvimeo-a.akamaihd.net,300,2,dns_domain_rank_NULL,0,0,0,0,0,0,0,0,0,0,0,0,0,0,0,0,0,0,0,0,0,0,0,0,0,0,0,64,53,0,0,0,0,0,0,0,0,0,0,0,0,0,0,0,0,0,0,0,0,0,0,0,0,0,0,0,0,0,0,0,0,0,0,0,0,0,0,0,0,0,0,0,0,0,0,0,0,0,0,0,0,0,0,0,0,0,0,0,0,0,0,0,0,0,0,0,0,0,0,0,0,0,0,0,0,0,0,0,0,0,0,0,0,0,0,0,0,0,0,0,0,0,0,0,0,0,0,0,0,0,0,0,0,0,0,0,0,0,0,0,0,0,0,0,0,0,0,0,0,0,0,0,0,0,0,0,0,0,0,0,0,0,0,0,0,0,0,0,0,0,0,0,0,0,0,0,0,0,0,0,0,0,0,0,0,0,0,0,0,0,0,0,0,0,0,0,0,0,0,0,0,0,0,0,0,0,0,0,0,0,0,0,0,0,0,0,0,0,0,0,0,0,0,0,0,0,0,0,0,0,0,0,0,0,0,0,0,0,0,0,0,0,0,0,0,0,0,0,0,0,0,0,0,0,0,0,0,0,0,0,0,0,0,0,0,0,0,0,0,0,0,0,0,0,0,0,0,0,0,0,0,0,0,0,0,0,0,0,0,0,0,0,0,0,0,0,0,0,0,0,0,0,0,0,0,0,0,0,0,0,0,0,0,0,0,0,0,0,0,0,0,0,0,0,0,0,0,0,0,0,0,0,0,0,0,0,0,0,0,0,0,0,0,0,0,0,0,0,0,0,0,0,0,0,0,0,0,0,0,0,0,0,0,0,0,0,0,0,0,0,0,0,0,0,0,0,0,0,0,0,0,0,0,0,0,0,0,0,0,0,0,0,0,0,0,0,0,0,0,0,0,0,0,0,0,0,0,0,0,0,0,0,0,0,0,0,0,0,0,0,0,0,0,0,0,0,0,0,0,0.0,0.0,0.0,0.0,0.0,0.0,0.0,0.0,0.0,0.0,0.0,0.0,0.0,0.0,0.0,0.0,0.0,0.0,0.0,0.0,0.0,0.0,0.0,0.0,0.0,0.0,0.0,0.0,0.0,0.0,0.0,0.0,0.0,0.0,0.0,0.0,0.0,0.0,0.0,0.0,0.0,0.0,0.0,0.0,0.0,0.0,0.0,0.0,0.0,0.0,0.0,0.0,0.0,0.0,0.0,0.0,0.0,0.0,0.0,0.0,0.0,0.0,0.0,0.0,0.0,0.0,0.0,0.0,0.0,0.0,0.0,0.0,0.0,0.0,0.0,0.0,0.0,0.0,0.0,0.0,0.0,0.0,0.0,0.0,0.0,0.0,0.0,0.0,0.0,0.0,0.0,0.0,0.0,0.0,0.0,0.0,0.0,0.0,0.0,0.0,0.0,0.0,0.0,0.0,0.0,0.0,0.0,0.0,0.0,0.0,0.0,0.0,0.0,0.0,0.0,0.0,0.0,0.0,0.0,0.0,0.0,0.0,0.0,0.0,0.0,0.0,0.0,0.0,0.0,0.0,0.0,0.0,0.0,0.0,0.0,0.0,0.0,0.0,0.0,0.0,0.0,0.0,0.0,0.0,0.0,0.0,0.0,0.0,0.0,0.0,0.0,0.0,0.0,0.0,0.0,0.0,0.0,0.0,0.0,0.0,0.0,0.0,0.0,0.0,0.0,0.0,0.0,0.0,0.0,0.0,0.0,0.0,0.0,0.0,0.0,0.0,0.0,0.0,0.0,0.0,0.0,0.0,0.0,0.0,0.0,0.0,0.0,0.0,0.0,0.0,0.0,0.0,0.0,0.0,0.0,0.0,0.0,0.0,0.0,0.0,0.0,0.0,0.0,0.0,0.0,0.0,0.0,0.0,0.0,0.0,0.0,0.0,0.0,0.0,0.0,0.0,0.0,0.0,0.0,0.0,0.0,0.0,0.0,0.0,0.0,0.0,0.0,0.0,0.0,0.0,0.0,0.0,0.0,0.0,0.0,0.0,0.0,0.0,0.0,0.0,0.0,0.0,0.0,0.0,0.0,0.0,0.0,0.0,0.0,0.0,0.0,0.0,0.0,0.0,0.0,0.0,-1
48,vimeo1,0,stream,131.202.240.150,199.127.194.142,41242,443,6,c02f,001000000d6777632e6c706862732e636f6d,528,http_content_type_NULL,http_user_agent_NULL,http_accept_language_NULL,http_server_NULL,http_code_NULL,gwc.lphbs.com,300,1,dns_domain_rank_NULL,653.6,367.9853801443747,907.0,477.5787544129938,25070,10,15,6536,13605,1338,126,1338,67,0.8033905065815716,2471.7,5892.927049438164,23.533333333333335,25.31894328144224,24717,353,19922,0,60,0,0.00040457984383218025,0.042492917847025496,0.000997207818109294,64,50,0.0,0.0,0.0,0.0,0.0,0.0,0.0,0.0,0.0,0.0,0.041666666666666664,0.0,0.0,0.0,0.0,0.0,0.0,0.0,0.0,0.0,0.0,0.0,0.0,0.0,0.0,0.0,0.0,0.0,0.0,0.0,0.0,0.0,0.0,0.0,0.0,0.0,0.0,0.0,0.0,0.0,0.0,0.0,0.0,0.0,0.0,0.0,0.0,0.0,0.0,0.0,0.0,0.0,0.0,0.0,0.0,0.0,0.0,0.0,0.0,0.0,0.0,0.0,0.0,0.0,0.0,0.0,0.0,0.0,0.0,0.0,0.0,0.041666666666666664,0.0,0.08333333333333333,0.0,0.0,0.0,0.0,0.0,0.0,0.0,0.0,0.0,0.0,0.0,0.0,0.0,0.0,0.041666666666666664,0.0,0.0,0.0,0.0,0.0,0.0,0.0,0.0,0.0,0.0,0.0,0.0,0.0,0.0,0.0,0.0,0.0,0.0,0.0,0.0,0.0,0.0,0.0,0.0,0.0,0.041666666666666664,0.0,0.0,0.0,0.0,0.0,0.0,0.0,0.0,0.0,0.0,0.0,0.0,0.0,0.0,0.0,0.0,0.0,0.0,0.041666666666666664,0.0,0.0,0.0,0.0,0.0,0.0,0.0,0.0,0.0,0.041666666666666664,0.0,0.0,0.0,0.0,0.0,0.0,0.0,0.0,0.0,0.0,0.0,0.0,0.0,0.0,0.0,0.0,0.0,0.0,0.0,0.041666666666666664,0.0,0.0,0.0,0.0,0.0,0.0,0.0,0.0,0.0,0.0,0.0,0.0,0.0,0.0,0.0,0.0,0.0,0.0,0.0,0.0,0.0,0.0,0.0,0.0,0.0,0.0,0.0,0.0,0.0,0.0,0.0,0.0,0.0,0.0,0.0,0.0,0.0,0.0,0.0,0.0,0.0,0.0,0.0,0.0,0.0,0.0,0.0,0.0,0.0,0.0,0.0,0.0,0.0,0.0,0.041666666666666664,0.0,0.041666666666666664,0.0,0.0,0.0,0.0,0.0,0.0,0.0,0.0,0.0,0.0,0.0,0.0,0.0,0.0,0.0,0.0,0.0,0.0,0.0,0.0,0.0,0.0,0.0,0.0,0.0,0.0,0.0,0.0,0.0,0.0,0.0,0.0,0.0,0.0,0.0,0.0,0.0,0.0,0.0,0.0,0.0,0.0,0.0,0.041666666666666664,0.041666666666666664,0.041666666666666664,0.041666666666666664,0.0,0.0,0.0,0.0,0.0,0.0,0.0,0.0,0.0,0.0,0.0,0.0,0.0,0.0,0.0,0.0,0.0,0.0,0.0,0.0,0.0,0.0,0.0,0.0,0.0,0.0,0.0,0.0,0.0,0.0,0.041666666666666664,0.0,0.0,0.0,0.0,0.0,0.0,0.0,0.0,0.0,0.0,0.0,0.0,0.0,0.0,0.0,0.0,0.0,0.0,0.0,0.0,0.0,0.0,0.0,0.0,0.0,0.0,0.0,0.0,0.0,0.0,0.0,0.0,0.0,0.0,0.0,0.0,0.0,0.0,0.0,0.0,0.0,0.0,0.0,0.0,0.0,0.0,0.0,0.0,0.0,0.0,0.0,0.0,0.0,0.0,0.0,0.0,0.0,0.0,0.0,0.0,0.0,0.0,0.041666666666666664,0.0,0.041666666666666664,0.0,0.0,0.0,0.0,0.0,0.0,0.0,0.0,0.0,0.0,0.0,0.0,0.0,0.0,0.25,0.0,0.0,0.0,0.0,0.0,0.0,0.0,0.0,0.0,0.0,0.0,0.0,0.0,0.0,0.0,0.0,0.0,0.0,0.0,0.0,0.0,0.01348112642300779,0.009586578789694428,0.005392450569203115,0.009986019572598362,0.006291192330736968,0.007090073896544837,0.007189934092270821,0.0038945476333133613,0.00439384861194328,0.003694827241861394,0.0040942680247653285,0.004993009786299181,0.0038945476333133613,0.00439384861194328,0.004493708807669263,0.003994407829039345,0.0037946874375873775,0.0037946874375873775,0.003495106850409427,0.005292590373477132,0.004593569003395246,0.0029958058717795086,0.00439384861194328,0.004693429199121231,0.00439384861194328,0.0028959456760535253,0.004293988416217296,0.002296784501697623,0.0030956660675054925,0.004593569003395246,0.0032953864589574597,0.003994407829039345,0.006490912722188935,0.0038945476333133613,0.003195526263231476,0.004293988416217296,0.0028959456760535253,0.003994407829039345,0.003495106850409427,0.0038945476333133613,0.0035949670461354103,0.003495106850409427,0.004593569003395246,0.00439384861194328,0.0028959456760535253,0.003994407829039345,0.005392450569203115,0.0057918913521070505,0.010285600159776313,0.005891751547833034,0.004493708807669263,0.003994407829039345,0.0030956660675054925,0.0035949670461354103,0.0038945476333133613,0.004493708807669263,0.003395246654683443,0.004194128220491312,0.003694827241861394,0.0038945476333133613,0.0030956660675054925,0.0037946874375873775,0.0035949670461354103,0.0037946874375873775,0.003195526263231476,0.0035949670461354103,0.003495106850409427,0.004194128220491312,0.004893149590573197,0.0037946874375873775,0.003495106850409427,0.0040942680247653285,0.0035949670461354103,0.003994407829039345,0.0030956660675054925,0.0029958058717795086,0.003395246654683443,0.0026962252846015576,0.003395246654683443,0.004194128220491312,0.003495106850409427,0.003195526263231476,0.002396644697423607,0.0038945476333133613,0.003694827241861394,0.005392450569203115,0.0035949670461354103,0.003495106850409427,0.0032953864589574597,0.00439384861194328,0.003495106850409427,0.003395246654683443,0.003495106850409427,0.0030956660675054925,0.0035949670461354103,0.003694827241861394,0.003395246654683443,0.005891751547833034,0.0037946874375873775,0.006990213700818854,0.006990213700818854,0.005092869982025165,0.0035949670461354103,0.0040942680247653285,0.004693429199121231,0.005692031156381066,0.0035949670461354103,0.0040942680247653285,0.003994407829039345,0.0040942680247653285,0.00439384861194328,0.007389654483722788,0.0051927301777511484,0.004593569003395246,0.005692031156381066,0.005592170960655083,0.006990213700818854,0.004593569003395246,0.0030956660675054925,0.003994407829039345,0.003495106850409427,0.005891751547833034,0.0037946874375873775,0.0030956660675054925,0.0024965048931495904,0.003395246654683443,0.003495106850409427,0.003694827241861394,0.003395246654683443,0.0040942680247653285,0.004793289394847214,0.0037946874375873775,0.0040942680247653285,0.0038945476333133613,0.004793289394847214,0.003495106850409427,0.0029958058717795086,0.003694827241861394,0.003495106850409427,0.003195526263231476,0.004194128220491312,0.003195526263231476,0.0029958058717795086,0.0026962252846015576,0.0029958058717795086,0.003694827241861394,0.0029958058717795086,0.0032953864589574597,0.0032953864589574597,0.0032953864589574597,0.0019972039145196726,0.003395246654683443,0.0040942680247653285,0.003395246654683443,0.003495106850409427,0.003495106850409427,0.0035949670461354103,0.0037946874375873775,0.003195526263231476,0.0029958058717795086,0.0037946874375873775,0.003994407829039345,0.0027960854803275414,0.0030956660675054925,0.0037946874375873775,0.003195526263231476,0.0028959456760535253,0.003694827241861394,0.0035949670461354103,0.0027960854803275414,0.003495106850409427,0.0032953864589574597,0.0038945476333133613,0.0035949670461354103,0.003994407829039345,0.004194128220491312,0.003694827241861394,0.003195526263231476,0.003694827241861394,0.003495106850409427,0.0030956660675054925,0.0037946874375873775,0.0035949670461354103,0.0030956660675054925,0.0037946874375873775,0.0032953864589574597,0.0029958058717795086,0.0030956660675054925,0.0032953864589574597,0.003195526263231476,0.0030956660675054925,0.0029958058717795086,0.004693429199121231,0.003694827241861394,0.0032953864589574597,0.003195526263231476,0.0040942680247653285,0.003195526263231476,0.003694827241861394,0.003495106850409427,0.003495106850409427,0.003694827241861394,0.0037946874375873775,0.0037946874375873775,0.0029958058717795086,0.0030956660675054925,0.0030956660675054925,0.003694827241861394,0.0029958058717795086,0.0032953864589574597,0.003694827241861394,0.003395246654683443,0.003395246654683443,0.003495106850409427,0.0029958058717795086,0.0032953864589574597,0.004194128220491312,0.003495106850409427,0.003395246654683443,0.003395246654683443,0.002296784501697623,0.0035949670461354103,0.003395246654683443,0.003694827241861394,0.0030956660675054925,0.003495106850409427,0.0030956660675054925,0.0037946874375873775,0.004293988416217296,0.003694827241861394,0.0038945476333133613,0.0038945476333133613,0.003195526263231476,0.0029958058717795086,0.003395246654683443,0.0032953864589574597,0.003195526263231476,0.0035949670461354103,0.0037946874375873775,0.003495106850409427,0.0032953864589574597,0.003495106850409427,0.0026962252846015576,0.0032953864589574597,0.003694827241861394,0.0025963650888755742,0.003495106850409427,0.0032953864589574597,0.003195526263231476,0.0032953864589574597,0.0032953864589574597,0.0037946874375873775,0.003694827241861394,0.004293988416217296,0.0032953864589574597,0.003694827241861394,4.449988
49,vimeo1,0,stream,131.202.240.150,199.127.194.142,41243,443,6,c02f,001000000d6777632e6c706862732e636f6d,528,http_content_type_NULL,http_user_agent_NULL,http_accept_language_NULL,http_server_NULL,http_code_NULL,gwc.lphbs.com,300,1,dns_domain_rank_NULL,167.0,41.0,725.6666666666666,615.7912705526841,20093,2,6,334,4354,208,126,1338,31,0.2333150848554223,25.5,21.5,3340.3333333333335,7417.381179065531,51,20042,47,4,19926,0,0.0392156862745098,0.0002993713202275222,0.0003981486089682974,64,50,0.0,0.0,0.0,0.0,0.0,0.0,0.0,0.0,0.0,0.0,0.14285714285714285,0.0,0.0,0.0,0.0,0.0,0.0,0.0,0.0,0.0,0.0,0.0,0.0,0.0,0.0,0.0,0.0,0.0,0.0,0.0,0.0,0.0,0.0,0.0,0.0,0.0,0.0,0.0,0.0,0.0,0.0,0.0,0.0,0.0,0.0,0.0,0.0,0.0,0.0,0.0,0.0,0.0,0.0,0.0,0.0,0.0,0.0,0.0,0.0,0.0,0.0,0.0,0.0,0.0,0.0,0.0,0.0,0.0,0.0,0.0,0.0,0.0,0.0,0.0,0.0,0.0,0.0,0.0,0.0,0.0,0.0,0.0,0.0,0.0,0.0,0.0,0.0,0.0,0.0,0.0,0.0,0.0,0.0,0.0,0.0,0.0,0.0,0.0,0.0,0.0,0.0,0.0,0.0,0.0,0.0,0.0,0.0,0.0,0.0,0.0,0.0,0.0,0.0,0.0,0.0,0.0,0.0,0.0,0.0,0.0,0.0,0.0,0.0,0.0,0.0,0.0,0.0,0.0,0.0,0.0,0.0,0.0,0.0,0.0,0.0,0.0,0.0,0.0,0.0,0.0,0.0,0.0,0.0,0.0,0.0,0.0,0.0,0.0,0.0,0.0,0.0,0.0,0.0,0.0,0.0,0.0,0.0,0.0,0.0,0.0,0.0,0.0,0.0,0.0,0.0,0.0,0.0,0.0,0.0,0.0,0.0,0.0,0.0,0.0,0.0,0.0,0.0,0.0,0.0,0.0,0.0,0.0,0.0,0.0,0.0,0.0,0.0,0.0,0.0,0.0,0.0,0.0,0.0,0.0,0.0,0.0,0.0,0.0,0.0,0.0,0.0,0.0,0.0,0.0,0.0,0.0,0.0,0.0,0.0,0.0,0.0,0.14285714285714285,0.0,0.0,0.0,0.0,0.0,0.0,0.14285714285714285,0.0,0.14285714285714285,0.0,0.0,0.0,0.0,0.0,0.0,0.0,0.0,0.0,0.0,0.0,0.0,0.0,0.0,0.0,0.0,0.0,0.0,0.0,0.0,0.0,0.0,0.0,0.0,0.0,0.0,0.0,0.0,0.0,0.0,0.0,0.0,0.0,0.0,0.0,0.0,0.0,0.0,0.0,0.0,0.0,0.0,0.0,0.0,0.0,0.0,0.0,0.0,0.0,0.0,0.0,0.0,0.0,0.0,0.0,0.0,0.0,0.0,0.0,0.0,0.0,0.0,0.0,0.0,0.0,0.0,0.0,0.0,0.0,0.0,0.0,0.0,0.0,0.0,0.0,0.0,0.0,0.0,0.0,0.0,0.0,0.0,0.0,0.0,0.0,0.0,0.0,0.0,0.0,0.0,0.0,0.0,0.0,0.0,0.0,0.0,0.0,0.0,0.0,0.0,0.0,0.0,0.0,0.0,0.0,0.0,0.0,0.0,0.0,0.0,0.0,0.0,0.0,0.0,0.0,0.0,0.0,0.0,0.0,0.0,0.0,0.0,0.0,0.0,0.0,0.0,0.0,0.0,0.0,0.0,0.0,0.0,0.0,0.0,0.0,0.0,0.0,0.0,0.0,0.0,0.14285714285714285,0.0,0.0,0.0,0.0,0.0,0.0,0.0,0.0,0.0,0.0,0.0,0.0,0.0,0.0,0.0,0.0,0.2857142857142857,0.0,0.0,0.0,0.0,0.0,0.0,0.0,0.0,0.0,0.0,0.0,0.0,0.0,0.0,0.0,0.0,0.0,0.0,0.0,0.0,0.0,0.030503412969283276,0.027303754266211604,0.010025597269624573,0.024104095563139933,0.018131399317406142,0.01151877133105802,0.020051194539249147,0.005546075085324232,0.0063993174061433445,0.004479522184300341,0.005119453924914676,0.005972696245733789,0.0031996587030716723,0.007252559726962458,0.0040529010238907846,0.0031996587030716723,0.0029863481228668944,0.0040529010238907846,0.0040529010238907846,0.00917235494880546,0.004906143344709898,0.0021331058020477816,0.0063993174061433445,0.004266211604095563,0.005332764505119454,0.0019197952218430034,0.004479522184300341,0.0008532423208191126,0.0019197952218430034,0.0063993174061433445,0.0019197952218430034,0.0029863481228668944,0.012798634812286689,0.0038395904436860067,0.0021331058020477816,0.0034129692832764505,0.002773037542662116,0.0029863481228668944,0.0029863481228668944,0.0017064846416382253,0.002773037542662116,0.0017064846416382253,0.005332764505119454,0.004906143344709898,0.0029863481228668944,0.00234641638225256,0.010665529010238909,0.010025597269624573,0.029650170648464164,0.013225255972696246,0.006186006825938567,0.00469283276450512,0.0029863481228668944,0.0034129692832764505,0.005119453924914676,0.004479522184300341,0.002559726962457338,0.0031996587030716723,0.003626279863481229,0.0021331058020477816,0.0019197952218430034,0.0034129692832764505,0.002773037542662116,0.003626279863481229,0.002773037542662116,0.0040529010238907846,0.0029863481228668944,0.0029863481228668944,0.005332764505119454,0.0034129692832764505,0.00234641638225256,0.004266211604095563,0.005546075085324232,0.003626279863481229,0.0021331058020477816,0.001279863481228669,0.004266211604095563,0.0008532423208191126,0.0014931740614334472,0.0010665529010238908,0.001279863481228669,0.00234641638225256,0.0008532423208191126,0.004266211604095563,0.002773037542662116,0.013011945392491467,0.0021331058020477816,0.0019197952218430034,0.0021331058020477816,0.0014931740614334472,0.0029863481228668944,0.0017064846416382253,0.001279863481228669,0.0017064846416382253,0.0017064846416382253,0.00234641638225256,0.0017064846416382253,0.011945392491467578,0.003626279863481229,0.014291808873720136,0.015145051194539249,0.010238907849829351,0.00575938566552901,0.005119453924914676,0.007892491467576791,0.012158703071672355,0.0019197952218430034,0.0014931740614334472,0.00469283276450512,0.005546075085324232,0.006186006825938567,0.018131399317406142,0.0074658703071672355,0.0021331058020477816,0.01151877133105802,0.008532423208191127,0.018984641638225257,0.004479522184300341,0.0014931740614334472,0.002773037542662116,0.00234641638225256,0.008319112627986349,0.0031996587030716723,0.0014931740614334472,0.0006399317406143345,0.001279863481228669,0.0019197952218430034,0.0019197952218430034,0.0031996587030716723,0.0038395904436860067,0.0074658703071672355,0.0021331058020477816,0.0021331058020477816,0.002559726962457338,0.007252559726962458,0.003626279863481229,0.0019197952218430034,0.0017064846416382253,0.0019197952218430034,0.0019197952218430034,0.0010665529010238908,0.002559726962457338,0.0014931740614334472,0.00234641638225256,0.002559726962457338,0.0029863481228668944,0.0021331058020477816,0.0010665529010238908,0.0014931740614334472,0.003626279863481229,0.0014931740614334472,0.0019197952218430034,0.002559726962457338,0.002559726962457338,0.002559726962457338,0.0014931740614334472,0.00234641638225256,0.0021331058020477816,0.00234641638225256,0.0014931740614334472,0.00469283276450512,0.0031996587030716723,0.0029863481228668944,0.002773037542662116,0.00234641638225256,0.0010665529010238908,0.0019197952218430034,0.00234641638225256,0.0034129692832764505,0.0014931740614334472,0.002773037542662116,0.00234641638225256,0.002773037542662116,0.0021331058020477816,0.0017064846416382253,0.0019197952218430034,0.0021331058020477816,0.0019197952218430034,0.0021331058020477816,0.0031996587030716723,0.0014931740614334472,0.0031996587030716723,0.002773037542662116,0.0010665529010238908,0.0019197952218430034,0.0031996587030716723,0.0014931740614334472,0.0019197952218430034,0.0021331058020477816,0.0019197952218430034,0.0014931740614334472,0.0019197952218430034,0.0034129692832764505,0.0010665529010238908,0.00234641638225256,0.00234641638225256,0.003626279863481229,0.002559726962457338,0.0014931740614334472,0.001279863481228669,0.0017064846416382253,0.00234641638225256,0.0021331058020477816,0.002559726962457338,0.002773037542662116,0.001279863481228669,0.0019197952218430034,0.0021331058020477816,0.0008532423208191126,0.001279863481228669,0.00234641638225256,0.002559726962457338,0.002773037542662116,0.002773037542662116,0.0014931740614334472,0.0029863481228668944,0.002773037542662116,0.0019197952218430034,0.0019197952218430034,0.0006399317406143345,0.0017064846416382253,0.0021331058020477816,0.0017064846416382253,0.001279863481228669,0.0010665529010238908,0.002559726962457338,0.0017064846416382253,0.001279863481228669,0.002559726962457338,0.002559726962457338,0.0019197952218430034,0.0021331058020477816,0.0017064846416382253,0.0014931740614334472,0.002773037542662116,0.0019197952218430034,0.0010665529010238908,0.0014931740614334472,0.0029863481228668944,0.00234641638225256,0.0017064846416382253,0.0008532423208191126,0.001279863481228669,0.0021331058020477816,0.0014931740614334472,0.0008532423208191126,0.002559726962457338,0.003626279863481229,0.0031996587030716723,0.0010665529010238908,0.0010665529010238908,0.0014931740614334472,0.002559726962457338,0.002559726962457338,0.0029863481228668944,0.0034129692832764505,7.443158
50,vimeo1,0,stream,131.202.240.150,23.78.245.109,55662,443,6,scs_str_NULL,server_name_str_NULL,0,http_content_type_NULL,http_user_agent_NULL,http_accept_language_NULL,http_server_NULL,http_code_NULL,dns_domain_name_NULL,dns_ttl_NULL,dns_num_ip_NULL,dns_domain_rank_NULL,0,0,0,0,0,0,0,0,0,0,0,0,0,0,0,0,0,0,0,0,0,0,0,0,0,0,0,64,48,0,0,0,0,0,0,0,0,0,0,0,0,0,0,0,0,0,0,0,0,0,0,0,0,0,0,0,0,0,0,0,0,0,0,0,0,0,0,0,0,0,0,0,0,0,0,0,0,0,0,0,0,0,0,0,0,0,0,0,0,0,0,0,0,0,0,0,0,0,0,0,0,0,0,0,0,0,0,0,0,0,0,0,0,0,0,0,0,0,0,0,0,0,0,0,0,0,0,0,0,0,0,0,0,0,0,0,0,0,0,0,0,0,0,0,0,0,0,0,0,0,0,0,0,0,0,0,0,0,0,0,0,0,0,0,0,0,0,0,0,0,0,0,0,0,0,0,0,0,0,0,0,0,0,0,0,0,0,0,0,0,0,0,0,0,0,0,0,0,0,0,0,0,0,0,0,0,0,0,0,0,0,0,0,0,0,0,0,0,0,0,0,0,0,0,0,0,0,0,0,0,0,0,0,0,0,0,0,0,0,0,0,0,0,0,0,0,0,0,0,0,0,0,0,0,0,0,0,0,0,0,0,0,0,0,0,0,0,0,0,0,0,0,0,0,0,0,0,0,0,0,0,0,0,0,0,0,0,0,0,0,0,0,0,0,0,0,0,0,0,0,0,0,0,0,0,0,0,0,0,0,0,0,0,0,0,0,0,0,0,0,0,0,0,0,0,0,0,0,0,0,0,0,0,0,0,0,0,0,0,0,0,0,0,0,0,0,0,0,0,0,0,0,0,0,0,0,0,0,0,0,0,0,0,0,0,0,0,0,0,0,0,0,0,0,0,0,0,0,0,0,0,0,0,0,0,0,0,0,0,0,0,0,0,0,0,0,0,0,0,0,0,0,0,0,0,0,0,0,0,0,0,0,0,0,0,0,0,0,0,0,0,0,0,0,0,0,0,0,0,0.0,0.0,0.0,0.0,0.0,0.0,0.0,0.0,0.0,0.0,0.0,0.0,0.0,0.0,0.0,0.0,0.0,0.0,0.0,0.0,0.0,0.0,0.0,0.0,0.0,0.0,0.0,0.0,0.0,0.0,0.0,0.0,0.0,0.0,0.0,0.0,0.0,0.0,0.0,0.0,0.0,0.0,0.0,0.0,0.0,0.0,0.0,0.0,0.0,0.0,0.0,0.0,0.0,0.0,0.0,0.0,0.0,0.0,0.0,0.0,0.0,0.0,0.0,0.0,0.0,0.0,0.0,0.0,0.0,0.0,0.0,0.0,0.0,0.0,0.0,0.0,0.0,0.0,0.0,0.0,0.0,0.0,0.0,0.0,0.0,0.0,0.0,0.0,0.0,0.0,0.0,0.0,0.0,0.0,0.0,0.0,0.0,0.0,0.0,0.0,0.0,0.0,0.0,0.0,0.0,0.0,0.0,0.0,0.0,0.0,0.0,0.0,0.0,0.0,0.0,0.0,0.0,0.0,0.0,0.0,0.0,0.0,0.0,0.0,0.0,0.0,0.0,0.0,0.0,0.0,0.0,0.0,0.0,0.0,0.0,0.0,0.0,0.0,0.0,0.0,0.0,0.0,0.0,0.0,0.0,0.0,0.0,0.0,0.0,0.0,0.0,0.0,0.0,0.0,0.0,0.0,0.0,0.0,0.0,0.0,0.0,0.0,0.0,0.0,0.0,0.0,0.0,0.0,0.0,0.0,0.0,0.0,0.0,0.0,0.0,0.0,0.0,0.0,0.0,0.0,0.0,0.0,0.0,0.0,0.0,0.0,0.0,0.0,0.0,0.0,0.0,0.0,0.0,0.0,0.0,0.0,0.0,0.0,0.0,0.0,0.0,0.0,0.0,0.0,0.0,0.0,0.0,0.0,0.0,0.0,0.0,0.0,0.0,0.0,0.0,0.0,0.0,0.0,0.0,0.0,0.0,0.0,0.0,0.0,0.0,0.0,0.0,0.0,0.0,0.0,0.0,0.0,0.0,0.0,0.0,0.0,0.0,0.0,0.0,0.0,0.0,0.0,0.0,0.0,0.0,0.0,0.0,0.0,0.0,0.0,0.0,0.0,0.0,0.0,0.0,0.0,-1
51,vimeo1,0,stream,131.202.240.150,23.78.226.24,53846,80,6,scs_str_NULL,server_name_str_NULL,0,http_content_type_NULL,http_user_agent_NULL,http_accept_language_NULL,http_server_NULL,http_code_NULL,dns_domain_name_NULL,dns_ttl_NULL,dns_num_ip_NULL,dns_domain_rank_NULL,0,0,0,0,0,0,0,0,0,0,0,0,0,0,0,0,0,0,0,0,0,0,0,0,0,0,0,64,48,0,0,0,0,0,0,0,0,0,0,0,0,0,0,0,0,0,0,0,0,0,0,0,0,0,0,0,0,0,0,0,0,0,0,0,0,0,0,0,0,0,0,0,0,0,0,0,0,0,0,0,0,0,0,0,0,0,0,0,0,0,0,0,0,0,0,0,0,0,0,0,0,0,0,0,0,0,0,0,0,0,0,0,0,0,0,0,0,0,0,0,0,0,0,0,0,0,0,0,0,0,0,0,0,0,0,0,0,0,0,0,0,0,0,0,0,0,0,0,0,0,0,0,0,0,0,0,0,0,0,0,0,0,0,0,0,0,0,0,0,0,0,0,0,0,0,0,0,0,0,0,0,0,0,0,0,0,0,0,0,0,0,0,0,0,0,0,0,0,0,0,0,0,0,0,0,0,0,0,0,0,0,0,0,0,0,0,0,0,0,0,0,0,0,0,0,0,0,0,0,0,0,0,0,0,0,0,0,0,0,0,0,0,0,0,0,0,0,0,0,0,0,0,0,0,0,0,0,0,0,0,0,0,0,0,0,0,0,0,0,0,0,0,0,0,0,0,0,0,0,0,0,0,0,0,0,0,0,0,0,0,0,0,0,0,0,0,0,0,0,0,0,0,0,0,0,0,0,0,0,0,0,0,0,0,0,0,0,0,0,0,0,0,0,0,0,0,0,0,0,0,0,0,0,0,0,0,0,0,0,0,0,0,0,0,0,0,0,0,0,0,0,0,0,0,0,0,0,0,0,0,0,0,0,0,0,0,0,0,0,0,0,0,0,0,0,0,0,0,0,0,0,0,0,0,0,0,0,0,0,0,0,0,0,0,0,0,0,0,0,0,0,0,0,0,0,0,0,0,0,0,0,0,0,0,0,0,0,0,0,0,0,0,0,0,0,0,0,0,0,0.0,0.0,0.0,0.0,0.0,0.0,0.0,0.0,0.0,0.0,0.0,0.0,0.0,0.0,0.0,0.0,0.0,0.0,0.0,0.0,0.0,0.0,0.0,0.0,0.0,0.0,0.0,0.0,0.0,0.0,0.0,0.0,0.0,0.0,0.0,0.0,0.0,0.0,0.0,0.0,0.0,0.0,0.0,0.0,0.0,0.0,0.0,0.0,0.0,0.0,0.0,0.0,0.0,0.0,0.0,0.0,0.0,0.0,0.0,0.0,0.0,0.0,0.0,0.0,0.0,0.0,0.0,0.0,0.0,0.0,0.0,0.0,0.0,0.0,0.0,0.0,0.0,0.0,0.0,0.0,0.0,0.0,0.0,0.0,0.0,0.0,0.0,0.0,0.0,0.0,0.0,0.0,0.0,0.0,0.0,0.0,0.0,0.0,0.0,0.0,0.0,0.0,0.0,0.0,0.0,0.0,0.0,0.0,0.0,0.0,0.0,0.0,0.0,0.0,0.0,0.0,0.0,0.0,0.0,0.0,0.0,0.0,0.0,0.0,0.0,0.0,0.0,0.0,0.0,0.0,0.0,0.0,0.0,0.0,0.0,0.0,0.0,0.0,0.0,0.0,0.0,0.0,0.0,0.0,0.0,0.0,0.0,0.0,0.0,0.0,0.0,0.0,0.0,0.0,0.0,0.0,0.0,0.0,0.0,0.0,0.0,0.0,0.0,0.0,0.0,0.0,0.0,0.0,0.0,0.0,0.0,0.0,0.0,0.0,0.0,0.0,0.0,0.0,0.0,0.0,0.0,0.0,0.0,0.0,0.0,0.0,0.0,0.0,0.0,0.0,0.0,0.0,0.0,0.0,0.0,0.0,0.0,0.0,0.0,0.0,0.0,0.0,0.0,0.0,0.0,0.0,0.0,0.0,0.0,0.0,0.0,0.0,0.0,0.0,0.0,0.0,0.0,0.0,0.0,0.0,0.0,0.0,0.0,0.0,0.0,0.0,0.0,0.0,0.0,0.0,0.0,0.0,0.0,0.0,0.0,0.0,0.0,0.0,0.0,0.0,0.0,0.0,0.0,0.0,0.0,0.0,0.0,0.0,0.0,0.0,0.0,0.0,0.0,0.0,0.0,0.0,-1
52,vimeo1,0,stream,131.202.240.150,204.77.28.34,34936,80,6,scs_str_NULL,server_name_str_NULL,0,http_content_type_NULL,http_user_agent_NULL,http_accept_language_NULL,http_server_NULL,http_code_NULL,dns_domain_name_NULL,dns_ttl_NULL,dns_num_ip_NULL,dns_domain_rank_NULL,0,0,0,0,0,0,0,0,0,0,0,0,0,0,0,0,0,0,0,0,0,0,0,0,0,0,0,64,49,0,0,0,0,0,0,0,0,0,0,0,0,0,0,0,0,0,0,0,0,0,0,0,0,0,0,0,0,0,0,0,0,0,0,0,0,0,0,0,0,0,0,0,0,0,0,0,0,0,0,0,0,0,0,0,0,0,0,0,0,0,0,0,0,0,0,0,0,0,0,0,0,0,0,0,0,0,0,0,0,0,0,0,0,0,0,0,0,0,0,0,0,0,0,0,0,0,0,0,0,0,0,0,0,0,0,0,0,0,0,0,0,0,0,0,0,0,0,0,0,0,0,0,0,0,0,0,0,0,0,0,0,0,0,0,0,0,0,0,0,0,0,0,0,0,0,0,0,0,0,0,0,0,0,0,0,0,0,0,0,0,0,0,0,0,0,0,0,0,0,0,0,0,0,0,0,0,0,0,0,0,0,0,0,0,0,0,0,0,0,0,0,0,0,0,0,0,0,0,0,0,0,0,0,0,0,0,0,0,0,0,0,0,0,0,0,0,0,0,0,0,0,0,0,0,0,0,0,0,0,0,0,0,0,0,0,0,0,0,0,0,0,0,0,0,0,0,0,0,0,0,0,0,0,0,0,0,0,0,0,0,0,0,0,0,0,0,0,0,0,0,0,0,0,0,0,0,0,0,0,0,0,0,0,0,0,0,0,0,0,0,0,0,0,0,0,0,0,0,0,0,0,0,0,0,0,0,0,0,0,0,0,0,0,0,0,0,0,0,0,0,0,0,0,0,0,0,0,0,0,0,0,0,0,0,0,0,0,0,0,0,0,0,0,0,0,0,0,0,0,0,0,0,0,0,0,0,0,0,0,0,0,0,0,0,0,0,0,0,0,0,0,0,0,0,0,0,0,0,0,0,0,0,0,0,0,0,0,0,0,0,0,0,0,0,0,0,0,0,0,0.0,0.0,0.0,0.0,0.0,0.0,0.0,0.0,0.0,0.0,0.0,0.0,0.0,0.0,0.0,0.0,0.0,0.0,0.0,0.0,0.0,0.0,0.0,0.0,0.0,0.0,0.0,0.0,0.0,0.0,0.0,0.0,0.0,0.0,0.0,0.0,0.0,0.0,0.0,0.0,0.0,0.0,0.0,0.0,0.0,0.0,0.0,0.0,0.0,0.0,0.0,0.0,0.0,0.0,0.0,0.0,0.0,0.0,0.0,0.0,0.0,0.0,0.0,0.0,0.0,0.0,0.0,0.0,0.0,0.0,0.0,0.0,0.0,0.0,0.0,0.0,0.0,0.0,0.0,0.0,0.0,0.0,0.0,0.0,0.0,0.0,0.0,0.0,0.0,0.0,0.0,0.0,0.0,0.0,0.0,0.0,0.0,0.0,0.0,0.0,0.0,0.0,0.0,0.0,0.0,0.0,0.0,0.0,0.0,0.0,0.0,0.0,0.0,0.0,0.0,0.0,0.0,0.0,0.0,0.0,0.0,0.0,0.0,0.0,0.0,0.0,0.0,0.0,0.0,0.0,0.0,0.0,0.0,0.0,0.0,0.0,0.0,0.0,0.0,0.0,0.0,0.0,0.0,0.0,0.0,0.0,0.0,0.0,0.0,0.0,0.0,0.0,0.0,0.0,0.0,0.0,0.0,0.0,0.0,0.0,0.0,0.0,0.0,0.0,0.0,0.0,0.0,0.0,0.0,0.0,0.0,0.0,0.0,0.0,0.0,0.0,0.0,0.0,0.0,0.0,0.0,0.0,0.0,0.0,0.0,0.0,0.0,0.0,0.0,0.0,0.0,0.0,0.0,0.0,0.0,0.0,0.0,0.0,0.0,0.0,0.0,0.0,0.0,0.0,0.0,0.0,0.0,0.0,0.0,0.0,0.0,0.0,0.0,0.0,0.0,0.0,0.0,0.0,0.0,0.0,0.0,0.0,0.0,0.0,0.0,0.0,0.0,0.0,0.0,0.0,0.0,0.0,0.0,0.0,0.0,0.0,0.0,0.0,0.0,0.0,0.0,0.0,0.0,0.0,0.0,0.0,0.0,0.0,0.0,0.0,0.0,0.0,0.0,0.0,0.0,0.0,-1
53,vimeo1,0,stream,131.202.240.150,199.16.156.201,37303,443,6,scs_str_NULL,server_name_str_NULL,0,http_content_type_NULL,http_user_agent_NULL,http_accept_language_NULL,http_server_NULL,http_code_NULL,dns_domain_name_NULL,dns_ttl_NULL,dns_num_ip_NULL,dns_domain_rank_NULL,0,0,0,0,0,0,0,0,0,0,0,0,0,0,0,0,0,0,0,0,0,0,0,0,0,0,0,64,45,0,0,0,0,0,0,0,0,0,0,0,0,0,0,0,0,0,0,0,0,0,0,0,0,0,0,0,0,0,0,0,0,0,0,0,0,0,0,0,0,0,0,0,0,0,0,0,0,0,0,0,0,0,0,0,0,0,0,0,0,0,0,0,0,0,0,0,0,0,0,0,0,0,0,0,0,0,0,0,0,0,0,0,0,0,0,0,0,0,0,0,0,0,0,0,0,0,0,0,0,0,0,0,0,0,0,0,0,0,0,0,0,0,0,0,0,0,0,0,0,0,0,0,0,0,0,0,0,0,0,0,0,0,0,0,0,0,0,0,0,0,0,0,0,0,0,0,0,0,0,0,0,0,0,0,0,0,0,0,0,0,0,0,0,0,0,0,0,0,0,0,0,0,0,0,0,0,0,0,0,0,0,0,0,0,0,0,0,0,0,0,0,0,0,0,0,0,0,0,0,0,0,0,0,0,0,0,0,0,0,0,0,0,0,0,0,0,0,0,0,0,0,0,0,0,0,0,0,0,0,0,0,0,0,0,0,0,0,0,0,0,0,0,0,0,0,0,0,0,0,0,0,0,0,0,0,0,0,0,0,0,0,0,0,0,0,0,0,0,0,0,0,0,0,0,0,0,0,0,0,0,0,0,0,0,0,0,0,0,0,0,0,0,0,0,0,0,0,0,0,0,0,0,0,0,0,0,0,0,0,0,0,0,0,0,0,0,0,0,0,0,0,0,0,0,0,0,0,0,0,0,0,0,0,0,0,0,0,0,0,0,0,0,0,0,0,0,0,0,0,0,0,0,0,0,0,0,0,0,0,0,0,0,0,0,0,0,0,0,0,0,0,0,0,0,0,0,0,0,0,0,0,0,0,0,0,0,0,0,0,0,0,0,0,0,0,0,0,0,0,0.0,0.0,0.0,0.0,0.0,0.0,0.0,0.0,0.0,0.0,0.0,0.0,0.0,0.0,0.0,0.0,0.0,0.0,0.0,0.0,0.0,0.0,0.0,0.0,0.0,0.0,0.0,0.0,0.0,0.0,0.0,0.0,0.0,0.0,0.0,0.0,0.0,0.0,0.0,0.0,0.0,0.0,0.0,0.0,0.0,0.0,0.0,0.0,0.0,0.0,0.0,0.0,0.0,0.0,0.0,0.0,0.0,0.0,0.0,0.0,0.0,0.0,0.0,0.0,0.0,0.0,0.0,0.0,0.0,0.0,0.0,0.0,0.0,0.0,0.0,0.0,0.0,0.0,0.0,0.0,0.0,0.0,0.0,0.0,0.0,0.0,0.0,0.0,0.0,0.0,0.0,0.0,0.0,0.0,0.0,0.0,0.0,0.0,0.0,0.0,0.0,0.0,0.0,0.0,0.0,0.0,0.0,0.0,0.0,0.0,0.0,0.0,0.0,0.0,0.0,0.0,0.0,0.0,0.0,0.0,0.0,0.0,0.0,0.0,0.0,0.0,0.0,0.0,0.0,0.0,0.0,0.0,0.0,0.0,0.0,0.0,0.0,0.0,0.0,0.0,0.0,0.0,0.0,0.0,0.0,0.0,0.0,0.0,0.0,0.0,0.0,0.0,0.0,0.0,0.0,0.0,0.0,0.0,0.0,0.0,0.0,0.0,0.0,0.0,0.0,0.0,0.0,0.0,0.0,0.0,0.0,0.0,0.0,0.0,0.0,0.0,0.0,0.0,0.0,0.0,0.0,0.0,0.0,0.0,0.0,0.0,0.0,0.0,0.0,0.0,0.0,0.0,0.0,0.0,0.0,0.0,0.0,0.0,0.0,0.0,0.0,0.0,0.0,0.0,0.0,0.0,0.0,0.0,0.0,0.0,0.0,0.0,0.0,0.0,0.0,0.0,0.0,0.0,0.0,0.0,0.0,0.0,0.0,0.0,0.0,0.0,0.0,0.0,0.0,0.0,0.0,0.0,0.0,0.0,0.0,0.0,0.0,0.0,0.0,0.0,0.0,0.0,0.0,0.0,0.0,0.0,0.0,0.0,0.0,0.0,0.0,0.0,0.0,0.0,0.0,0.0,-1
54,vimeo1,0,stream,131.202.240.150,173.194.123.98,42212,443,6,scs_str_NULL,server_name_str_NULL,0,http_content_type_NULL,http_user_agent_NULL,http_accept_language_NULL,http_server_NULL,http_code_NULL,dns_domain_name_NULL,dns_ttl_NULL,dns_num_ip_NULL,dns_domain_rank_NULL,657.0,929.4898518087138,1104.1363636363637,857.5346955851006,239,13,22,8541,24291,2676,42,2640,34,137.3723849372385,0.0,0,10.863636363636363,30.72502008956433,0,239,0,0,108,0,0,0.09205020920502092,0.14644351464435146,64,55,0.10714285714285714,0.0,0.0,0.0,0.0,0.0,0.0,0.0,0.0,0.0,0.07142857142857142,0.0,0.0,0.0,0.0,0.0,0.0,0.0,0.0,0.0,0.07142857142857142,0.03571428571428571,0.0,0.0,0.0,0.0,0.0,0.0,0.0,0.0,0.0,0.0,0.0,0.0,0.0,0.0,0.0,0.0,0.0,0.0,0.0,0.0,0.0,0.0,0.0,0.0,0.0,0.0,0.0,0.0,0.0,0.0,0.0,0.0,0.0,0.0,0.0,0.0,0.0,0.0,0.0,0.0,0.0,0.0,0.0,0.0,0.0,0.0,0.0,0.0,0.0,0.0,0.0,0.0,0.0,0.0,0.0,0.0,0.0,0.0,0.0,0.0,0.0,0.0,0.0,0.0,0.0,0.0,0.03571428571428571,0.0,0.0,0.0,0.0,0.0,0.0,0.0,0.0,0.0,0.0,0.0,0.0,0.0,0.0,0.0,0.0,0.0,0.0,0.0,0.0,0.0,0.0,0.0,0.0,0.0,0.0,0.0,0.0,0.0,0.0,0.0,0.0,0.0,0.0,0.0,0.0,0.0,0.0,0.0,0.0,0.0,0.0,0.0,0.0,0.0,0.0,0.0,0.0,0.0,0.0,0.0,0.0,0.0,0.0,0.0,0.0,0.0,0.0,0.0,0.0,0.0,0.0,0.0,0.0,0.0,0.0,0.0,0.0,0.0,0.0,0.0,0.0,0.03571428571428571,0.0,0.0,0.0,0.0,0.0,0.0,0.0,0.0,0.0,0.0,0.0,0.0,0.0,0.0,0.0,0.0,0.0,0.0,0.0,0.0,0.0,0.0,0.0,0.0,0.0,0.0,0.0,0.0,0.0,0.0,0.0,0.0,0.0,0.0,0.0,0.0,0.0,0.0,0.0,0.03571428571428571,0.0,0.0,0.03571428571428571,0.0,0.0,0.0,0.0,0.0,0.10714285714285714,0.0,0.0,0.0,0.03571428571428571,0.0,0.0,0.0,0.03571428571428571,0.0,0.0,0.0,0.0,0.0,0.0,0.0,0.0,0.0,0.0,0.0,0.0,0.0,0.0,0.0,0.0,0.0,0.0,0.0,0.0,0.0,0.0,0.0,0.0,0.0,0.0,0.0,0.0,0.0,0.0,0.0,0.0,0.0,0.0,0.0,0.0,0.0,0.0,0.0,0.0,0.0,0.0,0.0,0.0,0.0,0.0,0.0,0.0,0.0,0.0,0.0,0.0,0.0,0.0,0.0,0.0,0.0,0.0,0.0,0.0,0.0,0.0,0.0,0.0,0.0,0.0,0.0,0.0,0.0,0.0,0.0,0.03571428571428571,0.0,0.0,0.0,0.0,0.0,0.0,0.0,0.0,0.0,0.0,0.0,0.0,0.0,0.0,0.0,0.0,0.0,0.0,0.0,0.0,0.0,0.0,0.0,0.0,0.0,0.0,0.0,0.0,0.0,0.0,0.0,0.0,0.0,0.0,0.0,0.0,0.0,0.0,0.0,0.0,0.0,0.0,0.0,0.0,0.0,0.0,0.0,0.0,0.0,0.0,0.0,0.0,0.0,0.0,0.0,0.0,0.0,0.0,0.0,0.0,0.0,0.0,0.0,0.0,0.0,0.0,0.0,0.0,0.0,0.0,0.0,0.0,0.0,0.0,0.0,0.0,0.0,0.0,0.0,0.03571428571428571,0.0,0.0,0.0,0.0,0.0,0.0,0.0,0.32142857142857145,0.0,0.0,0.0,0.0,0.0,0.0,0.0,0.0,0.0,0.0,0.0,0.0,0.0,0.0,0.0,0.0,0.0,0.0,0.0,0.0,0.0,0.012415902140672784,0.0029357798165137615,0.003363914373088685,0.006483180428134556,0.003669724770642202,0.004464831804281345,0.0035474006116207953,0.0034862385321100917,0.0040978593272171255,0.0039143730886850156,0.0035474006116207953,0.003975535168195718,0.0039143730886850156,0.0034862385321100917,0.0035474006116207953,0.004220183486238532,0.0037920489296636084,0.003853211009174312,0.004342507645259939,0.0034862385321100917,0.0039143730886850156,0.004036697247706422,0.003669724770642202,0.005504587155963303,0.003669724770642202,0.003730886850152905,0.0047706422018348625,0.0034250764525993885,0.0033027522935779817,0.003669724770642202,0.003730886850152905,0.003730886850152905,0.004159021406727829,0.003669724770642202,0.0035474006116207953,0.003975535168195718,0.004281345565749235,0.003853211009174312,0.004342507645259939,0.0036085626911314984,0.0036085626911314984,0.0036085626911314984,0.004159021406727829,0.003853211009174312,0.004403669724770643,0.003363914373088685,0.003669724770642202,0.004281345565749235,0.004464831804281345,0.004159021406727829,0.0036085626911314984,0.0035474006116207953,0.004036697247706422,0.0039143730886850156,0.004159021406727829,0.0039143730886850156,0.004831804281345566,0.0034862385321100917,0.003241590214067278,0.003363914373088685,0.0034250764525993885,0.004159021406727829,0.0039143730886850156,0.004403669724770643,0.0037920489296636084,0.0034250764525993885,0.003241590214067278,0.004342507645259939,0.003853211009174312,0.003975535168195718,0.004525993883792049,0.003669724770642202,0.004220183486238532,0.0034250764525993885,0.0034862385321100917,0.0040978593272171255,0.0037920489296636084,0.0034250764525993885,0.004159021406727829,0.0036085626911314984,0.004342507645259939,0.0040978593272171255,0.004403669724770643,0.004464831804281345,0.003730886850152905,0.0034862385321100917,0.0040978593272171255,0.0034862385321100917,0.004036697247706422,0.004403669724770643,0.003853211009174312,0.0034862385321100917,0.0037920489296636084,0.003975535168195718,0.0039143730886850156,0.0035474006116207953,0.003975535168195718,0.0033027522935779817,0.003853211009174312,0.004464831804281345,0.004036697247706422,0.004036697247706422,0.004220183486238532,0.004281345565749235,0.003669724770642202,0.004159021406727829,0.004036697247706422,0.0040978593272171255,0.003730886850152905,0.004159021406727829,0.003669724770642202,0.0035474006116207953,0.0031192660550458714,0.003669724770642202,0.004036697247706422,0.0036085626911314984,0.003241590214067278,0.0039143730886850156,0.0033027522935779817,0.0034862385321100917,0.004159021406727829,0.0034250764525993885,0.0034250764525993885,0.004220183486238532,0.003975535168195718,0.0035474006116207953,0.0034862385321100917,0.0035474006116207953,0.003669724770642202,0.003669724770642202,0.003669724770642202,0.0036085626911314984,0.003730886850152905,0.004281345565749235,0.004159021406727829,0.003363914373088685,0.003853211009174312,0.0037920489296636084,0.003853211009174312,0.0040978593272171255,0.003730886850152905,0.004220183486238532,0.003853211009174312,0.003669724770642202,0.0036085626911314984,0.0040978593272171255,0.0037920489296636084,0.004036697247706422,0.0035474006116207953,0.004036697247706422,0.003730886850152905,0.003975535168195718,0.003669724770642202,0.0040978593272171255,0.003853211009174312,0.0039143730886850156,0.004220183486238532,0.003975535168195718,0.003853211009174312,0.003730886850152905,0.003975535168195718,0.004220183486238532,0.004036697247706422,0.0037920489296636084,0.003180428134556575,0.0037920489296636084,0.0035474006116207953,0.0047706422018348625,0.004159021406727829,0.003669724770642202,0.003730886850152905,0.0036085626911314984,0.004220183486238532,0.0037920489296636084,0.0034862385321100917,0.003730886850152905,0.003669724770642202,0.003975535168195718,0.004464831804281345,0.0035474006116207953,0.004709480122324159,0.004281345565749235,0.0034862385321100917,0.0040978593272171255,0.003975535168195718,0.004159021406727829,0.004648318042813455,0.003975535168195718,0.0033027522935779817,0.003669724770642202,0.0047706422018348625,0.004159021406727829,0.0039143730886850156,0.0035474006116207953,0.003669724770642202,0.0035474006116207953,0.004403669724770643,0.0040978593272171255,0.003853211009174312,0.0039143730886850156,0.0034250764525993885,0.0039143730886850156,0.004159021406727829,0.0040978593272171255,0.003975535168195718,0.004036697247706422,0.0039143730886850156,0.003853211009174312,0.003669724770642202,0.004525993883792049,0.0035474006116207953,0.0039143730886850156,0.003975535168195718,0.004648318042813455,0.0034862385321100917,0.0036085626911314984,0.003669724770642202,0.0037920489296636084,0.0034862385321100917,0.003730886850152905,0.003669724770642202,0.003730886850152905,0.004159021406727829,0.0037920489296636084,0.0039143730886850156,0.0039143730886850156,0.0034250764525993885,0.0040978593272171255,0.0034250764525993885,0.004403669724770643,0.004159021406727829,0.003730886850152905,0.003975535168195718,0.0037920489296636084,0.003853211009174312,0.0034862385321100917,0.003853211009174312,0.004159021406727829,0.0035474006116207953,0.003853211009174312,0.0034250764525993885,0.004281345565749235,0.003853211009174312,0.0035474006116207953,0.004342507645259939,0.0034250764525993885,0.003730886850152905,0.0034250764525993885,0.0040978593272171255,0.004281345565749235,0.0034250764525993885,0.003975535168195718,0.004036697247706422,0.003669724770642202,0.003669724770642202,0.003241590214067278,4.477045
55,vimeo1,0,stream,131.202.240.150,23.78.226.24,53838,80,6,scs_str_NULL,server_name_str_NULL,0,http_content_type_NULL,http_user_agent_NULL,http_accept_language_NULL,http_server_NULL,http_code_NULL,dns_domain_name_NULL,dns_ttl_NULL,dns_num_ip_NULL,dns_domain_rank_NULL,0,0,0,0,0,0,0,0,0,0,0,0,0,0,0,0,0,0,0,0,0,0,0,0,0,0,0,64,48,0,0,0,0,0,0,0,0,0,0,0,0,0,0,0,0,0,0,0,0,0,0,0,0,0,0,0,0,0,0,0,0,0,0,0,0,0,0,0,0,0,0,0,0,0,0,0,0,0,0,0,0,0,0,0,0,0,0,0,0,0,0,0,0,0,0,0,0,0,0,0,0,0,0,0,0,0,0,0,0,0,0,0,0,0,0,0,0,0,0,0,0,0,0,0,0,0,0,0,0,0,0,0,0,0,0,0,0,0,0,0,0,0,0,0,0,0,0,0,0,0,0,0,0,0,0,0,0,0,0,0,0,0,0,0,0,0,0,0,0,0,0,0,0,0,0,0,0,0,0,0,0,0,0,0,0,0,0,0,0,0,0,0,0,0,0,0,0,0,0,0,0,0,0,0,0,0,0,0,0,0,0,0,0,0,0,0,0,0,0,0,0,0,0,0,0,0,0,0,0,0,0,0,0,0,0,0,0,0,0,0,0,0,0,0,0,0,0,0,0,0,0,0,0,0,0,0,0,0,0,0,0,0,0,0,0,0,0,0,0,0,0,0,0,0,0,0,0,0,0,0,0,0,0,0,0,0,0,0,0,0,0,0,0,0,0,0,0,0,0,0,0,0,0,0,0,0,0,0,0,0,0,0,0,0,0,0,0,0,0,0,0,0,0,0,0,0,0,0,0,0,0,0,0,0,0,0,0,0,0,0,0,0,0,0,0,0,0,0,0,0,0,0,0,0,0,0,0,0,0,0,0,0,0,0,0,0,0,0,0,0,0,0,0,0,0,0,0,0,0,0,0,0,0,0,0,0,0,0,0,0,0,0,0,0,0,0,0,0,0,0,0,0,0,0,0,0,0,0,0,0,0,0,0,0,0,0,0,0,0,0,0,0,0,0,0,0,0,0,0,0.0,0.0,0.0,0.0,0.0,0.0,0.0,0.0,0.0,0.0,0.0,0.0,0.0,0.0,0.0,0.0,0.0,0.0,0.0,0.0,0.0,0.0,0.0,0.0,0.0,0.0,0.0,0.0,0.0,0.0,0.0,0.0,0.0,0.0,0.0,0.0,0.0,0.0,0.0,0.0,0.0,0.0,0.0,0.0,0.0,0.0,0.0,0.0,0.0,0.0,0.0,0.0,0.0,0.0,0.0,0.0,0.0,0.0,0.0,0.0,0.0,0.0,0.0,0.0,0.0,0.0,0.0,0.0,0.0,0.0,0.0,0.0,0.0,0.0,0.0,0.0,0.0,0.0,0.0,0.0,0.0,0.0,0.0,0.0,0.0,0.0,0.0,0.0,0.0,0.0,0.0,0.0,0.0,0.0,0.0,0.0,0.0,0.0,0.0,0.0,0.0,0.0,0.0,0.0,0.0,0.0,0.0,0.0,0.0,0.0,0.0,0.0,0.0,0.0,0.0,0.0,0.0,0.0,0.0,0.0,0.0,0.0,0.0,0.0,0.0,0.0,0.0,0.0,0.0,0.0,0.0,0.0,0.0,0.0,0.0,0.0,0.0,0.0,0.0,0.0,0.0,0.0,0.0,0.0,0.0,0.0,0.0,0.0,0.0,0.0,0.0,0.0,0.0,0.0,0.0,0.0,0.0,0.0,0.0,0.0,0.0,0.0,0.0,0.0,0.0,0.0,0.0,0.0,0.0,0.0,0.0,0.0,0.0,0.0,0.0,0.0,0.0,0.0,0.0,0.0,0.0,0.0,0.0,0.0,0.0,0.0,0.0,0.0,0.0,0.0,0.0,0.0,0.0,0.0,0.0,0.0,0.0,0.0,0.0,0.0,0.0,0.0,0.0,0.0,0.0,0.0,0.0,0.0,0.0,0.0,0.0,0.0,0.0,0.0,0.0,0.0,0.0,0.0,0.0,0.0,0.0,0.0,0.0,0.0,0.0,0.0,0.0,0.0,0.0,0.0,0.0,0.0,0.0,0.0,0.0,0.0,0.0,0.0,0.0,0.0,0.0,0.0,0.0,0.0,0.0,0.0,0.0,0.0,0.0,0.0,0.0,0.0,0.0,0.0,0.0,0.0,-1
56,vimeo1,0,stream,131.202.240.150,199.255.32.34,56142,80,6,scs_str_NULL,server_name_str_NULL,0,http_content_type_NULL,http_user_agent_NULL,http_accept_language_NULL,http_server_NULL,http_code_NULL,dns_domain_name_NULL,dns_ttl_NULL,dns_num_ip_NULL,dns_domain_rank_NULL,0,0,0,0,0,0,0,0,0,0,0,0,0,0,0,0,0,0,0,0,0,0,0,0,0,0,0,64,50,0,0,0,0,0,0,0,0,0,0,0,0,0,0,0,0,0,0,0,0,0,0,0,0,0,0,0,0,0,0,0,0,0,0,0,0,0,0,0,0,0,0,0,0,0,0,0,0,0,0,0,0,0,0,0,0,0,0,0,0,0,0,0,0,0,0,0,0,0,0,0,0,0,0,0,0,0,0,0,0,0,0,0,0,0,0,0,0,0,0,0,0,0,0,0,0,0,0,0,0,0,0,0,0,0,0,0,0,0,0,0,0,0,0,0,0,0,0,0,0,0,0,0,0,0,0,0,0,0,0,0,0,0,0,0,0,0,0,0,0,0,0,0,0,0,0,0,0,0,0,0,0,0,0,0,0,0,0,0,0,0,0,0,0,0,0,0,0,0,0,0,0,0,0,0,0,0,0,0,0,0,0,0,0,0,0,0,0,0,0,0,0,0,0,0,0,0,0,0,0,0,0,0,0,0,0,0,0,0,0,0,0,0,0,0,0,0,0,0,0,0,0,0,0,0,0,0,0,0,0,0,0,0,0,0,0,0,0,0,0,0,0,0,0,0,0,0,0,0,0,0,0,0,0,0,0,0,0,0,0,0,0,0,0,0,0,0,0,0,0,0,0,0,0,0,0,0,0,0,0,0,0,0,0,0,0,0,0,0,0,0,0,0,0,0,0,0,0,0,0,0,0,0,0,0,0,0,0,0,0,0,0,0,0,0,0,0,0,0,0,0,0,0,0,0,0,0,0,0,0,0,0,0,0,0,0,0,0,0,0,0,0,0,0,0,0,0,0,0,0,0,0,0,0,0,0,0,0,0,0,0,0,0,0,0,0,0,0,0,0,0,0,0,0,0,0,0,0,0,0,0,0,0,0,0,0,0,0,0,0,0,0,0,0,0,0,0,0,0,0,0.0,0.0,0.0,0.0,0.0,0.0,0.0,0.0,0.0,0.0,0.0,0.0,0.0,0.0,0.0,0.0,0.0,0.0,0.0,0.0,0.0,0.0,0.0,0.0,0.0,0.0,0.0,0.0,0.0,0.0,0.0,0.0,0.0,0.0,0.0,0.0,0.0,0.0,0.0,0.0,0.0,0.0,0.0,0.0,0.0,0.0,0.0,0.0,0.0,0.0,0.0,0.0,0.0,0.0,0.0,0.0,0.0,0.0,0.0,0.0,0.0,0.0,0.0,0.0,0.0,0.0,0.0,0.0,0.0,0.0,0.0,0.0,0.0,0.0,0.0,0.0,0.0,0.0,0.0,0.0,0.0,0.0,0.0,0.0,0.0,0.0,0.0,0.0,0.0,0.0,0.0,0.0,0.0,0.0,0.0,0.0,0.0,0.0,0.0,0.0,0.0,0.0,0.0,0.0,0.0,0.0,0.0,0.0,0.0,0.0,0.0,0.0,0.0,0.0,0.0,0.0,0.0,0.0,0.0,0.0,0.0,0.0,0.0,0.0,0.0,0.0,0.0,0.0,0.0,0.0,0.0,0.0,0.0,0.0,0.0,0.0,0.0,0.0,0.0,0.0,0.0,0.0,0.0,0.0,0.0,0.0,0.0,0.0,0.0,0.0,0.0,0.0,0.0,0.0,0.0,0.0,0.0,0.0,0.0,0.0,0.0,0.0,0.0,0.0,0.0,0.0,0.0,0.0,0.0,0.0,0.0,0.0,0.0,0.0,0.0,0.0,0.0,0.0,0.0,0.0,0.0,0.0,0.0,0.0,0.0,0.0,0.0,0.0,0.0,0.0,0.0,0.0,0.0,0.0,0.0,0.0,0.0,0.0,0.0,0.0,0.0,0.0,0.0,0.0,0.0,0.0,0.0,0.0,0.0,0.0,0.0,0.0,0.0,0.0,0.0,0.0,0.0,0.0,0.0,0.0,0.0,0.0,0.0,0.0,0.0,0.0,0.0,0.0,0.0,0.0,0.0,0.0,0.0,0.0,0.0,0.0,0.0,0.0,0.0,0.0,0.0,0.0,0.0,0.0,0.0,0.0,0.0,0.0,0.0,0.0,0.0,0.0,0.0,0.0,0.0,0.0,-1
57,vimeo1,0,stream,213.74.216.98,131.202.240.150,,,1,scs_str_NULL,server_name_str_NULL,0,http_content_type_NULL,http_user_agent_NULL,http_accept_language_NULL,http_server_NULL,http_code_NULL,dns_domain_name_NULL,dns_ttl_NULL,dns_num_ip_NULL,dns_domain_rank_NULL,56.0,0.0,56.0,0.0,16493,2,2,112,112,56,56,56,56,0.013581519432486509,8246.5,8246.5,0.0,0,16493,0,16493,0,0,0,0.00012126356636148669,0,0.00024252713272297338,41,64,0.0,0.0,0.0,0.0,0.0,0.0,0.0,0.0,0.0,0.0,0.3333333333333333,0.0,0.0,0.0,0.0,0.0,0.0,0.0,0.0,0.0,0.0,0.0,0.0,0.0,0.0,0.0,0.0,0.0,0.0,0.0,0.0,0.0,0.0,0.0,0.0,0.0,0.0,0.0,0.0,0.0,0.0,0.0,0.0,0.0,0.0,0.0,0.0,0.0,0.0,0.0,0.0,0.0,0.0,0.0,0.0,0.0,0.0,0.0,0.0,0.0,0.0,0.0,0.0,0.0,0.0,0.0,0.0,0.0,0.0,0.0,0.0,0.0,0.0,0.0,0.0,0.0,0.0,0.0,0.0,0.0,0.0,0.0,0.0,0.0,0.0,0.0,0.0,0.0,0.0,0.0,0.0,0.0,0.0,0.0,0.0,0.0,0.0,0.0,0.0,0.0,0.0,0.0,0.0,0.0,0.0,0.0,0.0,0.0,0.0,0.0,0.0,0.0,0.0,0.0,0.0,0.0,0.0,0.0,0.0,0.0,0.0,0.0,0.0,0.0,0.0,0.0,0.0,0.0,0.0,0.0,0.0,0.0,0.0,0.0,0.0,0.0,0.0,0.0,0.0,0.0,0.0,0.0,0.0,0.0,0.0,0.0,0.0,0.0,0.0,0.0,0.0,0.0,0.0,0.0,0.0,0.0,0.0,0.0,0.0,0.0,0.0,0.0,0.0,0.0,0.0,0.0,0.0,0.0,0.0,0.0,0.0,0.0,0.0,0.0,0.0,0.0,0.0,0.0,0.0,0.0,0.0,0.0,0.0,0.0,0.0,0.0,0.0,0.0,0.0,0.0,0.0,0.0,0.0,0.0,0.0,0.0,0.0,0.0,0.0,0.0,0.6666666666666666,0.0,0.0,0.0,0.0,0.0,0.0,0.0,0.0,0.0,0.0,0.0,0.0,0.0,0.0,0.0,0.0,0.0,0.0,0.0,0.0,0.0,0.0,0.0,0.0,0.0,0.0,0.0,0.0,0.0,0.0,0.0,0.0,0.0,0.0,0.0,0.0,0.0,0.0,0.0,0.0,0.0,0.0,0.0,0.0,0.0,0.0,0.0,0.0,0.0,0.0,0.0,0.0,0.0,0.0,0.0,0.0,0.0,0.0,0.0,0.0,0.0,0.0,0.0,0.0,0.0,0.0,0.0,0.0,0.0,0.0,0.0,0.0,0.0,0.0,0.0,0.0,0.0,0.0,0.0,0.0,0.0,0.0,0.0,0.0,0.0,0.0,0.0,0.0,0.0,0.0,0.0,0.0,0.0,0.0,0.0,0.0,0.0,0.0,0.0,0.0,0.0,0.0,0.0,0.0,0.0,0.0,0.0,0.0,0.0,0.0,0.0,0.0,0.0,0.0,0.0,0.0,0.0,0.0,0.0,0.0,0.0,0.0,0.0,0.0,0.0,0.0,0.0,0.0,0.0,0.0,0.0,0.0,0.0,0.0,0.0,0.0,0.0,0.0,0.0,0.0,0.0,0.0,0.0,0.0,0.0,0.0,0.0,0.0,0.0,0.0,0.0,0.0,0.0,0.0,0.0,0.0,0.0,0.0,0.0,0.0,0.0,0.0,0.0,0.0,0.0,0.0,0.0,0.0,0.0,0.0,0.0,0.0,0.0,0.0,0.0,0.0,0.0,0.0,0.0,0.0,0.0,0.0,0.0,0.0,0.0,0.0,0.0,0.0,0.0,0.0,0.0,0.0,0.0,0.0,0.0,0.0,0.0,0.0,0.0,0.017857142857142856,0.008928571428571428,0.0,0.0,0.0,0.0,0.0,0.0,0.017857142857142856,0.026785714285714284,0.017857142857142856,0.017857142857142856,0.017857142857142856,0.017857142857142856,0.017857142857142856,0.017857142857142856,0.017857142857142856,0.017857142857142856,0.026785714285714284,0.017857142857142856,0.017857142857142856,0.017857142857142856,0.017857142857142856,0.017857142857142856,0.017857142857142856,0.017857142857142856,0.017857142857142856,0.017857142857142856,0.03571428571428571,0.017857142857142856,0.017857142857142856,0.017857142857142856,0.017857142857142856,0.017857142857142856,0.017857142857142856,0.017857142857142856,0.017857142857142856,0.017857142857142856,0.017857142857142856,0.03571428571428571,0.017857142857142856,0.017857142857142856,0.017857142857142856,0.017857142857142856,0.017857142857142856,0.017857142857142856,0.017857142857142856,0.017857142857142856,0.017857142857142856,0.017857142857142856,0.017857142857142856,0.017857142857142856,0.017857142857142856,0.017857142857142856,0.017857142857142856,0.017857142857142856,0.0,0.0,0.0,0.0,0.0,0.0,0.0,0.0,0.0,0.0,0.0,0.0,0.0,0.0,0.0,0.0,0.0,0.0,0.0,0.0,0.0,0.0,0.0,0.0,0.0,0.008928571428571428,0.0,0.0,0.0,0.017857142857142856,0.008928571428571428,0.0,0.0,0.0,0.0,0.0,0.0,0.0,0.0,0.0,0.0,0.0,0.0,0.0,0.0,0.0,0.0,0.0,0.0,0.0,0.0,0.0,0.0,0.0,0.0,0.0,0.0,0.0,0.0,0.0,0.0,0.0,0.0,0.0,0.0,0.0,0.0,0.0,0.0,0.0,0.0,0.0,0.0,0.0,0.0,0.0,0.0,0.0,0.0,0.008928571428571428,0.0,0.0,0.0,0.0,0.0,0.0,0.0,0.0,0.0,0.0,0.0,0.0,0.0,0.008928571428571428,0.0,0.0,0.0,0.0,0.0,0.0,0.0,0.0,0.0,0.0,0.0,0.0,0.0,0.0,0.0,0.0,0.008928571428571428,0.0,0.0,0.0,0.0,0.0,0.0,0.0,0.0,0.0,0.0,0.0,0.0,0.0,0.0,0.0,0.0,0.0,0.0,0.0,0.0,0.0,0.0,0.0,0.0,0.0,0.0,0.0,0.0,0.0,0.0,0.0,0.0,0.0,0.0,0.0,0.0,0.0,0.0,0.0,0.0,0.0,0.0,0.0,0.0,0.0,0.0,0.0,0.0,0.0,0.0,0.0,0.0,0.0,0.0,0.0,0.0,0.0,0.0,0.0,0.0,0.0,0.0,0.0,0.0,0.0,0.0,0.0,0.0,0.0,0.0,0.0,0.0,0.0,0.0,0.0,0.0,0.0,0.0,0.0,0.0,0.0,0.0,0.0,0.0,0.0,0.0,0.0,0.0,0.0,5.758162
58,vimeo1,0,stream,131.202.240.150,129.33.205.80,49114,80,6,scs_str_NULL,server_name_str_NULL,0,http_content_type_NULL,http_user_agent_NULL,http_accept_language_NULL,http_server_NULL,http_code_NULL,dns_domain_name_NULL,dns_ttl_NULL,dns_num_ip_NULL,dns_domain_rank_NULL,0,0,0,0,0,0,0,0,0,0,0,0,0,0,0,0,0,0,0,0,0,0,0,0,0,0,0,64,44,0,0,0,0,0,0,0,0,0,0,0,0,0,0,0,0,0,0,0,0,0,0,0,0,0,0,0,0,0,0,0,0,0,0,0,0,0,0,0,0,0,0,0,0,0,0,0,0,0,0,0,0,0,0,0,0,0,0,0,0,0,0,0,0,0,0,0,0,0,0,0,0,0,0,0,0,0,0,0,0,0,0,0,0,0,0,0,0,0,0,0,0,0,0,0,0,0,0,0,0,0,0,0,0,0,0,0,0,0,0,0,0,0,0,0,0,0,0,0,0,0,0,0,0,0,0,0,0,0,0,0,0,0,0,0,0,0,0,0,0,0,0,0,0,0,0,0,0,0,0,0,0,0,0,0,0,0,0,0,0,0,0,0,0,0,0,0,0,0,0,0,0,0,0,0,0,0,0,0,0,0,0,0,0,0,0,0,0,0,0,0,0,0,0,0,0,0,0,0,0,0,0,0,0,0,0,0,0,0,0,0,0,0,0,0,0,0,0,0,0,0,0,0,0,0,0,0,0,0,0,0,0,0,0,0,0,0,0,0,0,0,0,0,0,0,0,0,0,0,0,0,0,0,0,0,0,0,0,0,0,0,0,0,0,0,0,0,0,0,0,0,0,0,0,0,0,0,0,0,0,0,0,0,0,0,0,0,0,0,0,0,0,0,0,0,0,0,0,0,0,0,0,0,0,0,0,0,0,0,0,0,0,0,0,0,0,0,0,0,0,0,0,0,0,0,0,0,0,0,0,0,0,0,0,0,0,0,0,0,0,0,0,0,0,0,0,0,0,0,0,0,0,0,0,0,0,0,0,0,0,0,0,0,0,0,0,0,0,0,0,0,0,0,0,0,0,0,0,0,0,0,0,0,0,0,0,0,0,0,0,0,0,0,0,0,0,0,0,0,0,0.0,0.0,0.0,0.0,0.0,0.0,0.0,0.0,0.0,0.0,0.0,0.0,0.0,0.0,0.0,0.0,0.0,0.0,0.0,0.0,0.0,0.0,0.0,0.0,0.0,0.0,0.0,0.0,0.0,0.0,0.0,0.0,0.0,0.0,0.0,0.0,0.0,0.0,0.0,0.0,0.0,0.0,0.0,0.0,0.0,0.0,0.0,0.0,0.0,0.0,0.0,0.0,0.0,0.0,0.0,0.0,0.0,0.0,0.0,0.0,0.0,0.0,0.0,0.0,0.0,0.0,0.0,0.0,0.0,0.0,0.0,0.0,0.0,0.0,0.0,0.0,0.0,0.0,0.0,0.0,0.0,0.0,0.0,0.0,0.0,0.0,0.0,0.0,0.0,0.0,0.0,0.0,0.0,0.0,0.0,0.0,0.0,0.0,0.0,0.0,0.0,0.0,0.0,0.0,0.0,0.0,0.0,0.0,0.0,0.0,0.0,0.0,0.0,0.0,0.0,0.0,0.0,0.0,0.0,0.0,0.0,0.0,0.0,0.0,0.0,0.0,0.0,0.0,0.0,0.0,0.0,0.0,0.0,0.0,0.0,0.0,0.0,0.0,0.0,0.0,0.0,0.0,0.0,0.0,0.0,0.0,0.0,0.0,0.0,0.0,0.0,0.0,0.0,0.0,0.0,0.0,0.0,0.0,0.0,0.0,0.0,0.0,0.0,0.0,0.0,0.0,0.0,0.0,0.0,0.0,0.0,0.0,0.0,0.0,0.0,0.0,0.0,0.0,0.0,0.0,0.0,0.0,0.0,0.0,0.0,0.0,0.0,0.0,0.0,0.0,0.0,0.0,0.0,0.0,0.0,0.0,0.0,0.0,0.0,0.0,0.0,0.0,0.0,0.0,0.0,0.0,0.0,0.0,0.0,0.0,0.0,0.0,0.0,0.0,0.0,0.0,0.0,0.0,0.0,0.0,0.0,0.0,0.0,0.0,0.0,0.0,0.0,0.0,0.0,0.0,0.0,0.0,0.0,0.0,0.0,0.0,0.0,0.0,0.0,0.0,0.0,0.0,0.0,0.0,0.0,0.0,0.0,0.0,0.0,0.0,0.0,0.0,0.0,0.0,0.0,0.0,-1
59,vimeo1,0,stream,131.202.240.150,184.25.72.24,38739,443,6,scs_str_NULL,server_name_str_NULL,0,http_content_type_NULL,http_user_agent_NULL,http_accept_language_NULL,http_server_NULL,http_code_NULL,dns_domain_name_NULL,dns_ttl_NULL,dns_num_ip_NULL,dns_domain_rank_NULL,0,0,0,0,0,0,0,0,0,0,0,0,0,0,0,0,0,0,0,0,0,0,0,0,0,0,0,64,54,0,0,0,0,0,0,0,0,0,0,0,0,0,0,0,0,0,0,0,0,0,0,0,0,0,0,0,0,0,0,0,0,0,0,0,0,0,0,0,0,0,0,0,0,0,0,0,0,0,0,0,0,0,0,0,0,0,0,0,0,0,0,0,0,0,0,0,0,0,0,0,0,0,0,0,0,0,0,0,0,0,0,0,0,0,0,0,0,0,0,0,0,0,0,0,0,0,0,0,0,0,0,0,0,0,0,0,0,0,0,0,0,0,0,0,0,0,0,0,0,0,0,0,0,0,0,0,0,0,0,0,0,0,0,0,0,0,0,0,0,0,0,0,0,0,0,0,0,0,0,0,0,0,0,0,0,0,0,0,0,0,0,0,0,0,0,0,0,0,0,0,0,0,0,0,0,0,0,0,0,0,0,0,0,0,0,0,0,0,0,0,0,0,0,0,0,0,0,0,0,0,0,0,0,0,0,0,0,0,0,0,0,0,0,0,0,0,0,0,0,0,0,0,0,0,0,0,0,0,0,0,0,0,0,0,0,0,0,0,0,0,0,0,0,0,0,0,0,0,0,0,0,0,0,0,0,0,0,0,0,0,0,0,0,0,0,0,0,0,0,0,0,0,0,0,0,0,0,0,0,0,0,0,0,0,0,0,0,0,0,0,0,0,0,0,0,0,0,0,0,0,0,0,0,0,0,0,0,0,0,0,0,0,0,0,0,0,0,0,0,0,0,0,0,0,0,0,0,0,0,0,0,0,0,0,0,0,0,0,0,0,0,0,0,0,0,0,0,0,0,0,0,0,0,0,0,0,0,0,0,0,0,0,0,0,0,0,0,0,0,0,0,0,0,0,0,0,0,0,0,0,0,0,0,0,0,0,0,0,0,0,0,0,0,0,0,0,0,0,0,0.0,0.0,0.0,0.0,0.0,0.0,0.0,0.0,0.0,0.0,0.0,0.0,0.0,0.0,0.0,0.0,0.0,0.0,0.0,0.0,0.0,0.0,0.0,0.0,0.0,0.0,0.0,0.0,0.0,0.0,0.0,0.0,0.0,0.0,0.0,0.0,0.0,0.0,0.0,0.0,0.0,0.0,0.0,0.0,0.0,0.0,0.0,0.0,0.0,0.0,0.0,0.0,0.0,0.0,0.0,0.0,0.0,0.0,0.0,0.0,0.0,0.0,0.0,0.0,0.0,0.0,0.0,0.0,0.0,0.0,0.0,0.0,0.0,0.0,0.0,0.0,0.0,0.0,0.0,0.0,0.0,0.0,0.0,0.0,0.0,0.0,0.0,0.0,0.0,0.0,0.0,0.0,0.0,0.0,0.0,0.0,0.0,0.0,0.0,0.0,0.0,0.0,0.0,0.0,0.0,0.0,0.0,0.0,0.0,0.0,0.0,0.0,0.0,0.0,0.0,0.0,0.0,0.0,0.0,0.0,0.0,0.0,0.0,0.0,0.0,0.0,0.0,0.0,0.0,0.0,0.0,0.0,0.0,0.0,0.0,0.0,0.0,0.0,0.0,0.0,0.0,0.0,0.0,0.0,0.0,0.0,0.0,0.0,0.0,0.0,0.0,0.0,0.0,0.0,0.0,0.0,0.0,0.0,0.0,0.0,0.0,0.0,0.0,0.0,0.0,0.0,0.0,0.0,0.0,0.0,0.0,0.0,0.0,0.0,0.0,0.0,0.0,0.0,0.0,0.0,0.0,0.0,0.0,0.0,0.0,0.0,0.0,0.0,0.0,0.0,0.0,0.0,0.0,0.0,0.0,0.0,0.0,0.0,0.0,0.0,0.0,0.0,0.0,0.0,0.0,0.0,0.0,0.0,0.0,0.0,0.0,0.0,0.0,0.0,0.0,0.0,0.0,0.0,0.0,0.0,0.0,0.0,0.0,0.0,0.0,0.0,0.0,0.0,0.0,0.0,0.0,0.0,0.0,0.0,0.0,0.0,0.0,0.0,0.0,0.0,0.0,0.0,0.0,0.0,0.0,0.0,0.0,0.0,0.0,0.0,0.0,0.0,0.0,0.0,0.0,0.0,-1
60,vimeo1,0,stream,131.202.240.150,23.78.245.109,55665,443,6,scs_str_NULL,server_name_str_NULL,0,http_content_type_NULL,http_user_agent_NULL,http_accept_language_NULL,http_server_NULL,http_code_NULL,dns_domain_name_NULL,dns_ttl_NULL,dns_num_ip_NULL,dns_domain_rank_NULL,0,0,0,0,0,0,0,0,0,0,0,0,0,0,0,0,0,0,0,0,0,0,0,0,0,0,0,64,48,0,0,0,0,0,0,0,0,0,0,0,0,0,0,0,0,0,0,0,0,0,0,0,0,0,0,0,0,0,0,0,0,0,0,0,0,0,0,0,0,0,0,0,0,0,0,0,0,0,0,0,0,0,0,0,0,0,0,0,0,0,0,0,0,0,0,0,0,0,0,0,0,0,0,0,0,0,0,0,0,0,0,0,0,0,0,0,0,0,0,0,0,0,0,0,0,0,0,0,0,0,0,0,0,0,0,0,0,0,0,0,0,0,0,0,0,0,0,0,0,0,0,0,0,0,0,0,0,0,0,0,0,0,0,0,0,0,0,0,0,0,0,0,0,0,0,0,0,0,0,0,0,0,0,0,0,0,0,0,0,0,0,0,0,0,0,0,0,0,0,0,0,0,0,0,0,0,0,0,0,0,0,0,0,0,0,0,0,0,0,0,0,0,0,0,0,0,0,0,0,0,0,0,0,0,0,0,0,0,0,0,0,0,0,0,0,0,0,0,0,0,0,0,0,0,0,0,0,0,0,0,0,0,0,0,0,0,0,0,0,0,0,0,0,0,0,0,0,0,0,0,0,0,0,0,0,0,0,0,0,0,0,0,0,0,0,0,0,0,0,0,0,0,0,0,0,0,0,0,0,0,0,0,0,0,0,0,0,0,0,0,0,0,0,0,0,0,0,0,0,0,0,0,0,0,0,0,0,0,0,0,0,0,0,0,0,0,0,0,0,0,0,0,0,0,0,0,0,0,0,0,0,0,0,0,0,0,0,0,0,0,0,0,0,0,0,0,0,0,0,0,0,0,0,0,0,0,0,0,0,0,0,0,0,0,0,0,0,0,0,0,0,0,0,0,0,0,0,0,0,0,0,0,0,0,0,0,0,0,0,0,0,0,0,0,0,0,0,0,0,0.0,0.0,0.0,0.0,0.0,0.0,0.0,0.0,0.0,0.0,0.0,0.0,0.0,0.0,0.0,0.0,0.0,0.0,0.0,0.0,0.0,0.0,0.0,0.0,0.0,0.0,0.0,0.0,0.0,0.0,0.0,0.0,0.0,0.0,0.0,0.0,0.0,0.0,0.0,0.0,0.0,0.0,0.0,0.0,0.0,0.0,0.0,0.0,0.0,0.0,0.0,0.0,0.0,0.0,0.0,0.0,0.0,0.0,0.0,0.0,0.0,0.0,0.0,0.0,0.0,0.0,0.0,0.0,0.0,0.0,0.0,0.0,0.0,0.0,0.0,0.0,0.0,0.0,0.0,0.0,0.0,0.0,0.0,0.0,0.0,0.0,0.0,0.0,0.0,0.0,0.0,0.0,0.0,0.0,0.0,0.0,0.0,0.0,0.0,0.0,0.0,0.0,0.0,0.0,0.0,0.0,0.0,0.0,0.0,0.0,0.0,0.0,0.0,0.0,0.0,0.0,0.0,0.0,0.0,0.0,0.0,0.0,0.0,0.0,0.0,0.0,0.0,0.0,0.0,0.0,0.0,0.0,0.0,0.0,0.0,0.0,0.0,0.0,0.0,0.0,0.0,0.0,0.0,0.0,0.0,0.0,0.0,0.0,0.0,0.0,0.0,0.0,0.0,0.0,0.0,0.0,0.0,0.0,0.0,0.0,0.0,0.0,0.0,0.0,0.0,0.0,0.0,0.0,0.0,0.0,0.0,0.0,0.0,0.0,0.0,0.0,0.0,0.0,0.0,0.0,0.0,0.0,0.0,0.0,0.0,0.0,0.0,0.0,0.0,0.0,0.0,0.0,0.0,0.0,0.0,0.0,0.0,0.0,0.0,0.0,0.0,0.0,0.0,0.0,0.0,0.0,0.0,0.0,0.0,0.0,0.0,0.0,0.0,0.0,0.0,0.0,0.0,0.0,0.0,0.0,0.0,0.0,0.0,0.0,0.0,0.0,0.0,0.0,0.0,0.0,0.0,0.0,0.0,0.0,0.0,0.0,0.0,0.0,0.0,0.0,0.0,0.0,0.0,0.0,0.0,0.0,0.0,0.0,0.0,0.0,0.0,0.0,0.0,0.0,0.0,0.0,-1
61,vimeo1,0,stream,131.202.240.150,23.78.215.238,48025,80,6,scs_str_NULL,server_name_str_NULL,0,http_content_type_NULL,http_user_agent_NULL,http_accept_language_NULL,http_server_NULL,http_code_NULL,dns_domain_name_NULL,dns_ttl_NULL,dns_num_ip_NULL,dns_domain_rank_NULL,0,0,0,0,0,0,0,0,0,0,0,0,0,0,0,0,0,0,0,0,0,0,0,0,0,0,0,64,48,0,0,0,0,0,0,0,0,0,0,0,0,0,0,0,0,0,0,0,0,0,0,0,0,0,0,0,0,0,0,0,0,0,0,0,0,0,0,0,0,0,0,0,0,0,0,0,0,0,0,0,0,0,0,0,0,0,0,0,0,0,0,0,0,0,0,0,0,0,0,0,0,0,0,0,0,0,0,0,0,0,0,0,0,0,0,0,0,0,0,0,0,0,0,0,0,0,0,0,0,0,0,0,0,0,0,0,0,0,0,0,0,0,0,0,0,0,0,0,0,0,0,0,0,0,0,0,0,0,0,0,0,0,0,0,0,0,0,0,0,0,0,0,0,0,0,0,0,0,0,0,0,0,0,0,0,0,0,0,0,0,0,0,0,0,0,0,0,0,0,0,0,0,0,0,0,0,0,0,0,0,0,0,0,0,0,0,0,0,0,0,0,0,0,0,0,0,0,0,0,0,0,0,0,0,0,0,0,0,0,0,0,0,0,0,0,0,0,0,0,0,0,0,0,0,0,0,0,0,0,0,0,0,0,0,0,0,0,0,0,0,0,0,0,0,0,0,0,0,0,0,0,0,0,0,0,0,0,0,0,0,0,0,0,0,0,0,0,0,0,0,0,0,0,0,0,0,0,0,0,0,0,0,0,0,0,0,0,0,0,0,0,0,0,0,0,0,0,0,0,0,0,0,0,0,0,0,0,0,0,0,0,0,0,0,0,0,0,0,0,0,0,0,0,0,0,0,0,0,0,0,0,0,0,0,0,0,0,0,0,0,0,0,0,0,0,0,0,0,0,0,0,0,0,0,0,0,0,0,0,0,0,0,0,0,0,0,0,0,0,0,0,0,0,0,0,0,0,0,0,0,0,0,0,0,0,0,0,0,0,0,0,0,0,0,0,0,0,0,0,0.0,0.0,0.0,0.0,0.0,0.0,0.0,0.0,0.0,0.0,0.0,0.0,0.0,0.0,0.0,0.0,0.0,0.0,0.0,0.0,0.0,0.0,0.0,0.0,0.0,0.0,0.0,0.0,0.0,0.0,0.0,0.0,0.0,0.0,0.0,0.0,0.0,0.0,0.0,0.0,0.0,0.0,0.0,0.0,0.0,0.0,0.0,0.0,0.0,0.0,0.0,0.0,0.0,0.0,0.0,0.0,0.0,0.0,0.0,0.0,0.0,0.0,0.0,0.0,0.0,0.0,0.0,0.0,0.0,0.0,0.0,0.0,0.0,0.0,0.0,0.0,0.0,0.0,0.0,0.0,0.0,0.0,0.0,0.0,0.0,0.0,0.0,0.0,0.0,0.0,0.0,0.0,0.0,0.0,0.0,0.0,0.0,0.0,0.0,0.0,0.0,0.0,0.0,0.0,0.0,0.0,0.0,0.0,0.0,0.0,0.0,0.0,0.0,0.0,0.0,0.0,0.0,0.0,0.0,0.0,0.0,0.0,0.0,0.0,0.0,0.0,0.0,0.0,0.0,0.0,0.0,0.0,0.0,0.0,0.0,0.0,0.0,0.0,0.0,0.0,0.0,0.0,0.0,0.0,0.0,0.0,0.0,0.0,0.0,0.0,0.0,0.0,0.0,0.0,0.0,0.0,0.0,0.0,0.0,0.0,0.0,0.0,0.0,0.0,0.0,0.0,0.0,0.0,0.0,0.0,0.0,0.0,0.0,0.0,0.0,0.0,0.0,0.0,0.0,0.0,0.0,0.0,0.0,0.0,0.0,0.0,0.0,0.0,0.0,0.0,0.0,0.0,0.0,0.0,0.0,0.0,0.0,0.0,0.0,0.0,0.0,0.0,0.0,0.0,0.0,0.0,0.0,0.0,0.0,0.0,0.0,0.0,0.0,0.0,0.0,0.0,0.0,0.0,0.0,0.0,0.0,0.0,0.0,0.0,0.0,0.0,0.0,0.0,0.0,0.0,0.0,0.0,0.0,0.0,0.0,0.0,0.0,0.0,0.0,0.0,0.0,0.0,0.0,0.0,0.0,0.0,0.0,0.0,0.0,0.0,0.0,0.0,0.0,0.0,0.0,0.0,-1
62,vimeo1,0,stream,131.202.240.150,184.24.146.102,34036,80,6,scs_str_NULL,server_name_str_NULL,0,http_content_type_NULL,http_user_agent_NULL,http_accept_language_NULL,http_server_NULL,http_code_NULL,dns_domain_name_NULL,dns_ttl_NULL,dns_num_ip_NULL,dns_domain_rank_NULL,0,0,0,0,0,0,0,0,0,0,0,0,0,0,0,0,0,0,0,0,0,0,0,0,0,0,0,64,54,0,0,0,0,0,0,0,0,0,0,0,0,0,0,0,0,0,0,0,0,0,0,0,0,0,0,0,0,0,0,0,0,0,0,0,0,0,0,0,0,0,0,0,0,0,0,0,0,0,0,0,0,0,0,0,0,0,0,0,0,0,0,0,0,0,0,0,0,0,0,0,0,0,0,0,0,0,0,0,0,0,0,0,0,0,0,0,0,0,0,0,0,0,0,0,0,0,0,0,0,0,0,0,0,0,0,0,0,0,0,0,0,0,0,0,0,0,0,0,0,0,0,0,0,0,0,0,0,0,0,0,0,0,0,0,0,0,0,0,0,0,0,0,0,0,0,0,0,0,0,0,0,0,0,0,0,0,0,0,0,0,0,0,0,0,0,0,0,0,0,0,0,0,0,0,0,0,0,0,0,0,0,0,0,0,0,0,0,0,0,0,0,0,0,0,0,0,0,0,0,0,0,0,0,0,0,0,0,0,0,0,0,0,0,0,0,0,0,0,0,0,0,0,0,0,0,0,0,0,0,0,0,0,0,0,0,0,0,0,0,0,0,0,0,0,0,0,0,0,0,0,0,0,0,0,0,0,0,0,0,0,0,0,0,0,0,0,0,0,0,0,0,0,0,0,0,0,0,0,0,0,0,0,0,0,0,0,0,0,0,0,0,0,0,0,0,0,0,0,0,0,0,0,0,0,0,0,0,0,0,0,0,0,0,0,0,0,0,0,0,0,0,0,0,0,0,0,0,0,0,0,0,0,0,0,0,0,0,0,0,0,0,0,0,0,0,0,0,0,0,0,0,0,0,0,0,0,0,0,0,0,0,0,0,0,0,0,0,0,0,0,0,0,0,0,0,0,0,0,0,0,0,0,0,0,0,0,0,0,0,0,0,0,0,0,0,0,0,0,0,0.0,0.0,0.0,0.0,0.0,0.0,0.0,0.0,0.0,0.0,0.0,0.0,0.0,0.0,0.0,0.0,0.0,0.0,0.0,0.0,0.0,0.0,0.0,0.0,0.0,0.0,0.0,0.0,0.0,0.0,0.0,0.0,0.0,0.0,0.0,0.0,0.0,0.0,0.0,0.0,0.0,0.0,0.0,0.0,0.0,0.0,0.0,0.0,0.0,0.0,0.0,0.0,0.0,0.0,0.0,0.0,0.0,0.0,0.0,0.0,0.0,0.0,0.0,0.0,0.0,0.0,0.0,0.0,0.0,0.0,0.0,0.0,0.0,0.0,0.0,0.0,0.0,0.0,0.0,0.0,0.0,0.0,0.0,0.0,0.0,0.0,0.0,0.0,0.0,0.0,0.0,0.0,0.0,0.0,0.0,0.0,0.0,0.0,0.0,0.0,0.0,0.0,0.0,0.0,0.0,0.0,0.0,0.0,0.0,0.0,0.0,0.0,0.0,0.0,0.0,0.0,0.0,0.0,0.0,0.0,0.0,0.0,0.0,0.0,0.0,0.0,0.0,0.0,0.0,0.0,0.0,0.0,0.0,0.0,0.0,0.0,0.0,0.0,0.0,0.0,0.0,0.0,0.0,0.0,0.0,0.0,0.0,0.0,0.0,0.0,0.0,0.0,0.0,0.0,0.0,0.0,0.0,0.0,0.0,0.0,0.0,0.0,0.0,0.0,0.0,0.0,0.0,0.0,0.0,0.0,0.0,0.0,0.0,0.0,0.0,0.0,0.0,0.0,0.0,0.0,0.0,0.0,0.0,0.0,0.0,0.0,0.0,0.0,0.0,0.0,0.0,0.0,0.0,0.0,0.0,0.0,0.0,0.0,0.0,0.0,0.0,0.0,0.0,0.0,0.0,0.0,0.0,0.0,0.0,0.0,0.0,0.0,0.0,0.0,0.0,0.0,0.0,0.0,0.0,0.0,0.0,0.0,0.0,0.0,0.0,0.0,0.0,0.0,0.0,0.0,0.0,0.0,0.0,0.0,0.0,0.0,0.0,0.0,0.0,0.0,0.0,0.0,0.0,0.0,0.0,0.0,0.0,0.0,0.0,0.0,0.0,0.0,0.0,0.0,0.0,0.0,-1
63,vimeo1,0,stream,131.202.240.150,23.78.215.238,48024,80,6,scs_str_NULL,server_name_str_NULL,0,http_content_type_NULL,http_user_agent_NULL,http_accept_language_NULL,http_server_NULL,http_code_NULL,dns_domain_name_NULL,dns_ttl_NULL,dns_num_ip_NULL,dns_domain_rank_NULL,0,0,0,0,0,0,0,0,0,0,0,0,0,0,0,0,0,0,0,0,0,0,0,0,0,0,0,64,48,0,0,0,0,0,0,0,0,0,0,0,0,0,0,0,0,0,0,0,0,0,0,0,0,0,0,0,0,0,0,0,0,0,0,0,0,0,0,0,0,0,0,0,0,0,0,0,0,0,0,0,0,0,0,0,0,0,0,0,0,0,0,0,0,0,0,0,0,0,0,0,0,0,0,0,0,0,0,0,0,0,0,0,0,0,0,0,0,0,0,0,0,0,0,0,0,0,0,0,0,0,0,0,0,0,0,0,0,0,0,0,0,0,0,0,0,0,0,0,0,0,0,0,0,0,0,0,0,0,0,0,0,0,0,0,0,0,0,0,0,0,0,0,0,0,0,0,0,0,0,0,0,0,0,0,0,0,0,0,0,0,0,0,0,0,0,0,0,0,0,0,0,0,0,0,0,0,0,0,0,0,0,0,0,0,0,0,0,0,0,0,0,0,0,0,0,0,0,0,0,0,0,0,0,0,0,0,0,0,0,0,0,0,0,0,0,0,0,0,0,0,0,0,0,0,0,0,0,0,0,0,0,0,0,0,0,0,0,0,0,0,0,0,0,0,0,0,0,0,0,0,0,0,0,0,0,0,0,0,0,0,0,0,0,0,0,0,0,0,0,0,0,0,0,0,0,0,0,0,0,0,0,0,0,0,0,0,0,0,0,0,0,0,0,0,0,0,0,0,0,0,0,0,0,0,0,0,0,0,0,0,0,0,0,0,0,0,0,0,0,0,0,0,0,0,0,0,0,0,0,0,0,0,0,0,0,0,0,0,0,0,0,0,0,0,0,0,0,0,0,0,0,0,0,0,0,0,0,0,0,0,0,0,0,0,0,0,0,0,0,0,0,0,0,0,0,0,0,0,0,0,0,0,0,0,0,0,0,0,0,0,0,0,0,0,0,0,0,0,0,0.0,0.0,0.0,0.0,0.0,0.0,0.0,0.0,0.0,0.0,0.0,0.0,0.0,0.0,0.0,0.0,0.0,0.0,0.0,0.0,0.0,0.0,0.0,0.0,0.0,0.0,0.0,0.0,0.0,0.0,0.0,0.0,0.0,0.0,0.0,0.0,0.0,0.0,0.0,0.0,0.0,0.0,0.0,0.0,0.0,0.0,0.0,0.0,0.0,0.0,0.0,0.0,0.0,0.0,0.0,0.0,0.0,0.0,0.0,0.0,0.0,0.0,0.0,0.0,0.0,0.0,0.0,0.0,0.0,0.0,0.0,0.0,0.0,0.0,0.0,0.0,0.0,0.0,0.0,0.0,0.0,0.0,0.0,0.0,0.0,0.0,0.0,0.0,0.0,0.0,0.0,0.0,0.0,0.0,0.0,0.0,0.0,0.0,0.0,0.0,0.0,0.0,0.0,0.0,0.0,0.0,0.0,0.0,0.0,0.0,0.0,0.0,0.0,0.0,0.0,0.0,0.0,0.0,0.0,0.0,0.0,0.0,0.0,0.0,0.0,0.0,0.0,0.0,0.0,0.0,0.0,0.0,0.0,0.0,0.0,0.0,0.0,0.0,0.0,0.0,0.0,0.0,0.0,0.0,0.0,0.0,0.0,0.0,0.0,0.0,0.0,0.0,0.0,0.0,0.0,0.0,0.0,0.0,0.0,0.0,0.0,0.0,0.0,0.0,0.0,0.0,0.0,0.0,0.0,0.0,0.0,0.0,0.0,0.0,0.0,0.0,0.0,0.0,0.0,0.0,0.0,0.0,0.0,0.0,0.0,0.0,0.0,0.0,0.0,0.0,0.0,0.0,0.0,0.0,0.0,0.0,0.0,0.0,0.0,0.0,0.0,0.0,0.0,0.0,0.0,0.0,0.0,0.0,0.0,0.0,0.0,0.0,0.0,0.0,0.0,0.0,0.0,0.0,0.0,0.0,0.0,0.0,0.0,0.0,0.0,0.0,0.0,0.0,0.0,0.0,0.0,0.0,0.0,0.0,0.0,0.0,0.0,0.0,0.0,0.0,0.0,0.0,0.0,0.0,0.0,0.0,0.0,0.0,0.0,0.0,0.0,0.0,0.0,0.0,0.0,0.0,-1
64,vimeo1,0,stream,131.202.240.150,129.33.205.80,49112,80,6,scs_str_NULL,server_name_str_NULL,0,http_content_type_NULL,http_user_agent_NULL,http_accept_language_NULL,http_server_NULL,http_code_NULL,dns_domain_name_NULL,dns_ttl_NULL,dns_num_ip_NULL,dns_domain_rank_NULL,0,0,0,0,0,0,0,0,0,0,0,0,0,0,0,0,0,0,0,0,0,0,0,0,0,0,0,64,44,0,0,0,0,0,0,0,0,0,0,0,0,0,0,0,0,0,0,0,0,0,0,0,0,0,0,0,0,0,0,0,0,0,0,0,0,0,0,0,0,0,0,0,0,0,0,0,0,0,0,0,0,0,0,0,0,0,0,0,0,0,0,0,0,0,0,0,0,0,0,0,0,0,0,0,0,0,0,0,0,0,0,0,0,0,0,0,0,0,0,0,0,0,0,0,0,0,0,0,0,0,0,0,0,0,0,0,0,0,0,0,0,0,0,0,0,0,0,0,0,0,0,0,0,0,0,0,0,0,0,0,0,0,0,0,0,0,0,0,0,0,0,0,0,0,0,0,0,0,0,0,0,0,0,0,0,0,0,0,0,0,0,0,0,0,0,0,0,0,0,0,0,0,0,0,0,0,0,0,0,0,0,0,0,0,0,0,0,0,0,0,0,0,0,0,0,0,0,0,0,0,0,0,0,0,0,0,0,0,0,0,0,0,0,0,0,0,0,0,0,0,0,0,0,0,0,0,0,0,0,0,0,0,0,0,0,0,0,0,0,0,0,0,0,0,0,0,0,0,0,0,0,0,0,0,0,0,0,0,0,0,0,0,0,0,0,0,0,0,0,0,0,0,0,0,0,0,0,0,0,0,0,0,0,0,0,0,0,0,0,0,0,0,0,0,0,0,0,0,0,0,0,0,0,0,0,0,0,0,0,0,0,0,0,0,0,0,0,0,0,0,0,0,0,0,0,0,0,0,0,0,0,0,0,0,0,0,0,0,0,0,0,0,0,0,0,0,0,0,0,0,0,0,0,0,0,0,0,0,0,0,0,0,0,0,0,0,0,0,0,0,0,0,0,0,0,0,0,0,0,0,0,0,0,0,0,0,0,0,0,0,0,0,0,0,0,0,0,0,0,0.0,0.0,0.0,0.0,0.0,0.0,0.0,0.0,0.0,0.0,0.0,0.0,0.0,0.0,0.0,0.0,0.0,0.0,0.0,0.0,0.0,0.0,0.0,0.0,0.0,0.0,0.0,0.0,0.0,0.0,0.0,0.0,0.0,0.0,0.0,0.0,0.0,0.0,0.0,0.0,0.0,0.0,0.0,0.0,0.0,0.0,0.0,0.0,0.0,0.0,0.0,0.0,0.0,0.0,0.0,0.0,0.0,0.0,0.0,0.0,0.0,0.0,0.0,0.0,0.0,0.0,0.0,0.0,0.0,0.0,0.0,0.0,0.0,0.0,0.0,0.0,0.0,0.0,0.0,0.0,0.0,0.0,0.0,0.0,0.0,0.0,0.0,0.0,0.0,0.0,0.0,0.0,0.0,0.0,0.0,0.0,0.0,0.0,0.0,0.0,0.0,0.0,0.0,0.0,0.0,0.0,0.0,0.0,0.0,0.0,0.0,0.0,0.0,0.0,0.0,0.0,0.0,0.0,0.0,0.0,0.0,0.0,0.0,0.0,0.0,0.0,0.0,0.0,0.0,0.0,0.0,0.0,0.0,0.0,0.0,0.0,0.0,0.0,0.0,0.0,0.0,0.0,0.0,0.0,0.0,0.0,0.0,0.0,0.0,0.0,0.0,0.0,0.0,0.0,0.0,0.0,0.0,0.0,0.0,0.0,0.0,0.0,0.0,0.0,0.0,0.0,0.0,0.0,0.0,0.0,0.0,0.0,0.0,0.0,0.0,0.0,0.0,0.0,0.0,0.0,0.0,0.0,0.0,0.0,0.0,0.0,0.0,0.0,0.0,0.0,0.0,0.0,0.0,0.0,0.0,0.0,0.0,0.0,0.0,0.0,0.0,0.0,0.0,0.0,0.0,0.0,0.0,0.0,0.0,0.0,0.0,0.0,0.0,0.0,0.0,0.0,0.0,0.0,0.0,0.0,0.0,0.0,0.0,0.0,0.0,0.0,0.0,0.0,0.0,0.0,0.0,0.0,0.0,0.0,0.0,0.0,0.0,0.0,0.0,0.0,0.0,0.0,0.0,0.0,0.0,0.0,0.0,0.0,0.0,0.0,0.0,0.0,0.0,0.0,0.0,0.0,-1
65,vimeo1,0,stream,131.202.240.150,129.33.205.80,49113,80,6,scs_str_NULL,server_name_str_NULL,0,http_content_type_NULL,http_user_agent_NULL,http_accept_language_NULL,http_server_NULL,http_code_NULL,dns_domain_name_NULL,dns_ttl_NULL,dns_num_ip_NULL,dns_domain_rank_NULL,0,0,0,0,0,0,0,0,0,0,0,0,0,0,0,0,0,0,0,0,0,0,0,0,0,0,0,64,44,0,0,0,0,0,0,0,0,0,0,0,0,0,0,0,0,0,0,0,0,0,0,0,0,0,0,0,0,0,0,0,0,0,0,0,0,0,0,0,0,0,0,0,0,0,0,0,0,0,0,0,0,0,0,0,0,0,0,0,0,0,0,0,0,0,0,0,0,0,0,0,0,0,0,0,0,0,0,0,0,0,0,0,0,0,0,0,0,0,0,0,0,0,0,0,0,0,0,0,0,0,0,0,0,0,0,0,0,0,0,0,0,0,0,0,0,0,0,0,0,0,0,0,0,0,0,0,0,0,0,0,0,0,0,0,0,0,0,0,0,0,0,0,0,0,0,0,0,0,0,0,0,0,0,0,0,0,0,0,0,0,0,0,0,0,0,0,0,0,0,0,0,0,0,0,0,0,0,0,0,0,0,0,0,0,0,0,0,0,0,0,0,0,0,0,0,0,0,0,0,0,0,0,0,0,0,0,0,0,0,0,0,0,0,0,0,0,0,0,0,0,0,0,0,0,0,0,0,0,0,0,0,0,0,0,0,0,0,0,0,0,0,0,0,0,0,0,0,0,0,0,0,0,0,0,0,0,0,0,0,0,0,0,0,0,0,0,0,0,0,0,0,0,0,0,0,0,0,0,0,0,0,0,0,0,0,0,0,0,0,0,0,0,0,0,0,0,0,0,0,0,0,0,0,0,0,0,0,0,0,0,0,0,0,0,0,0,0,0,0,0,0,0,0,0,0,0,0,0,0,0,0,0,0,0,0,0,0,0,0,0,0,0,0,0,0,0,0,0,0,0,0,0,0,0,0,0,0,0,0,0,0,0,0,0,0,0,0,0,0,0,0,0,0,0,0,0,0,0,0,0,0,0,0,0,0,0,0,0,0,0,0,0,0,0,0,0,0,0,0,0.0,0.0,0.0,0.0,0.0,0.0,0.0,0.0,0.0,0.0,0.0,0.0,0.0,0.0,0.0,0.0,0.0,0.0,0.0,0.0,0.0,0.0,0.0,0.0,0.0,0.0,0.0,0.0,0.0,0.0,0.0,0.0,0.0,0.0,0.0,0.0,0.0,0.0,0.0,0.0,0.0,0.0,0.0,0.0,0.0,0.0,0.0,0.0,0.0,0.0,0.0,0.0,0.0,0.0,0.0,0.0,0.0,0.0,0.0,0.0,0.0,0.0,0.0,0.0,0.0,0.0,0.0,0.0,0.0,0.0,0.0,0.0,0.0,0.0,0.0,0.0,0.0,0.0,0.0,0.0,0.0,0.0,0.0,0.0,0.0,0.0,0.0,0.0,0.0,0.0,0.0,0.0,0.0,0.0,0.0,0.0,0.0,0.0,0.0,0.0,0.0,0.0,0.0,0.0,0.0,0.0,0.0,0.0,0.0,0.0,0.0,0.0,0.0,0.0,0.0,0.0,0.0,0.0,0.0,0.0,0.0,0.0,0.0,0.0,0.0,0.0,0.0,0.0,0.0,0.0,0.0,0.0,0.0,0.0,0.0,0.0,0.0,0.0,0.0,0.0,0.0,0.0,0.0,0.0,0.0,0.0,0.0,0.0,0.0,0.0,0.0,0.0,0.0,0.0,0.0,0.0,0.0,0.0,0.0,0.0,0.0,0.0,0.0,0.0,0.0,0.0,0.0,0.0,0.0,0.0,0.0,0.0,0.0,0.0,0.0,0.0,0.0,0.0,0.0,0.0,0.0,0.0,0.0,0.0,0.0,0.0,0.0,0.0,0.0,0.0,0.0,0.0,0.0,0.0,0.0,0.0,0.0,0.0,0.0,0.0,0.0,0.0,0.0,0.0,0.0,0.0,0.0,0.0,0.0,0.0,0.0,0.0,0.0,0.0,0.0,0.0,0.0,0.0,0.0,0.0,0.0,0.0,0.0,0.0,0.0,0.0,0.0,0.0,0.0,0.0,0.0,0.0,0.0,0.0,0.0,0.0,0.0,0.0,0.0,0.0,0.0,0.0,0.0,0.0,0.0,0.0,0.0,0.0,0.0,0.0,0.0,0.0,0.0,0.0,0.0,0.0,-1
66,vimeo1,0,stream,131.202.240.150,129.33.205.80,49111,80,6,scs_str_NULL,server_name_str_NULL,0,http_content_type_NULL,http_user_agent_NULL,http_accept_language_NULL,http_server_NULL,http_code_NULL,dns_domain_name_NULL,dns_ttl_NULL,dns_num_ip_NULL,dns_domain_rank_NULL,0,0,0,0,0,0,0,0,0,0,0,0,0,0,0,0,0,0,0,0,0,0,0,0,0,0,0,64,44,0,0,0,0,0,0,0,0,0,0,0,0,0,0,0,0,0,0,0,0,0,0,0,0,0,0,0,0,0,0,0,0,0,0,0,0,0,0,0,0,0,0,0,0,0,0,0,0,0,0,0,0,0,0,0,0,0,0,0,0,0,0,0,0,0,0,0,0,0,0,0,0,0,0,0,0,0,0,0,0,0,0,0,0,0,0,0,0,0,0,0,0,0,0,0,0,0,0,0,0,0,0,0,0,0,0,0,0,0,0,0,0,0,0,0,0,0,0,0,0,0,0,0,0,0,0,0,0,0,0,0,0,0,0,0,0,0,0,0,0,0,0,0,0,0,0,0,0,0,0,0,0,0,0,0,0,0,0,0,0,0,0,0,0,0,0,0,0,0,0,0,0,0,0,0,0,0,0,0,0,0,0,0,0,0,0,0,0,0,0,0,0,0,0,0,0,0,0,0,0,0,0,0,0,0,0,0,0,0,0,0,0,0,0,0,0,0,0,0,0,0,0,0,0,0,0,0,0,0,0,0,0,0,0,0,0,0,0,0,0,0,0,0,0,0,0,0,0,0,0,0,0,0,0,0,0,0,0,0,0,0,0,0,0,0,0,0,0,0,0,0,0,0,0,0,0,0,0,0,0,0,0,0,0,0,0,0,0,0,0,0,0,0,0,0,0,0,0,0,0,0,0,0,0,0,0,0,0,0,0,0,0,0,0,0,0,0,0,0,0,0,0,0,0,0,0,0,0,0,0,0,0,0,0,0,0,0,0,0,0,0,0,0,0,0,0,0,0,0,0,0,0,0,0,0,0,0,0,0,0,0,0,0,0,0,0,0,0,0,0,0,0,0,0,0,0,0,0,0,0,0,0,0,0,0,0,0,0,0,0,0,0,0,0,0,0,0,0,0,0,0.0,0.0,0.0,0.0,0.0,0.0,0.0,0.0,0.0,0.0,0.0,0.0,0.0,0.0,0.0,0.0,0.0,0.0,0.0,0.0,0.0,0.0,0.0,0.0,0.0,0.0,0.0,0.0,0.0,0.0,0.0,0.0,0.0,0.0,0.0,0.0,0.0,0.0,0.0,0.0,0.0,0.0,0.0,0.0,0.0,0.0,0.0,0.0,0.0,0.0,0.0,0.0,0.0,0.0,0.0,0.0,0.0,0.0,0.0,0.0,0.0,0.0,0.0,0.0,0.0,0.0,0.0,0.0,0.0,0.0,0.0,0.0,0.0,0.0,0.0,0.0,0.0,0.0,0.0,0.0,0.0,0.0,0.0,0.0,0.0,0.0,0.0,0.0,0.0,0.0,0.0,0.0,0.0,0.0,0.0,0.0,0.0,0.0,0.0,0.0,0.0,0.0,0.0,0.0,0.0,0.0,0.0,0.0,0.0,0.0,0.0,0.0,0.0,0.0,0.0,0.0,0.0,0.0,0.0,0.0,0.0,0.0,0.0,0.0,0.0,0.0,0.0,0.0,0.0,0.0,0.0,0.0,0.0,0.0,0.0,0.0,0.0,0.0,0.0,0.0,0.0,0.0,0.0,0.0,0.0,0.0,0.0,0.0,0.0,0.0,0.0,0.0,0.0,0.0,0.0,0.0,0.0,0.0,0.0,0.0,0.0,0.0,0.0,0.0,0.0,0.0,0.0,0.0,0.0,0.0,0.0,0.0,0.0,0.0,0.0,0.0,0.0,0.0,0.0,0.0,0.0,0.0,0.0,0.0,0.0,0.0,0.0,0.0,0.0,0.0,0.0,0.0,0.0,0.0,0.0,0.0,0.0,0.0,0.0,0.0,0.0,0.0,0.0,0.0,0.0,0.0,0.0,0.0,0.0,0.0,0.0,0.0,0.0,0.0,0.0,0.0,0.0,0.0,0.0,0.0,0.0,0.0,0.0,0.0,0.0,0.0,0.0,0.0,0.0,0.0,0.0,0.0,0.0,0.0,0.0,0.0,0.0,0.0,0.0,0.0,0.0,0.0,0.0,0.0,0.0,0.0,0.0,0.0,0.0,0.0,0.0,0.0,0.0,0.0,0.0,0.0,-1
67,vimeo1,0,stream,131.202.240.150,129.33.205.80,49110,80,6,scs_str_NULL,server_name_str_NULL,0,http_content_type_NULL,http_user_agent_NULL,http_accept_language_NULL,http_server_NULL,http_code_NULL,dns_domain_name_NULL,dns_ttl_NULL,dns_num_ip_NULL,dns_domain_rank_NULL,0,0,0,0,0,0,0,0,0,0,0,0,0,0,0,0,0,0,0,0,0,0,0,0,0,0,0,64,44,0,0,0,0,0,0,0,0,0,0,0,0,0,0,0,0,0,0,0,0,0,0,0,0,0,0,0,0,0,0,0,0,0,0,0,0,0,0,0,0,0,0,0,0,0,0,0,0,0,0,0,0,0,0,0,0,0,0,0,0,0,0,0,0,0,0,0,0,0,0,0,0,0,0,0,0,0,0,0,0,0,0,0,0,0,0,0,0,0,0,0,0,0,0,0,0,0,0,0,0,0,0,0,0,0,0,0,0,0,0,0,0,0,0,0,0,0,0,0,0,0,0,0,0,0,0,0,0,0,0,0,0,0,0,0,0,0,0,0,0,0,0,0,0,0,0,0,0,0,0,0,0,0,0,0,0,0,0,0,0,0,0,0,0,0,0,0,0,0,0,0,0,0,0,0,0,0,0,0,0,0,0,0,0,0,0,0,0,0,0,0,0,0,0,0,0,0,0,0,0,0,0,0,0,0,0,0,0,0,0,0,0,0,0,0,0,0,0,0,0,0,0,0,0,0,0,0,0,0,0,0,0,0,0,0,0,0,0,0,0,0,0,0,0,0,0,0,0,0,0,0,0,0,0,0,0,0,0,0,0,0,0,0,0,0,0,0,0,0,0,0,0,0,0,0,0,0,0,0,0,0,0,0,0,0,0,0,0,0,0,0,0,0,0,0,0,0,0,0,0,0,0,0,0,0,0,0,0,0,0,0,0,0,0,0,0,0,0,0,0,0,0,0,0,0,0,0,0,0,0,0,0,0,0,0,0,0,0,0,0,0,0,0,0,0,0,0,0,0,0,0,0,0,0,0,0,0,0,0,0,0,0,0,0,0,0,0,0,0,0,0,0,0,0,0,0,0,0,0,0,0,0,0,0,0,0,0,0,0,0,0,0,0,0,0,0,0,0,0,0,0.0,0.0,0.0,0.0,0.0,0.0,0.0,0.0,0.0,0.0,0.0,0.0,0.0,0.0,0.0,0.0,0.0,0.0,0.0,0.0,0.0,0.0,0.0,0.0,0.0,0.0,0.0,0.0,0.0,0.0,0.0,0.0,0.0,0.0,0.0,0.0,0.0,0.0,0.0,0.0,0.0,0.0,0.0,0.0,0.0,0.0,0.0,0.0,0.0,0.0,0.0,0.0,0.0,0.0,0.0,0.0,0.0,0.0,0.0,0.0,0.0,0.0,0.0,0.0,0.0,0.0,0.0,0.0,0.0,0.0,0.0,0.0,0.0,0.0,0.0,0.0,0.0,0.0,0.0,0.0,0.0,0.0,0.0,0.0,0.0,0.0,0.0,0.0,0.0,0.0,0.0,0.0,0.0,0.0,0.0,0.0,0.0,0.0,0.0,0.0,0.0,0.0,0.0,0.0,0.0,0.0,0.0,0.0,0.0,0.0,0.0,0.0,0.0,0.0,0.0,0.0,0.0,0.0,0.0,0.0,0.0,0.0,0.0,0.0,0.0,0.0,0.0,0.0,0.0,0.0,0.0,0.0,0.0,0.0,0.0,0.0,0.0,0.0,0.0,0.0,0.0,0.0,0.0,0.0,0.0,0.0,0.0,0.0,0.0,0.0,0.0,0.0,0.0,0.0,0.0,0.0,0.0,0.0,0.0,0.0,0.0,0.0,0.0,0.0,0.0,0.0,0.0,0.0,0.0,0.0,0.0,0.0,0.0,0.0,0.0,0.0,0.0,0.0,0.0,0.0,0.0,0.0,0.0,0.0,0.0,0.0,0.0,0.0,0.0,0.0,0.0,0.0,0.0,0.0,0.0,0.0,0.0,0.0,0.0,0.0,0.0,0.0,0.0,0.0,0.0,0.0,0.0,0.0,0.0,0.0,0.0,0.0,0.0,0.0,0.0,0.0,0.0,0.0,0.0,0.0,0.0,0.0,0.0,0.0,0.0,0.0,0.0,0.0,0.0,0.0,0.0,0.0,0.0,0.0,0.0,0.0,0.0,0.0,0.0,0.0,0.0,0.0,0.0,0.0,0.0,0.0,0.0,0.0,0.0,0.0,0.0,0.0,0.0,0.0,0.0,0.0,-1
68,vimeo1,0,stream,131.202.240.150,129.33.205.80,49107,80,6,scs_str_NULL,server_name_str_NULL,0,http_content_type_NULL,http_user_agent_NULL,http_accept_language_NULL,http_server_NULL,http_code_NULL,dns_domain_name_NULL,dns_ttl_NULL,dns_num_ip_NULL,dns_domain_rank_NULL,0,0,0,0,0,0,0,0,0,0,0,0,0,0,0,0,0,0,0,0,0,0,0,0,0,0,0,64,44,0,0,0,0,0,0,0,0,0,0,0,0,0,0,0,0,0,0,0,0,0,0,0,0,0,0,0,0,0,0,0,0,0,0,0,0,0,0,0,0,0,0,0,0,0,0,0,0,0,0,0,0,0,0,0,0,0,0,0,0,0,0,0,0,0,0,0,0,0,0,0,0,0,0,0,0,0,0,0,0,0,0,0,0,0,0,0,0,0,0,0,0,0,0,0,0,0,0,0,0,0,0,0,0,0,0,0,0,0,0,0,0,0,0,0,0,0,0,0,0,0,0,0,0,0,0,0,0,0,0,0,0,0,0,0,0,0,0,0,0,0,0,0,0,0,0,0,0,0,0,0,0,0,0,0,0,0,0,0,0,0,0,0,0,0,0,0,0,0,0,0,0,0,0,0,0,0,0,0,0,0,0,0,0,0,0,0,0,0,0,0,0,0,0,0,0,0,0,0,0,0,0,0,0,0,0,0,0,0,0,0,0,0,0,0,0,0,0,0,0,0,0,0,0,0,0,0,0,0,0,0,0,0,0,0,0,0,0,0,0,0,0,0,0,0,0,0,0,0,0,0,0,0,0,0,0,0,0,0,0,0,0,0,0,0,0,0,0,0,0,0,0,0,0,0,0,0,0,0,0,0,0,0,0,0,0,0,0,0,0,0,0,0,0,0,0,0,0,0,0,0,0,0,0,0,0,0,0,0,0,0,0,0,0,0,0,0,0,0,0,0,0,0,0,0,0,0,0,0,0,0,0,0,0,0,0,0,0,0,0,0,0,0,0,0,0,0,0,0,0,0,0,0,0,0,0,0,0,0,0,0,0,0,0,0,0,0,0,0,0,0,0,0,0,0,0,0,0,0,0,0,0,0,0,0,0,0,0,0,0,0,0,0,0,0,0,0,0,0,0,0.0,0.0,0.0,0.0,0.0,0.0,0.0,0.0,0.0,0.0,0.0,0.0,0.0,0.0,0.0,0.0,0.0,0.0,0.0,0.0,0.0,0.0,0.0,0.0,0.0,0.0,0.0,0.0,0.0,0.0,0.0,0.0,0.0,0.0,0.0,0.0,0.0,0.0,0.0,0.0,0.0,0.0,0.0,0.0,0.0,0.0,0.0,0.0,0.0,0.0,0.0,0.0,0.0,0.0,0.0,0.0,0.0,0.0,0.0,0.0,0.0,0.0,0.0,0.0,0.0,0.0,0.0,0.0,0.0,0.0,0.0,0.0,0.0,0.0,0.0,0.0,0.0,0.0,0.0,0.0,0.0,0.0,0.0,0.0,0.0,0.0,0.0,0.0,0.0,0.0,0.0,0.0,0.0,0.0,0.0,0.0,0.0,0.0,0.0,0.0,0.0,0.0,0.0,0.0,0.0,0.0,0.0,0.0,0.0,0.0,0.0,0.0,0.0,0.0,0.0,0.0,0.0,0.0,0.0,0.0,0.0,0.0,0.0,0.0,0.0,0.0,0.0,0.0,0.0,0.0,0.0,0.0,0.0,0.0,0.0,0.0,0.0,0.0,0.0,0.0,0.0,0.0,0.0,0.0,0.0,0.0,0.0,0.0,0.0,0.0,0.0,0.0,0.0,0.0,0.0,0.0,0.0,0.0,0.0,0.0,0.0,0.0,0.0,0.0,0.0,0.0,0.0,0.0,0.0,0.0,0.0,0.0,0.0,0.0,0.0,0.0,0.0,0.0,0.0,0.0,0.0,0.0,0.0,0.0,0.0,0.0,0.0,0.0,0.0,0.0,0.0,0.0,0.0,0.0,0.0,0.0,0.0,0.0,0.0,0.0,0.0,0.0,0.0,0.0,0.0,0.0,0.0,0.0,0.0,0.0,0.0,0.0,0.0,0.0,0.0,0.0,0.0,0.0,0.0,0.0,0.0,0.0,0.0,0.0,0.0,0.0,0.0,0.0,0.0,0.0,0.0,0.0,0.0,0.0,0.0,0.0,0.0,0.0,0.0,0.0,0.0,0.0,0.0,0.0,0.0,0.0,0.0,0.0,0.0,0.0,0.0,0.0,0.0,0.0,0.0,0.0,-1
69,vimeo1,0,stream,131.202.240.150,23.78.235.219,55187,443,6,scs_str_NULL,server_name_str_NULL,0,http_content_type_NULL,http_user_agent_NULL,http_accept_language_NULL,http_server_NULL,http_code_NULL,dns_domain_name_NULL,dns_ttl_NULL,dns_num_ip_NULL,dns_domain_rank_NULL,0,0,0,0,0,0,0,0,0,0,0,0,0,0,0,0,0,0,0,0,0,0,0,0,0,0,0,64,48,0,0,0,0,0,0,0,0,0,0,0,0,0,0,0,0,0,0,0,0,0,0,0,0,0,0,0,0,0,0,0,0,0,0,0,0,0,0,0,0,0,0,0,0,0,0,0,0,0,0,0,0,0,0,0,0,0,0,0,0,0,0,0,0,0,0,0,0,0,0,0,0,0,0,0,0,0,0,0,0,0,0,0,0,0,0,0,0,0,0,0,0,0,0,0,0,0,0,0,0,0,0,0,0,0,0,0,0,0,0,0,0,0,0,0,0,0,0,0,0,0,0,0,0,0,0,0,0,0,0,0,0,0,0,0,0,0,0,0,0,0,0,0,0,0,0,0,0,0,0,0,0,0,0,0,0,0,0,0,0,0,0,0,0,0,0,0,0,0,0,0,0,0,0,0,0,0,0,0,0,0,0,0,0,0,0,0,0,0,0,0,0,0,0,0,0,0,0,0,0,0,0,0,0,0,0,0,0,0,0,0,0,0,0,0,0,0,0,0,0,0,0,0,0,0,0,0,0,0,0,0,0,0,0,0,0,0,0,0,0,0,0,0,0,0,0,0,0,0,0,0,0,0,0,0,0,0,0,0,0,0,0,0,0,0,0,0,0,0,0,0,0,0,0,0,0,0,0,0,0,0,0,0,0,0,0,0,0,0,0,0,0,0,0,0,0,0,0,0,0,0,0,0,0,0,0,0,0,0,0,0,0,0,0,0,0,0,0,0,0,0,0,0,0,0,0,0,0,0,0,0,0,0,0,0,0,0,0,0,0,0,0,0,0,0,0,0,0,0,0,0,0,0,0,0,0,0,0,0,0,0,0,0,0,0,0,0,0,0,0,0,0,0,0,0,0,0,0,0,0,0,0,0,0,0,0,0,0,0,0,0,0,0,0,0,0,0,0,0,0,0.0,0.0,0.0,0.0,0.0,0.0,0.0,0.0,0.0,0.0,0.0,0.0,0.0,0.0,0.0,0.0,0.0,0.0,0.0,0.0,0.0,0.0,0.0,0.0,0.0,0.0,0.0,0.0,0.0,0.0,0.0,0.0,0.0,0.0,0.0,0.0,0.0,0.0,0.0,0.0,0.0,0.0,0.0,0.0,0.0,0.0,0.0,0.0,0.0,0.0,0.0,0.0,0.0,0.0,0.0,0.0,0.0,0.0,0.0,0.0,0.0,0.0,0.0,0.0,0.0,0.0,0.0,0.0,0.0,0.0,0.0,0.0,0.0,0.0,0.0,0.0,0.0,0.0,0.0,0.0,0.0,0.0,0.0,0.0,0.0,0.0,0.0,0.0,0.0,0.0,0.0,0.0,0.0,0.0,0.0,0.0,0.0,0.0,0.0,0.0,0.0,0.0,0.0,0.0,0.0,0.0,0.0,0.0,0.0,0.0,0.0,0.0,0.0,0.0,0.0,0.0,0.0,0.0,0.0,0.0,0.0,0.0,0.0,0.0,0.0,0.0,0.0,0.0,0.0,0.0,0.0,0.0,0.0,0.0,0.0,0.0,0.0,0.0,0.0,0.0,0.0,0.0,0.0,0.0,0.0,0.0,0.0,0.0,0.0,0.0,0.0,0.0,0.0,0.0,0.0,0.0,0.0,0.0,0.0,0.0,0.0,0.0,0.0,0.0,0.0,0.0,0.0,0.0,0.0,0.0,0.0,0.0,0.0,0.0,0.0,0.0,0.0,0.0,0.0,0.0,0.0,0.0,0.0,0.0,0.0,0.0,0.0,0.0,0.0,0.0,0.0,0.0,0.0,0.0,0.0,0.0,0.0,0.0,0.0,0.0,0.0,0.0,0.0,0.0,0.0,0.0,0.0,0.0,0.0,0.0,0.0,0.0,0.0,0.0,0.0,0.0,0.0,0.0,0.0,0.0,0.0,0.0,0.0,0.0,0.0,0.0,0.0,0.0,0.0,0.0,0.0,0.0,0.0,0.0,0.0,0.0,0.0,0.0,0.0,0.0,0.0,0.0,0.0,0.0,0.0,0.0,0.0,0.0,0.0,0.0,0.0,0.0,0.0,0.0,0.0,0.0,-1
70,vimeo1,0,stream,131.202.240.150,54.228.192.28,53031,80,6,scs_str_NULL,server_name_str_NULL,0,http_content_type_NULL,http_user_agent_NULL,http_accept_language_NULL,http_server_NULL,http_code_NULL,dns_domain_name_NULL,dns_ttl_NULL,dns_num_ip_NULL,dns_domain_rank_NULL,0,0,0,0,0,0,0,0,0,0,0,0,0,0,0,0,0,0,0,0,0,0,0,0,0,0,0,64,29,0,0,0,0,0,0,0,0,0,0,0,0,0,0,0,0,0,0,0,0,0,0,0,0,0,0,0,0,0,0,0,0,0,0,0,0,0,0,0,0,0,0,0,0,0,0,0,0,0,0,0,0,0,0,0,0,0,0,0,0,0,0,0,0,0,0,0,0,0,0,0,0,0,0,0,0,0,0,0,0,0,0,0,0,0,0,0,0,0,0,0,0,0,0,0,0,0,0,0,0,0,0,0,0,0,0,0,0,0,0,0,0,0,0,0,0,0,0,0,0,0,0,0,0,0,0,0,0,0,0,0,0,0,0,0,0,0,0,0,0,0,0,0,0,0,0,0,0,0,0,0,0,0,0,0,0,0,0,0,0,0,0,0,0,0,0,0,0,0,0,0,0,0,0,0,0,0,0,0,0,0,0,0,0,0,0,0,0,0,0,0,0,0,0,0,0,0,0,0,0,0,0,0,0,0,0,0,0,0,0,0,0,0,0,0,0,0,0,0,0,0,0,0,0,0,0,0,0,0,0,0,0,0,0,0,0,0,0,0,0,0,0,0,0,0,0,0,0,0,0,0,0,0,0,0,0,0,0,0,0,0,0,0,0,0,0,0,0,0,0,0,0,0,0,0,0,0,0,0,0,0,0,0,0,0,0,0,0,0,0,0,0,0,0,0,0,0,0,0,0,0,0,0,0,0,0,0,0,0,0,0,0,0,0,0,0,0,0,0,0,0,0,0,0,0,0,0,0,0,0,0,0,0,0,0,0,0,0,0,0,0,0,0,0,0,0,0,0,0,0,0,0,0,0,0,0,0,0,0,0,0,0,0,0,0,0,0,0,0,0,0,0,0,0,0,0,0,0,0,0,0,0,0,0,0,0,0,0,0,0,0,0,0,0,0,0,0,0,0,0,0.0,0.0,0.0,0.0,0.0,0.0,0.0,0.0,0.0,0.0,0.0,0.0,0.0,0.0,0.0,0.0,0.0,0.0,0.0,0.0,0.0,0.0,0.0,0.0,0.0,0.0,0.0,0.0,0.0,0.0,0.0,0.0,0.0,0.0,0.0,0.0,0.0,0.0,0.0,0.0,0.0,0.0,0.0,0.0,0.0,0.0,0.0,0.0,0.0,0.0,0.0,0.0,0.0,0.0,0.0,0.0,0.0,0.0,0.0,0.0,0.0,0.0,0.0,0.0,0.0,0.0,0.0,0.0,0.0,0.0,0.0,0.0,0.0,0.0,0.0,0.0,0.0,0.0,0.0,0.0,0.0,0.0,0.0,0.0,0.0,0.0,0.0,0.0,0.0,0.0,0.0,0.0,0.0,0.0,0.0,0.0,0.0,0.0,0.0,0.0,0.0,0.0,0.0,0.0,0.0,0.0,0.0,0.0,0.0,0.0,0.0,0.0,0.0,0.0,0.0,0.0,0.0,0.0,0.0,0.0,0.0,0.0,0.0,0.0,0.0,0.0,0.0,0.0,0.0,0.0,0.0,0.0,0.0,0.0,0.0,0.0,0.0,0.0,0.0,0.0,0.0,0.0,0.0,0.0,0.0,0.0,0.0,0.0,0.0,0.0,0.0,0.0,0.0,0.0,0.0,0.0,0.0,0.0,0.0,0.0,0.0,0.0,0.0,0.0,0.0,0.0,0.0,0.0,0.0,0.0,0.0,0.0,0.0,0.0,0.0,0.0,0.0,0.0,0.0,0.0,0.0,0.0,0.0,0.0,0.0,0.0,0.0,0.0,0.0,0.0,0.0,0.0,0.0,0.0,0.0,0.0,0.0,0.0,0.0,0.0,0.0,0.0,0.0,0.0,0.0,0.0,0.0,0.0,0.0,0.0,0.0,0.0,0.0,0.0,0.0,0.0,0.0,0.0,0.0,0.0,0.0,0.0,0.0,0.0,0.0,0.0,0.0,0.0,0.0,0.0,0.0,0.0,0.0,0.0,0.0,0.0,0.0,0.0,0.0,0.0,0.0,0.0,0.0,0.0,0.0,0.0,0.0,0.0,0.0,0.0,0.0,0.0,0.0,0.0,0.0,0.0,-1
71,vimeo1,0,stream,131.202.240.150,54.228.192.28,53025,80,6,scs_str_NULL,server_name_str_NULL,0,http_content_type_NULL,http_user_agent_NULL,http_accept_language_NULL,http_server_NULL,http_code_NULL,dns_domain_name_NULL,dns_ttl_NULL,dns_num_ip_NULL,dns_domain_rank_NULL,0,0,0,0,0,0,0,0,0,0,0,0,0,0,0,0,0,0,0,0,0,0,0,0,0,0,0,64,28,0,0,0,0,0,0,0,0,0,0,0,0,0,0,0,0,0,0,0,0,0,0,0,0,0,0,0,0,0,0,0,0,0,0,0,0,0,0,0,0,0,0,0,0,0,0,0,0,0,0,0,0,0,0,0,0,0,0,0,0,0,0,0,0,0,0,0,0,0,0,0,0,0,0,0,0,0,0,0,0,0,0,0,0,0,0,0,0,0,0,0,0,0,0,0,0,0,0,0,0,0,0,0,0,0,0,0,0,0,0,0,0,0,0,0,0,0,0,0,0,0,0,0,0,0,0,0,0,0,0,0,0,0,0,0,0,0,0,0,0,0,0,0,0,0,0,0,0,0,0,0,0,0,0,0,0,0,0,0,0,0,0,0,0,0,0,0,0,0,0,0,0,0,0,0,0,0,0,0,0,0,0,0,0,0,0,0,0,0,0,0,0,0,0,0,0,0,0,0,0,0,0,0,0,0,0,0,0,0,0,0,0,0,0,0,0,0,0,0,0,0,0,0,0,0,0,0,0,0,0,0,0,0,0,0,0,0,0,0,0,0,0,0,0,0,0,0,0,0,0,0,0,0,0,0,0,0,0,0,0,0,0,0,0,0,0,0,0,0,0,0,0,0,0,0,0,0,0,0,0,0,0,0,0,0,0,0,0,0,0,0,0,0,0,0,0,0,0,0,0,0,0,0,0,0,0,0,0,0,0,0,0,0,0,0,0,0,0,0,0,0,0,0,0,0,0,0,0,0,0,0,0,0,0,0,0,0,0,0,0,0,0,0,0,0,0,0,0,0,0,0,0,0,0,0,0,0,0,0,0,0,0,0,0,0,0,0,0,0,0,0,0,0,0,0,0,0,0,0,0,0,0,0,0,0,0,0,0,0,0,0,0,0,0,0,0,0,0,0,0,0.0,0.0,0.0,0.0,0.0,0.0,0.0,0.0,0.0,0.0,0.0,0.0,0.0,0.0,0.0,0.0,0.0,0.0,0.0,0.0,0.0,0.0,0.0,0.0,0.0,0.0,0.0,0.0,0.0,0.0,0.0,0.0,0.0,0.0,0.0,0.0,0.0,0.0,0.0,0.0,0.0,0.0,0.0,0.0,0.0,0.0,0.0,0.0,0.0,0.0,0.0,0.0,0.0,0.0,0.0,0.0,0.0,0.0,0.0,0.0,0.0,0.0,0.0,0.0,0.0,0.0,0.0,0.0,0.0,0.0,0.0,0.0,0.0,0.0,0.0,0.0,0.0,0.0,0.0,0.0,0.0,0.0,0.0,0.0,0.0,0.0,0.0,0.0,0.0,0.0,0.0,0.0,0.0,0.0,0.0,0.0,0.0,0.0,0.0,0.0,0.0,0.0,0.0,0.0,0.0,0.0,0.0,0.0,0.0,0.0,0.0,0.0,0.0,0.0,0.0,0.0,0.0,0.0,0.0,0.0,0.0,0.0,0.0,0.0,0.0,0.0,0.0,0.0,0.0,0.0,0.0,0.0,0.0,0.0,0.0,0.0,0.0,0.0,0.0,0.0,0.0,0.0,0.0,0.0,0.0,0.0,0.0,0.0,0.0,0.0,0.0,0.0,0.0,0.0,0.0,0.0,0.0,0.0,0.0,0.0,0.0,0.0,0.0,0.0,0.0,0.0,0.0,0.0,0.0,0.0,0.0,0.0,0.0,0.0,0.0,0.0,0.0,0.0,0.0,0.0,0.0,0.0,0.0,0.0,0.0,0.0,0.0,0.0,0.0,0.0,0.0,0.0,0.0,0.0,0.0,0.0,0.0,0.0,0.0,0.0,0.0,0.0,0.0,0.0,0.0,0.0,0.0,0.0,0.0,0.0,0.0,0.0,0.0,0.0,0.0,0.0,0.0,0.0,0.0,0.0,0.0,0.0,0.0,0.0,0.0,0.0,0.0,0.0,0.0,0.0,0.0,0.0,0.0,0.0,0.0,0.0,0.0,0.0,0.0,0.0,0.0,0.0,0.0,0.0,0.0,0.0,0.0,0.0,0.0,0.0,0.0,0.0,0.0,0.0,0.0,0.0,-1
72,vimeo1,0,stream,131.202.240.150,131.202.243.255,138,138,17,scs_str_NULL,server_name_str_NULL,0,http_content_type_NULL,http_user_agent_NULL,http_accept_language_NULL,http_server_NULL,http_code_NULL,dns_domain_name_NULL,dns_ttl_NULL,dns_num_ip_NULL,dns_domain_rank_NULL,191.0,0.0,0,0,0,1,0,191,0,191,191,0,0,0,0.0,0,0,0,0,0,0,0,0,0,0,0,0,64,0,0,0,0,0,0,0,0,0,0,0,0,0,0,0,0,0,0,0,0,0,0,0,0,0,0,0,0,0,0,0,0,0,0,0,0,0,0,0,0,0,0,0,0,0,0,0,0,0,0,0,0,0,0,0,0,0,0,0,0,0,0,0,0,0,0,0,0,0,0,0,0,0,0,0,0,0,0,0,0,0,0,0,0,0,0,0,0,0,0,0,0,0,0,0,0,0,0,0,0,0,0,0,0,0,0,0,0,0,0,0,0,0,0,0,0,0,0,0,0,0,0,0,0,0,0,0,0,0,0,0,0,0,0,0,0,0,0,0,0,0,0,0,0,0,0,0,0,0,0,0,0,0,0,0,0,0,0,0,0,0,0,0,0,0,0,0,0,0,0,0,0,0,0,0,0,0,0,0,0,0,0,0,0,0,0,0,0,0,0,0,0,0,0,0,0,0,0,0,0,0,0,0,0,0,0,0,0,0,0,0,0,0,0,0,0,0,0,0,0,0,0,0,0,0,0,0,0,0,0,0,0,0,0,0,0,0,0,0,0,0,0,0,0,0,0,0,0,0,0,0,0,0,0,0,0,0,0,0,0,0,0,0,0,0,0,0,0,0,0,0,0,0,0,0,0,0,0,0,0,0,0,0,0,0,0,0,0,0,0,0,0,0,0,0,0,0,0,0,0,0,0,0,0,0,0,0,0,0,0,0,0,0,0,0,0,0,0,0,0,0,0,0,0,0,0,0,0,0,0,0,0,0,0,0,0,0,0,0,0,0,0,0,0,0,0,0,0,0,0,0,0,0,0,0,0,0,0,0,0,0,0,0,0,0,0,0,0,0,0,0,0,0,0,0,0,0,0,0,0,0,0,0,0,0,0,0,0,0,0,0,0,0,0,0,0,0,0,0,0,0,0.3507853403141361,0.020942408376963352,0.010471204188481676,0.005235602094240838,0.005235602094240838,0.0,0.0,0.0,0.005235602094240838,0.0,0.005235602094240838,0.0,0.0,0.0,0.0,0.005235602094240838,0.0,0.010471204188481676,0.0,0.0,0.005235602094240838,0.0,0.0,0.010471204188481676,0.0,0.0,0.0,0.0,0.0,0.0,0.0,0.0,0.010471204188481676,0.0,0.0,0.0,0.0,0.005235602094240838,0.0,0.0,0.005235602094240838,0.0,0.0,0.0,0.0,0.0,0.0,0.0,0.010471204188481676,0.015706806282722512,0.005235602094240838,0.0,0.0,0.0,0.0,0.0,0.0,0.0,0.0,0.0,0.0,0.0,0.0,0.0,0.0,0.09947643979057591,0.02617801047120419,0.08376963350785341,0.02617801047120419,0.04712041884816754,0.03664921465968586,0.005235602094240838,0.015706806282722512,0.005235602094240838,0.0,0.0,0.015706806282722512,0.015706806282722512,0.005235602094240838,0.015706806282722512,0.010471204188481676,0.0,0.005235602094240838,0.015706806282722512,0.005235602094240838,0.0,0.005235602094240838,0.005235602094240838,0.0,0.0,0.0,0.0,0.010471204188481676,0.0,0.0,0.0,0.0,0.0,0.0,0.0,0.0,0.0,0.0,0.0,0.0,0.0,0.0,0.0,0.0,0.0,0.0,0.0,0.0,0.0,0.0,0.0,0.0,0.0,0.005235602094240838,0.0,0.0,0.0,0.0,0.005235602094240838,0.0,0.0,0.0,0.0,0.005235602094240838,0.0,0.0,0.005235602094240838,0.0,0.0,0.0,0.0,0.0,0.0,0.005235602094240838,0.0,0.0,0.0,0.0,0.0,0.0,0.0,0.0,0.0,0.0,0.0,0.005235602094240838,0.0,0.0,0.0,0.0,0.0,0.0,0.0,0.0,0.0,0.0,0.0,0.0,0.0,0.0,0.0,0.0,0.0,0.0,0.0,0.0,0.0,0.0,0.0,0.0,0.0,0.0,0.005235602094240838,0.0,0.0,0.0,0.0,0.0,0.0,0.0,0.0,0.0,0.0,0.0,0.0,0.0,0.0,0.0,0.0,0.0,0.0,0.0,0.0,0.0,0.0,0.0,0.0,0.005235602094240838,0.0,0.0,0.0,0.0,0.0,0.0,0.0,0.005235602094240838,0.0,0.0,0.0,0.0,0.0,0.0,0.0,0.0,0.0,0.0,0.0,0.0,0.0,0.0,0.0,0.0,0.0,0.0,0.0,0.0,0.0,0.0,0.0,0.0,0.0,0.0,0.0,0.0,0.0,0.005235602094240838,0.0,0.0,0.0,0.0,0.0,0.0,0.0,0.0,0.0,0.0,0.0,0.0,0.0,0.0,0.005235602094240838,4.053511
73,vimeo1,0,stream,131.202.240.150,131.202.244.3,44408,53,17,scs_str_NULL,server_name_str_NULL,0,http_content_type_NULL,http_user_agent_NULL,http_accept_language_NULL,http_server_NULL,http_code_NULL,dns_domain_name_NULL,dns_ttl_NULL,dns_num_ip_NULL,dns_domain_rank_NULL,38.0,0.0,238.0,0.0,86,1,1,38,238,38,38,238,238,3.2093023255813953,0.0,0,86.0,0.0,0,86,0,0,86,86,0,0.011627906976744186,0.023255813953488372,64,63,0.0,0.0,0.0,0.0,0.0,0.0,0.0,0.0,0.0,0.0,0.0,0.0,0.0,0.0,0.0,0.0,0.0,0.0,0.0,0.0,0.0,0.0,0.0,0.0,0.0,0.0,0.0,0.0,0.0,0.0,0.0,0.0,0.0,0.0,0.0,0.0,0.0,0.0,0.0,0.0,0.0,0.0,0.0,0.0,0.0,0.0,0.0,0.0,0.0,0.0,0.0,0.0,0.0,0.0,0.0,0.0,0.0,0.0,0.0,0.0,0.0,0.0,0.0,0.0,0.0,0.0,0.0,0.0,0.0,0.0,0.0,0.0,0.0,0.0,0.0,0.0,0.0,0.0,0.0,0.0,0.0,0.0,0.0,0.0,0.0,0.0,0.0,0.0,0.0,0.0,0.0,0.0,0.0,0.0,0.0,0.0,0.0,0.0,0.0,0.0,0.0,0.0,0.0,0.0,0.0,0.0,0.0,0.0,0.0,0.0,0.0,0.0,0.0,0.0,0.0,0.0,0.0,0.0,0.0,0.0,0.0,0.0,0.0,0.0,0.0,0.0,0.0,0.0,0.0,0.0,0.0,0.0,0.0,0.0,0.0,0.0,0.0,0.0,0.0,0.0,0.0,0.0,0.0,0.0,0.0,0.0,0.0,0.0,0.0,0.0,0.0,0.0,0.0,0.0,0.0,0.0,0.0,0.0,0.0,0.0,0.0,0.0,0.0,0.0,0.0,0.0,0.0,0.0,0.0,0.0,0.0,0.0,0.0,0.0,0.0,0.0,0.0,0.0,0.0,0.0,0.0,0.0,0.0,0.0,0.0,0.0,0.0,0.0,0.0,0.0,0.0,0.0,0.0,0.0,0.0,0.0,0.0,0.0,0.0,0.0,0.0,0.0,0.0,0.0,0.0,0.0,0.0,0.0,0.0,0.0,0.0,0.0,0.0,0.0,0.0,0.0,0.0,0.0,0.0,0.0,1.0,0.0,0.0,0.0,0.0,0.0,0.0,0.0,0.0,0.0,0.0,0.0,0.0,0.0,0.0,0.0,0.0,0.0,0.0,0.0,0.0,0.0,0.0,0.0,0.0,0.0,0.0,0.0,0.0,0.0,0.0,0.0,0.0,0.0,0.0,0.0,0.0,0.0,0.0,0.0,0.0,0.0,0.0,0.0,0.0,0.0,0.0,0.0,0.0,0.0,0.0,0.0,0.0,0.0,0.0,0.0,0.0,0.0,0.0,0.0,0.0,0.0,0.0,0.0,0.0,0.0,0.0,0.0,0.0,0.0,0.0,0.0,0.0,0.0,0.0,0.0,0.0,0.0,0.0,0.0,0.0,0.0,0.0,0.0,0.0,0.0,0.0,0.0,0.0,0.0,0.0,0.0,0.0,0.0,0.0,0.0,0.0,0.0,0.0,0.0,0.0,0.0,0.0,0.0,0.0,0.0,0.0,0.0,0.0,0.0,0.0,0.0,0.0,0.0,0.0,0.0,0.0,0.0,0.0,0.0,0.0,0.0,0.0,0.0,0.0,0.0,0.0,0.0,0.0,0.0,0.0,0.0,0.0,0.0,0.0,0.0,0.0,0.0,0.0,0.0,0.0,0.0,0.0,0.0,0.0,0.0,0.0,0.0,0.0,0.0,0.0,0.0,0.0,0.0,0.0,0.0,0.0,0.0,0.0,0.0,0.0,0.0,0.0,0.0,0.0,0.0,0.0,0.0,0.0,0.0,0.0,0.0,0.0,0.0,0.0,0.0,0.0,0.0,0.0,0.0,0.2246376811594203,0.11594202898550725,0.018115942028985508,0.028985507246376812,0.03985507246376811,0.0036231884057971015,0.018115942028985508,0.007246376811594203,0.007246376811594203,0.0,0.0036231884057971015,0.0,0.0036231884057971015,0.007246376811594203,0.0,0.0,0.0,0.0036231884057971015,0.0,0.0,0.0,0.0,0.0,0.0036231884057971015,0.0,0.0036231884057971015,0.0,0.0,0.014492753623188406,0.0,0.0036231884057971015,0.0,0.0,0.028985507246376812,0.0,0.0,0.0,0.0,0.0,0.0,0.0036231884057971015,0.0,0.0,0.0,0.0036231884057971015,0.0036231884057971015,0.0,0.0,0.0036231884057971015,0.0036231884057971015,0.007246376811594203,0.018115942028985508,0.007246376811594203,0.0,0.0,0.0,0.0,0.0,0.0,0.0,0.0,0.0,0.0,0.014492753623188406,0.0,0.0,0.0,0.0,0.0,0.0,0.007246376811594203,0.0036231884057971015,0.0,0.0,0.0,0.0,0.0,0.007246376811594203,0.007246376811594203,0.0,0.0,0.007246376811594203,0.0,0.0,0.0,0.0,0.0,0.0,0.0,0.0,0.0,0.0,0.0,0.0,0.0,0.0,0.0,0.007246376811594203,0.007246376811594203,0.018115942028985508,0.010869565217391304,0.028985507246376812,0.010869565217391304,0.007246376811594203,0.0,0.007246376811594203,0.0,0.010869565217391304,0.021739130434782608,0.014492753623188406,0.036231884057971016,0.018115942028985508,0.0036231884057971015,0.0,0.007246376811594203,0.03260869565217391,0.010869565217391304,0.0,0.007246376811594203,0.0,0.0,0.007246376811594203,0.0,0.0,0.0,0.0,0.0,0.0,0.0036231884057971015,0.0036231884057971015,0.0,0.0,0.0036231884057971015,0.0,0.0,0.0,0.0,0.0,0.0,0.0,0.0,0.0,0.0,0.0036231884057971015,0.0,0.0,0.0,0.0,0.0,0.0,0.0036231884057971015,0.0,0.0,0.0,0.0,0.0,0.0,0.0,0.0,0.0,0.0,0.0,0.0,0.0,0.0,0.0,0.0,0.0,0.0036231884057971015,0.0,0.0,0.0,0.0,0.0,0.0,0.0,0.0,0.0,0.0,0.0,0.0,0.0,0.0,0.0,0.0,0.0,0.0,0.0,0.0,0.0,0.0,0.0,0.050724637681159424,0.0,0.0,0.0,0.0,0.0,0.0,0.0,0.0,0.0,0.0,0.0,0.007246376811594203,0.0,0.0,0.0,0.007246376811594203,0.0,0.0,0.0,0.0,0.0,0.0,0.0,0.0,0.0,0.0,0.0,0.0,0.0,0.0,0.0,0.0,0.0,0.0,0.0,0.0,0.0,0.0,0.0,0.0,0.0,0.0,0.0036231884057971015,0.0,0.0,0.0,0.0,0.0,0.0,0.0,0.0,0.0,0.0,0.0,0.0,0.0,0.0,0.0036231884057971015,0.0036231884057971015,0.0,0.0,0.0,0.0,4.822864
74,vimeo1,0,stream,131.202.240.150,131.202.244.5,44408,53,17,scs_str_NULL,server_name_str_NULL,0,http_content_type_NULL,http_user_agent_NULL,http_accept_language_NULL,http_server_NULL,http_code_NULL,dns_domain_name_NULL,dns_ttl_NULL,dns_num_ip_NULL,dns_domain_rank_NULL,38.0,0.0,238.0,0.0,86,1,1,38,238,38,38,238,238,3.2093023255813953,0.0,0,86.0,0.0,0,86,0,0,86,86,0,0.011627906976744186,0.023255813953488372,64,63,0.0,0.0,0.0,0.0,0.0,0.0,0.0,0.0,0.0,0.0,0.0,0.0,0.0,0.0,0.0,0.0,0.0,0.0,0.0,0.0,0.0,0.0,0.0,0.0,0.0,0.0,0.0,0.0,0.0,0.0,0.0,0.0,0.0,0.0,0.0,0.0,0.0,0.0,0.0,0.0,0.0,0.0,0.0,0.0,0.0,0.0,0.0,0.0,0.0,0.0,0.0,0.0,0.0,0.0,0.0,0.0,0.0,0.0,0.0,0.0,0.0,0.0,0.0,0.0,0.0,0.0,0.0,0.0,0.0,0.0,0.0,0.0,0.0,0.0,0.0,0.0,0.0,0.0,0.0,0.0,0.0,0.0,0.0,0.0,0.0,0.0,0.0,0.0,0.0,0.0,0.0,0.0,0.0,0.0,0.0,0.0,0.0,0.0,0.0,0.0,0.0,0.0,0.0,0.0,0.0,0.0,0.0,0.0,0.0,0.0,0.0,0.0,0.0,0.0,0.0,0.0,0.0,0.0,0.0,0.0,0.0,0.0,0.0,0.0,0.0,0.0,0.0,0.0,0.0,0.0,0.0,0.0,0.0,0.0,0.0,0.0,0.0,0.0,0.0,0.0,0.0,0.0,0.0,0.0,0.0,0.0,0.0,0.0,0.0,0.0,0.0,0.0,0.0,0.0,0.0,0.0,0.0,0.0,0.0,0.0,0.0,0.0,0.0,0.0,0.0,0.0,0.0,0.0,0.0,0.0,0.0,0.0,0.0,0.0,0.0,0.0,0.0,0.0,0.0,0.0,0.0,0.0,0.0,0.0,0.0,0.0,0.0,0.0,0.0,0.0,0.0,0.0,0.0,0.0,0.0,0.0,0.0,0.0,0.0,0.0,0.0,0.0,0.0,0.0,0.0,0.0,0.0,0.0,0.0,0.0,0.0,0.0,0.0,0.0,0.0,0.0,0.0,0.0,0.0,0.0,1.0,0.0,0.0,0.0,0.0,0.0,0.0,0.0,0.0,0.0,0.0,0.0,0.0,0.0,0.0,0.0,0.0,0.0,0.0,0.0,0.0,0.0,0.0,0.0,0.0,0.0,0.0,0.0,0.0,0.0,0.0,0.0,0.0,0.0,0.0,0.0,0.0,0.0,0.0,0.0,0.0,0.0,0.0,0.0,0.0,0.0,0.0,0.0,0.0,0.0,0.0,0.0,0.0,0.0,0.0,0.0,0.0,0.0,0.0,0.0,0.0,0.0,0.0,0.0,0.0,0.0,0.0,0.0,0.0,0.0,0.0,0.0,0.0,0.0,0.0,0.0,0.0,0.0,0.0,0.0,0.0,0.0,0.0,0.0,0.0,0.0,0.0,0.0,0.0,0.0,0.0,0.0,0.0,0.0,0.0,0.0,0.0,0.0,0.0,0.0,0.0,0.0,0.0,0.0,0.0,0.0,0.0,0.0,0.0,0.0,0.0,0.0,0.0,0.0,0.0,0.0,0.0,0.0,0.0,0.0,0.0,0.0,0.0,0.0,0.0,0.0,0.0,0.0,0.0,0.0,0.0,0.0,0.0,0.0,0.0,0.0,0.0,0.0,0.0,0.0,0.0,0.0,0.0,0.0,0.0,0.0,0.0,0.0,0.0,0.0,0.0,0.0,0.0,0.0,0.0,0.0,0.0,0.0,0.0,0.0,0.0,0.0,0.0,0.0,0.0,0.0,0.0,0.0,0.0,0.0,0.0,0.0,0.0,0.0,0.0,0.0,0.0,0.0,0.0,0.0,0.2246376811594203,0.11594202898550725,0.018115942028985508,0.028985507246376812,0.03985507246376811,0.0036231884057971015,0.018115942028985508,0.021739130434782608,0.007246376811594203,0.0,0.0036231884057971015,0.0,0.0036231884057971015,0.007246376811594203,0.0,0.0,0.0,0.0036231884057971015,0.0,0.0,0.0,0.0,0.0,0.0036231884057971015,0.0,0.0036231884057971015,0.0,0.0,0.0,0.0,0.0036231884057971015,0.0,0.0,0.0,0.0,0.0,0.0,0.0,0.014492753623188406,0.0,0.0036231884057971015,0.0,0.0,0.0,0.018115942028985508,0.0036231884057971015,0.014492753623188406,0.0,0.0036231884057971015,0.0036231884057971015,0.007246376811594203,0.0036231884057971015,0.007246376811594203,0.0,0.0,0.0,0.0,0.0,0.0,0.0,0.0,0.0,0.0,0.014492753623188406,0.0,0.0,0.0,0.0,0.0,0.0,0.007246376811594203,0.0036231884057971015,0.0,0.0,0.0,0.0,0.0,0.007246376811594203,0.007246376811594203,0.0,0.0,0.007246376811594203,0.0,0.0,0.0,0.0,0.0,0.0,0.0,0.0,0.0,0.0,0.0,0.0,0.0,0.0,0.0,0.007246376811594203,0.007246376811594203,0.018115942028985508,0.010869565217391304,0.028985507246376812,0.010869565217391304,0.007246376811594203,0.0,0.007246376811594203,0.0,0.010869565217391304,0.021739130434782608,0.014492753623188406,0.036231884057971016,0.018115942028985508,0.0036231884057971015,0.0,0.007246376811594203,0.03260869565217391,0.010869565217391304,0.0,0.007246376811594203,0.0,0.0,0.007246376811594203,0.0,0.0,0.0,0.0,0.0,0.0,0.0036231884057971015,0.0036231884057971015,0.0,0.0,0.0036231884057971015,0.0,0.0,0.0,0.0,0.0,0.0,0.0,0.0,0.0,0.0,0.0036231884057971015,0.0,0.0,0.0,0.0,0.0,0.0,0.0036231884057971015,0.0,0.0,0.0,0.0,0.0,0.0,0.0,0.0,0.0,0.0,0.0,0.0,0.0,0.0,0.0,0.0,0.0,0.0036231884057971015,0.0,0.0,0.0,0.0,0.0,0.0,0.0,0.0,0.0,0.0,0.0,0.0,0.0,0.0,0.0,0.0,0.0,0.0,0.0,0.0,0.0,0.0,0.0,0.050724637681159424,0.0,0.0,0.0,0.0,0.0,0.0,0.0,0.0,0.0,0.0,0.0,0.007246376811594203,0.0,0.0,0.0,0.007246376811594203,0.0,0.0,0.0,0.0,0.0,0.0,0.0,0.0,0.0,0.0,0.0,0.0,0.0,0.0,0.0,0.0,0.0,0.0,0.0,0.0,0.0,0.0,0.0,0.0,0.0,0.0,0.0036231884057971015,0.0,0.0,0.0,0.0,0.0,0.0,0.0,0.0,0.0,0.0,0.0,0.0,0.0,0.0,0.0036231884057971015,0.0036231884057971015,0.0,0.0,0.0,0.0,4.831886
75,vimeo1,0,stream,131.202.240.150,131.202.6.3,44408,53,17,scs_str_NULL,server_name_str_NULL,0,http_content_type_NULL,http_user_agent_NULL,http_accept_language_NULL,http_server_NULL,http_code_NULL,dns_domain_name_NULL,dns_ttl_NULL,dns_num_ip_NULL,dns_domain_rank_NULL,38.0,0.0,238.0,0.0,89,1,1,38,238,38,38,238,238,3.101123595505618,0.0,0,89.0,0.0,0,89,0,0,89,89,0,0.011235955056179775,0.02247191011235955,64,60,0.0,0.0,0.0,0.0,0.0,0.0,0.0,0.0,0.0,0.0,0.0,0.0,0.0,0.0,0.0,0.0,0.0,0.0,0.0,0.0,0.0,0.0,0.0,0.0,0.0,0.0,0.0,0.0,0.0,0.0,0.0,0.0,0.0,0.0,0.0,0.0,0.0,0.0,0.0,0.0,0.0,0.0,0.0,0.0,0.0,0.0,0.0,0.0,0.0,0.0,0.0,0.0,0.0,0.0,0.0,0.0,0.0,0.0,0.0,0.0,0.0,0.0,0.0,0.0,0.0,0.0,0.0,0.0,0.0,0.0,0.0,0.0,0.0,0.0,0.0,0.0,0.0,0.0,0.0,0.0,0.0,0.0,0.0,0.0,0.0,0.0,0.0,0.0,0.0,0.0,0.0,0.0,0.0,0.0,0.0,0.0,0.0,0.0,0.0,0.0,0.0,0.0,0.0,0.0,0.0,0.0,0.0,0.0,0.0,0.0,0.0,0.0,0.0,0.0,0.0,0.0,0.0,0.0,0.0,0.0,0.0,0.0,0.0,0.0,0.0,0.0,0.0,0.0,0.0,0.0,0.0,0.0,0.0,0.0,0.0,0.0,0.0,0.0,0.0,0.0,0.0,0.0,0.0,0.0,0.0,0.0,0.0,0.0,0.0,0.0,0.0,0.0,0.0,0.0,0.0,0.0,0.0,0.0,0.0,0.0,0.0,0.0,0.0,0.0,0.0,0.0,0.0,0.0,0.0,0.0,0.0,0.0,0.0,0.0,0.0,0.0,0.0,0.0,0.0,0.0,0.0,0.0,0.0,0.0,0.0,0.0,0.0,0.0,0.0,0.0,0.0,0.0,0.0,0.0,0.0,0.0,0.0,0.0,0.0,0.0,0.0,0.0,0.0,0.0,0.0,0.0,0.0,0.0,0.0,0.0,0.0,0.0,0.0,0.0,0.0,0.0,0.0,0.0,0.0,0.0,1.0,0.0,0.0,0.0,0.0,0.0,0.0,0.0,0.0,0.0,0.0,0.0,0.0,0.0,0.0,0.0,0.0,0.0,0.0,0.0,0.0,0.0,0.0,0.0,0.0,0.0,0.0,0.0,0.0,0.0,0.0,0.0,0.0,0.0,0.0,0.0,0.0,0.0,0.0,0.0,0.0,0.0,0.0,0.0,0.0,0.0,0.0,0.0,0.0,0.0,0.0,0.0,0.0,0.0,0.0,0.0,0.0,0.0,0.0,0.0,0.0,0.0,0.0,0.0,0.0,0.0,0.0,0.0,0.0,0.0,0.0,0.0,0.0,0.0,0.0,0.0,0.0,0.0,0.0,0.0,0.0,0.0,0.0,0.0,0.0,0.0,0.0,0.0,0.0,0.0,0.0,0.0,0.0,0.0,0.0,0.0,0.0,0.0,0.0,0.0,0.0,0.0,0.0,0.0,0.0,0.0,0.0,0.0,0.0,0.0,0.0,0.0,0.0,0.0,0.0,0.0,0.0,0.0,0.0,0.0,0.0,0.0,0.0,0.0,0.0,0.0,0.0,0.0,0.0,0.0,0.0,0.0,0.0,0.0,0.0,0.0,0.0,0.0,0.0,0.0,0.0,0.0,0.0,0.0,0.0,0.0,0.0,0.0,0.0,0.0,0.0,0.0,0.0,0.0,0.0,0.0,0.0,0.0,0.0,0.0,0.0,0.0,0.0,0.0,0.0,0.0,0.0,0.0,0.0,0.0,0.0,0.0,0.0,0.0,0.0,0.0,0.0,0.0,0.0,0.0,0.2246376811594203,0.08695652173913043,0.04710144927536232,0.028985507246376812,0.03985507246376811,0.0036231884057971015,0.018115942028985508,0.007246376811594203,0.007246376811594203,0.0,0.0036231884057971015,0.0,0.0036231884057971015,0.007246376811594203,0.0,0.0,0.0,0.0036231884057971015,0.0,0.0,0.0,0.0,0.0,0.0036231884057971015,0.0,0.0036231884057971015,0.0,0.0,0.0,0.0,0.0036231884057971015,0.0,0.0,0.0,0.0,0.0,0.0,0.0,0.0,0.0,0.0036231884057971015,0.0,0.0,0.0,0.0036231884057971015,0.0036231884057971015,0.0,0.0,0.0036231884057971015,0.03260869565217391,0.007246376811594203,0.0036231884057971015,0.007246376811594203,0.0,0.0,0.0,0.0,0.0,0.0,0.0,0.0,0.0,0.0,0.014492753623188406,0.0,0.0,0.0,0.0,0.0,0.0,0.007246376811594203,0.0036231884057971015,0.0,0.0,0.0,0.0,0.0,0.007246376811594203,0.007246376811594203,0.0,0.0,0.007246376811594203,0.0,0.0,0.0,0.0,0.0,0.0,0.0,0.0,0.0,0.0,0.0,0.0,0.0,0.0,0.0,0.007246376811594203,0.007246376811594203,0.018115942028985508,0.010869565217391304,0.028985507246376812,0.010869565217391304,0.007246376811594203,0.0,0.007246376811594203,0.0,0.010869565217391304,0.021739130434782608,0.014492753623188406,0.036231884057971016,0.018115942028985508,0.0036231884057971015,0.0,0.007246376811594203,0.03260869565217391,0.010869565217391304,0.0,0.007246376811594203,0.0,0.0,0.007246376811594203,0.0,0.0,0.0,0.0,0.0,0.0,0.0036231884057971015,0.0036231884057971015,0.0,0.0,0.0036231884057971015,0.0,0.0,0.0,0.0,0.0,0.0,0.0,0.0,0.0,0.0,0.0036231884057971015,0.0,0.0,0.0,0.0,0.0,0.0,0.0036231884057971015,0.0,0.0,0.0,0.0,0.0,0.0,0.0,0.0,0.0,0.0,0.0,0.0,0.0,0.0,0.0,0.0,0.0,0.0036231884057971015,0.0,0.0,0.0,0.0,0.0,0.0,0.0,0.0,0.028985507246376812,0.0,0.0,0.0,0.0,0.0,0.0,0.0,0.0,0.0,0.0,0.0,0.0,0.0,0.0,0.050724637681159424,0.0,0.0,0.0,0.0,0.0,0.0,0.0,0.0,0.0,0.0,0.0,0.007246376811594203,0.0,0.0,0.0,0.007246376811594203,0.0,0.0,0.0,0.0,0.0,0.0,0.0,0.0,0.0,0.0,0.0,0.0,0.0,0.0,0.0,0.0,0.0,0.0,0.0,0.0,0.0,0.0,0.0,0.0,0.0,0.0,0.0036231884057971015,0.0,0.0,0.0,0.0,0.0,0.0,0.0,0.0,0.0,0.0,0.0,0.0,0.0,0.0,0.0036231884057971015,0.0036231884057971015,0.0,0.0,0.0,0.0,4.839332
76,vimeo1,0,stream,131.202.240.150,23.235.40.143,54273,443,6,c02f,0017000014667265736e656c2e76696d656f63646e2e636f6d,528,http_content_type_NULL,http_user_agent_NULL,http_accept_language_NULL,http_server_NULL,http_code_NULL,fresnel.vimeocdn.com,300,1,dns_domain_rank_NULL,470.6666666666667,426.0519008550744,968.5,470.95001504052067,199,3,6,1412,5811,1071,126,1420,274,36.2964824120603,16.333333333333332,17.613126418163876,25.0,26.318561257535844,49,150,41,1,68,0,0.061224489795918366,0.04,0.04522613065326633,64,52,0.0,0.0,0.0,0.0,0.0,0.0,0.0,0.0,0.0,0.0,0.0,0.0,0.0,0.0,0.0,0.0,0.0,0.125,0.0,0.0,0.0,0.0,0.0,0.0,0.0,0.0,0.0,0.0,0.0,0.0,0.0,0.0,0.0,0.0,0.0,0.0,0.0,0.0,0.0,0.0,0.0,0.0,0.0,0.0,0.0,0.0,0.0,0.0,0.0,0.0,0.0,0.0,0.0,0.0,0.0,0.0,0.0,0.0,0.0,0.0,0.0,0.0,0.0,0.0,0.0,0.0,0.0,0.0,0.0,0.0,0.0,0.0,0.0,0.0,0.0,0.0,0.0,0.0,0.0,0.0,0.0,0.0,0.0,0.0,0.0,0.0,0.0,0.0,0.0,0.0,0.0,0.0,0.0,0.0,0.0,0.0,0.0,0.0,0.0,0.0,0.0,0.0,0.0,0.0,0.0,0.0,0.0,0.0,0.0,0.0,0.0,0.0,0.0,0.0,0.0,0.0,0.0,0.0,0.0,0.0,0.0,0.0,0.0,0.0,0.0,0.0,0.0,0.0,0.0,0.0,0.0,0.0,0.0,0.0,0.0,0.0,0.0,0.0,0.0,0.0,0.0,0.0,0.0,0.0,0.0,0.0,0.0,0.0,0.0,0.0,0.0,0.125,0.0,0.0,0.0,0.0,0.0,0.0,0.0,0.0,0.0,0.0,0.0,0.0,0.0,0.0,0.0,0.0,0.0,0.0,0.0,0.0,0.0,0.0,0.0,0.0,0.0,0.0,0.0,0.0,0.0,0.0,0.0,0.0,0.0,0.0,0.0,0.0,0.0,0.0,0.0,0.0,0.0,0.0,0.0,0.0,0.0,0.0,0.0,0.0,0.0,0.0,0.0,0.0,0.0,0.0,0.0,0.0,0.0,0.0,0.0,0.0,0.0,0.0,0.0,0.0,0.0,0.0,0.0,0.0,0.125,0.0,0.0,0.0,0.0,0.0,0.0,0.0,0.0,0.0,0.0,0.0,0.0,0.0,0.0,0.0,0.0,0.0,0.0,0.0,0.0,0.0,0.0,0.0,0.0,0.0,0.0,0.125,0.0,0.0,0.0,0.0,0.0,0.0,0.0,0.0,0.0,0.0,0.0,0.0,0.0,0.0,0.0,0.0,0.0,0.0,0.0,0.0,0.0,0.0,0.0,0.0,0.0,0.0,0.0,0.0,0.0,0.0,0.0,0.0,0.0,0.0,0.0,0.0,0.0,0.0,0.0,0.0,0.0,0.0,0.0,0.0,0.0,0.0,0.0,0.0,0.0,0.0,0.0,0.0,0.0,0.0,0.0,0.0,0.0,0.0,0.0,0.0,0.0,0.0,0.0,0.0,0.0,0.0,0.0,0.0,0.0,0.0,0.0,0.0,0.0,0.0,0.0,0.0,0.0,0.0,0.0,0.0,0.0,0.0,0.0,0.0,0.0,0.0,0.0,0.0,0.0,0.0,0.0,0.0,0.0,0.0,0.0,0.0,0.0,0.0,0.0,0.0,0.0,0.0,0.0,0.0,0.0,0.0,0.0,0.0,0.0,0.0,0.0,0.125,0.0,0.125,0.0,0.0,0.0,0.0,0.0,0.0,0.0,0.0,0.0,0.0,0.0,0.0,0.0,0.0,0.0,0.0,0.125,0.0,0.0,0.0,0.0,0.0,0.0,0.0,0.0,0.0,0.0,0.0,0.0,0.0,0.0,0.0,0.0,0.0,0.0,0.0,0.125,0.0,0.021736120725460335,0.017305828603073514,0.00664543818358023,0.014121556140107988,0.009414370760071991,0.007753011214176935,0.01329087636716046,0.004568738751211408,0.005122525266509761,0.0026304859476671744,0.004291845493562232,0.005399418524158936,0.0031842724629655267,0.005676311781808113,0.0041533988647376435,0.004568738751211408,0.00443029212238682,0.00221514606119341,0.004707185380035996,0.005537865152983525,0.004845632008860584,0.003045825834140939,0.005260971895334349,0.0037380589782638795,0.0031842724629655267,0.004707185380035996,0.0016613595458950575,0.0020766994323688217,0.0020766994323688217,0.004707185380035996,0.0031842724629655267,0.00221514606119341,0.004707185380035996,0.0016613595458950575,0.0019382528035442337,0.0026304859476671744,0.003322719091790115,0.002353592690017998,0.003045825834140939,0.0020766994323688217,0.0019382528035442337,0.001246019659421293,0.008583690987124463,0.00443029212238682,0.001246019659421293,0.007060778070053994,0.03350408417555033,0.00664543818358023,0.02145922746781116,0.008306797729475287,0.005537865152983525,0.004568738751211408,0.00443029212238682,0.002492039318842586,0.002492039318842586,0.0019382528035442337,0.0017998061747196456,0.0020766994323688217,0.00221514606119341,0.002353592690017998,0.002492039318842586,0.002492039318842586,0.0020766994323688217,0.0016613595458950575,0.0020766994323688217,0.0041533988647376435,0.0027689325764917623,0.004707185380035996,0.003045825834140939,0.0017998061747196456,0.0027689325764917623,0.0029073792053163506,0.00443029212238682,0.0026304859476671744,0.002492039318842586,0.0017998061747196456,0.0006922331441229406,0.0019382528035442337,0.0017998061747196456,0.0013844662882458812,0.0029073792053163506,0.0026304859476671744,0.002492039318842586,0.004014952235913055,0.0019382528035442337,0.007060778070053994,0.0026304859476671744,0.0015229129170704694,0.0013844662882458812,0.0019382528035442337,0.003045825834140939,0.0019382528035442337,0.0020766994323688217,0.0016613595458950575,0.002353592690017998,0.0019382528035442337,0.002492039318842586,0.01619825557247681,0.0063685449259310535,0.023674373529004568,0.009968157275370345,0.020905440952512806,0.005814758410632701,0.010937283677142461,0.009414370760071991,0.016336702201301397,0.002353592690017998,0.0029073792053163506,0.010660390419493286,0.01619825557247681,0.01329087636716046,0.02228990724075869,0.00955281738889658,0.002353592690017998,0.016475148830125987,0.015921362314827634,0.017998061747196457,0.006922331441229406,0.005676311781808113,0.012044856707739167,0.0020766994323688217,0.0041533988647376435,0.0019382528035442337,0.002353592690017998,0.0013844662882458812,0.0015229129170704694,0.0026304859476671744,0.0027689325764917623,0.0031842724629655267,0.0027689325764917623,0.01855184826249481,0.002353592690017998,0.0029073792053163506,0.002492039318842586,0.005260971895334349,0.0019382528035442337,0.0016613595458950575,0.0020766994323688217,0.0016613595458950575,0.002492039318842586,0.0015229129170704694,0.0016613595458950575,0.0016613595458950575,0.0020766994323688217,0.0029073792053163506,0.001107573030596705,0.00221514606119341,0.0013844662882458812,0.0019382528035442337,0.001246019659421293,0.003045825834140939,0.00221514606119341,0.0019382528035442337,0.0017998061747196456,0.0020766994323688217,0.00221514606119341,0.002353592690017998,0.0019382528035442337,0.003599612349439291,0.002353592690017998,0.0027689325764917623,0.0006922331441229406,0.0027689325764917623,0.0019382528035442337,0.0020766994323688217,0.0015229129170704694,0.002353592690017998,0.0020766994323688217,0.0013844662882458812,0.0013844662882458812,0.0020766994323688217,0.0013844662882458812,0.0020766994323688217,0.0013844662882458812,0.0013844662882458812,0.002492039318842586,0.0019382528035442337,0.0017998061747196456,0.0029073792053163506,0.0015229129170704694,0.0019382528035442337,0.0019382528035442337,0.0019382528035442337,0.0019382528035442337,0.002492039318842586,0.0015229129170704694,0.0006922331441229406,0.003461165720614703,0.0020766994323688217,0.00221514606119341,0.0009691264017721168,0.0019382528035442337,0.003045825834140939,0.001246019659421293,0.002353592690017998,0.0027689325764917623,0.0013844662882458812,0.0009691264017721168,0.0016613595458950575,0.0020766994323688217,0.0027689325764917623,0.0020766994323688217,0.0020766994323688217,0.0016613595458950575,0.0031842724629655267,0.0016613595458950575,0.002353592690017998,0.00221514606119341,0.0013844662882458812,0.0019382528035442337,0.0031842724629655267,0.002353592690017998,0.00221514606119341,0.002353592690017998,0.003322719091790115,0.0031842724629655267,0.0017998061747196456,0.0026304859476671744,0.0020766994323688217,0.002492039318842586,0.002492039318842586,0.0016613595458950575,0.0017998061747196456,0.0013844662882458812,0.003045825834140939,0.0020766994323688217,0.0013844662882458812,0.0016613595458950575,0.0013844662882458812,0.001107573030596705,0.0016613595458950575,0.001107573030596705,0.0016613595458950575,0.0008306797729475288,0.0019382528035442337,0.0026304859476671744,0.002492039318842586,0.0020766994323688217,0.0020766994323688217,0.0019382528035442337,0.0015229129170704694,0.001107573030596705,0.0017998061747196456,0.0015229129170704694,0.0015229129170704694,0.0027689325764917623,0.0013844662882458812,0.002353592690017998,0.0020766994323688217,0.0015229129170704694,0.0015229129170704694,0.0026304859476671744,0.0017998061747196456,0.002492039318842586,0.0020766994323688217,0.0026304859476671744,7.405645
77,vimeo1,0,stream,131.202.240.150,131.202.6.3,,,1,scs_str_NULL,server_name_str_NULL,0,http_content_type_NULL,http_user_agent_NULL,http_accept_language_NULL,http_server_NULL,http_code_NULL,dns_domain_name_NULL,dns_ttl_NULL,dns_num_ip_NULL,dns_domain_rank_NULL,266.0,0.0,0,0,0,1,0,266,0,266,266,0,0,0,0.0,0,0,0,0,0,0,0,0,0,0,0,0,64,0,0,0,0,0,0,0,0,0,0,0,0,0,0,0,0,0,0,0,0,0,0,0,0,0,0,0,0,0,0,0,0,0,0,0,0,0,0,0,0,0,0,0,0,0,0,0,0,0,0,0,0,0,0,0,0,0,0,0,0,0,0,0,0,0,0,0,0,0,0,0,0,0,0,0,0,0,0,0,0,0,0,0,0,0,0,0,0,0,0,0,0,0,0,0,0,0,0,0,0,0,0,0,0,0,0,0,0,0,0,0,0,0,0,0,0,0,0,0,0,0,0,0,0,0,0,0,0,0,0,0,0,0,0,0,0,0,0,0,0,0,0,0,0,0,0,0,0,0,0,0,0,0,0,0,0,0,0,0,0,0,0,0,0,0,0,0,0,0,0,0,0,0,0,0,0,0,0,0,0,0,0,0,0,0,0,0,0,0,0,0,0,0,0,0,0,0,0,0,0,0,0,0,0,0,0,0,0,0,0,0,0,0,0,0,0,0,0,0,0,0,0,0,0,0,0,0,0,0,0,0,0,0,0,0,0,0,0,0,0,0,0,0,0,0,0,0,0,0,0,0,0,0,0,0,0,0,0,0,0,0,0,0,0,0,0,0,0,0,0,0,0,0,0,0,0,0,0,0,0,0,0,0,0,0,0,0,0,0,0,0,0,0,0,0,0,0,0,0,0,0,0,0,0,0,0,0,0,0,0,0,0,0,0,0,0,0,0,0,0,0,0,0,0,0,0,0,0,0,0,0,0,0,0,0,0,0,0,0,0,0,0,0,0,0,0,0,0,0,0,0,0,0,0,0,0,0,0,0,0,0,0,0,0,0,0,0,0,0,0,0,0,0,0,0,0,0,0,0,0,0,0,0,0,0,0,0,0,0,0,0,0,0,0,0,0,0,0,0,0,0,0.21052631578947367,0.07894736842105263,0.04887218045112782,0.03007518796992481,0.041353383458646614,0.0037593984962406013,0.022556390977443608,0.0037593984962406013,0.0037593984962406013,0.0,0.007518796992481203,0.0,0.0037593984962406013,0.011278195488721804,0.0,0.0,0.0,0.007518796992481203,0.0,0.0,0.0,0.0,0.0,0.0037593984962406013,0.0,0.0037593984962406013,0.0,0.0037593984962406013,0.0,0.0,0.0037593984962406013,0.0,0.0,0.0,0.0,0.0,0.0,0.0,0.0,0.0,0.0037593984962406013,0.0,0.0,0.0,0.0037593984962406013,0.0037593984962406013,0.0,0.0,0.0037593984962406013,0.03383458646616541,0.007518796992481203,0.0037593984962406013,0.007518796992481203,0.0037593984962406013,0.0,0.0,0.0,0.0,0.0,0.0,0.0037593984962406013,0.0,0.0,0.015037593984962405,0.0,0.0,0.0,0.0,0.0,0.0037593984962406013,0.007518796992481203,0.0037593984962406013,0.0,0.0,0.0,0.0,0.0,0.0037593984962406013,0.007518796992481203,0.0,0.0,0.0037593984962406013,0.0,0.0,0.0,0.0,0.0,0.0,0.0,0.0,0.0,0.0,0.0,0.0,0.0,0.0,0.0,0.007518796992481203,0.007518796992481203,0.011278195488721804,0.007518796992481203,0.018796992481203006,0.007518796992481203,0.007518796992481203,0.0,0.0037593984962406013,0.0,0.011278195488721804,0.018796992481203006,0.007518796992481203,0.03007518796992481,0.011278195488721804,0.0037593984962406013,0.0,0.0037593984962406013,0.03007518796992481,0.011278195488721804,0.0,0.0037593984962406013,0.0,0.0037593984962406013,0.011278195488721804,0.0,0.0,0.0,0.0,0.0,0.0,0.0037593984962406013,0.0037593984962406013,0.0,0.007518796992481203,0.0037593984962406013,0.0,0.0,0.0,0.0,0.0,0.0,0.0,0.0,0.0,0.0,0.0037593984962406013,0.0,0.0,0.0,0.0,0.0,0.0,0.007518796992481203,0.0037593984962406013,0.0,0.0037593984962406013,0.0,0.0,0.0,0.0,0.0,0.0,0.0,0.0,0.0,0.0,0.0,0.0,0.0,0.0,0.0037593984962406013,0.0,0.0,0.0,0.0,0.0037593984962406013,0.0,0.0,0.0,0.03007518796992481,0.0,0.0,0.0,0.0,0.0,0.0,0.0,0.0,0.0,0.0,0.0,0.0,0.0,0.0,0.05263157894736842,0.0,0.0,0.0,0.0,0.0,0.0,0.0,0.0,0.0,0.007518796992481203,0.0,0.007518796992481203,0.0,0.0,0.0,0.007518796992481203,0.0,0.0,0.0,0.0,0.0,0.0,0.0,0.0,0.0,0.0,0.0,0.0,0.0,0.0,0.0,0.0,0.0,0.0,0.0,0.0,0.0,0.0,0.0,0.0037593984962406013,0.0,0.0,0.0037593984962406013,0.0,0.0,0.0,0.0,0.0037593984962406013,0.0,0.0,0.0,0.0,0.0,0.0037593984962406013,0.0,0.0,0.0,0.0037593984962406013,0.0037593984962406013,0.0,0.0,0.0,0.0,5.082726
78,vimeo1,0,stream,131.202.240.150,23.235.33.217,40241,443,6,c02f,0013000010706c617965722e76696d656f2e636f6d,0,http_content_type_NULL,http_user_agent_NULL,http_accept_language_NULL,http_server_NULL,http_code_NULL,player.vimeo.com,dns_ttl_NULL,4,dns_domain_rank_NULL,497.5,518.9327991175736,435.0,294.0,203,4,2,1990,870,1338,51,729,141,14.088669950738916,12.5,20.512191496766015,76.5,28.5,50,153,48,0,105,48,0.08,0.013071895424836602,0.029556650246305417,64,52,0.0,0.0,0.0,0.0,0.0,0.0,0.0,0.0,0.2,0.0,0.2,0.0,0.0,0.0,0.0,0.0,0.0,0.0,0.0,0.0,0.0,0.0,0.0,0.0,0.0,0.0,0.0,0.0,0.0,0.0,0.0,0.0,0.0,0.0,0.0,0.0,0.0,0.0,0.0,0.0,0.0,0.0,0.0,0.0,0.0,0.0,0.0,0.0,0.0,0.0,0.0,0.0,0.0,0.0,0.0,0.0,0.0,0.0,0.0,0.0,0.0,0.0,0.0,0.0,0.0,0.0,0.0,0.0,0.0,0.0,0.0,0.0,0.0,0.0,0.0,0.0,0.0,0.0,0.0,0.0,0.0,0.0,0.0,0.0,0.0,0.0,0.0,0.0,0.0,0.0,0.0,0.0,0.0,0.0,0.0,0.0,0.0,0.0,0.0,0.0,0.0,0.0,0.0,0.0,0.0,0.0,0.0,0.0,0.0,0.0,0.0,0.0,0.0,0.0,0.0,0.0,0.0,0.0,0.0,0.0,0.0,0.0,0.0,0.0,0.0,0.0,0.0,0.0,0.0,0.0,0.0,0.0,0.0,0.0,0.0,0.0,0.0,0.0,0.0,0.0,0.0,0.0,0.0,0.0,0.0,0.0,0.0,0.0,0.0,0.0,0.0,0.0,0.0,0.0,0.0,0.0,0.0,0.0,0.0,0.0,0.2,0.0,0.0,0.0,0.0,0.0,0.0,0.0,0.0,0.0,0.0,0.0,0.0,0.0,0.0,0.0,0.0,0.0,0.0,0.0,0.0,0.0,0.0,0.0,0.0,0.0,0.0,0.0,0.0,0.0,0.0,0.0,0.0,0.0,0.0,0.0,0.0,0.0,0.0,0.0,0.0,0.0,0.0,0.2,0.0,0.0,0.0,0.0,0.0,0.0,0.0,0.0,0.0,0.0,0.0,0.0,0.0,0.0,0.0,0.0,0.0,0.0,0.0,0.0,0.0,0.0,0.0,0.0,0.0,0.0,0.0,0.0,0.0,0.0,0.0,0.0,0.0,0.0,0.0,0.0,0.0,0.0,0.0,0.0,0.0,0.0,0.0,0.0,0.0,0.0,0.0,0.0,0.0,0.0,0.0,0.0,0.0,0.0,0.0,0.0,0.0,0.0,0.0,0.0,0.0,0.0,0.0,0.0,0.0,0.0,0.0,0.0,0.0,0.0,0.0,0.0,0.0,0.0,0.0,0.0,0.2,0.0,0.0,0.0,0.0,0.0,0.0,0.0,0.0,0.0,0.0,0.0,0.0,0.0,0.0,0.0,0.0,0.0,0.0,0.0,0.0,0.0,0.0,0.0,0.0,0.0,0.0,0.0,0.0,0.0,0.0,0.0,0.0,0.0,0.0,0.0,0.0,0.0,0.0,0.0,0.0,0.0,0.0,0.0,0.0,0.0,0.0,0.0,0.0,0.0,0.0,0.0,0.0,0.0,0.0,0.0,0.0,0.0,0.0,0.0,0.0,0.0,0.0,0.0,0.0,0.0,0.0,0.0,0.0,0.0,0.0,0.0,0.0,0.0,0.0,0.0,0.0,0.0,0.0,0.0,0.0,0.0,0.0,0.0,0.0,0.0,0.0,0.0,0.0,0.0,0.0,0.0,0.0,0.0,0.0,0.0,0.0,0.0,0.0,0.0,0.0,0.0,0.0,0.0,0.0,0.0,0.0,0.0,0.0,0.0,0.0,0.0,0.0,0.0,0.0,0.0,0.0,0.0,0.0,0.0,0.05524475524475524,0.01013986013986014,0.0073426573426573424,0.011188811188811189,0.004545454545454545,0.006293706293706294,0.004195804195804196,0.0034965034965034965,0.0038461538461538464,0.003146853146853147,0.002797202797202797,0.004195804195804196,0.004195804195804196,0.0038461538461538464,0.0034965034965034965,0.003146853146853147,0.005244755244755245,0.004545454545454545,0.005944055944055944,0.006293706293706294,0.005944055944055944,0.004545454545454545,0.005244755244755245,0.002797202797202797,0.005594405594405594,0.0038461538461538464,0.0038461538461538464,0.002097902097902098,0.0034965034965034965,0.0038461538461538464,0.003146853146853147,0.004545454545454545,0.0038461538461538464,0.002797202797202797,0.004545454545454545,0.006643356643356644,0.004195804195804196,0.002797202797202797,0.004545454545454545,0.004545454545454545,0.002097902097902098,0.0017482517482517483,0.004545454545454545,0.0034965034965034965,0.004195804195804196,0.002797202797202797,0.003146853146853147,0.0038461538461538464,0.002797202797202797,0.004545454545454545,0.005244755244755245,0.006993006993006993,0.002797202797202797,0.002797202797202797,0.0013986013986013986,0.0034965034965034965,0.0034965034965034965,0.003146853146853147,0.003146853146853147,0.004545454545454545,0.004545454545454545,0.0034965034965034965,0.0034965034965034965,0.0048951048951048955,0.0034965034965034965,0.0038461538461538464,0.005594405594405594,0.002097902097902098,0.002797202797202797,0.002797202797202797,0.002097902097902098,0.0034965034965034965,0.004545454545454545,0.003146853146853147,0.004195804195804196,0.003146853146853147,0.0038461538461538464,0.0034965034965034965,0.00034965034965034965,0.004545454545454545,0.002097902097902098,0.004545454545454545,0.0034965034965034965,0.002097902097902098,0.0038461538461538464,0.002797202797202797,0.0038461538461538464,0.004195804195804196,0.0034965034965034965,0.0013986013986013986,0.0048951048951048955,0.0024475524475524478,0.0024475524475524478,0.004195804195804196,0.0013986013986013986,0.0017482517482517483,0.0034965034965034965,0.005944055944055944,0.004195804195804196,0.005244755244755245,0.004195804195804196,0.004195804195804196,0.005944055944055944,0.003146853146853147,0.0024475524475524478,0.002797202797202797,0.004195804195804196,0.004195804195804196,0.0038461538461538464,0.005594405594405594,0.003146853146853147,0.0038461538461538464,0.005244755244755245,0.004195804195804196,0.0034965034965034965,0.0048951048951048955,0.006643356643356644,0.0017482517482517483,0.002097902097902098,0.004195804195804196,0.003146853146853147,0.005244755244755245,0.003146853146853147,0.004545454545454545,0.004195804195804196,0.005944055944055944,0.002097902097902098,0.003146853146853147,0.0034965034965034965,0.002097902097902098,0.0038461538461538464,0.0038461538461538464,0.0024475524475524478,0.0024475524475524478,0.0038461538461538464,0.0017482517482517483,0.002797202797202797,0.004195804195804196,0.002797202797202797,0.0038461538461538464,0.0024475524475524478,0.004545454545454545,0.003146853146853147,0.005594405594405594,0.004545454545454545,0.0024475524475524478,0.004545454545454545,0.003146853146853147,0.0034965034965034965,0.0024475524475524478,0.0013986013986013986,0.0038461538461538464,0.002797202797202797,0.002797202797202797,0.004545454545454545,0.003146853146853147,0.0048951048951048955,0.003146853146853147,0.005594405594405594,0.004195804195804196,0.0017482517482517483,0.004195804195804196,0.004545454545454545,0.003146853146853147,0.002797202797202797,0.003146853146853147,0.004545454545454545,0.0013986013986013986,0.002797202797202797,0.0038461538461538464,0.0024475524475524478,0.0038461538461538464,0.002797202797202797,0.0038461538461538464,0.002797202797202797,0.004545454545454545,0.003146853146853147,0.0034965034965034965,0.004195804195804196,0.0034965034965034965,0.0073426573426573424,0.0038461538461538464,0.002797202797202797,0.002097902097902098,0.004195804195804196,0.004545454545454545,0.004195804195804196,0.0034965034965034965,0.0024475524475524478,0.002797202797202797,0.002097902097902098,0.0024475524475524478,0.007692307692307693,0.0048951048951048955,0.0017482517482517483,0.002797202797202797,0.0013986013986013986,0.004195804195804196,0.003146853146853147,0.002097902097902098,0.004545454545454545,0.0038461538461538464,0.0038461538461538464,0.0038461538461538464,0.002797202797202797,0.002797202797202797,0.002797202797202797,0.004195804195804196,0.0024475524475524478,0.0038461538461538464,0.004195804195804196,0.0034965034965034965,0.005944055944055944,0.0048951048951048955,0.003146853146853147,0.0024475524475524478,0.0038461538461538464,0.0038461538461538464,0.003146853146853147,0.002097902097902098,0.004195804195804196,0.004195804195804196,0.0034965034965034965,0.0038461538461538464,0.003146853146853147,0.0013986013986013986,0.0038461538461538464,0.0024475524475524478,0.0024475524475524478,0.003146853146853147,0.002797202797202797,0.003146853146853147,0.0038461538461538464,0.002097902097902098,0.004545454545454545,0.0024475524475524478,0.005594405594405594,0.0024475524475524478,0.002797202797202797,0.002097902097902098,0.0038461538461538464,0.0038461538461538464,0.003146853146853147,0.003146853146853147,0.004545454545454545,0.004545454545454545,0.004545454545454545,0.0024475524475524478,0.0024475524475524478,0.0038461538461538464,0.003146853146853147,0.002797202797202797,0.005594405594405594,0.0038461538461538464,0.0048951048951048955,0.004545454545454545,7.775703
79,vimeo1,0,stream,131.202.243.27,131.202.240.150,5633,135,6,scs_str_NULL,server_name_str_NULL,0,http_content_type_NULL,http_user_agent_NULL,http_accept_language_NULL,http_server_NULL,http_code_NULL,dns_domain_name_NULL,dns_ttl_NULL,dns_num_ip_NULL,dns_domain_rank_NULL,0,0,0,0,0,0,0,0,0,0,0,0,0,0,0,0,0,0,0,0,0,0,0,0,0,0,0,128,64,0,0,0,0,0,0,0,0,0,0,0,0,0,0,0,0,0,0,0,0,0,0,0,0,0,0,0,0,0,0,0,0,0,0,0,0,0,0,0,0,0,0,0,0,0,0,0,0,0,0,0,0,0,0,0,0,0,0,0,0,0,0,0,0,0,0,0,0,0,0,0,0,0,0,0,0,0,0,0,0,0,0,0,0,0,0,0,0,0,0,0,0,0,0,0,0,0,0,0,0,0,0,0,0,0,0,0,0,0,0,0,0,0,0,0,0,0,0,0,0,0,0,0,0,0,0,0,0,0,0,0,0,0,0,0,0,0,0,0,0,0,0,0,0,0,0,0,0,0,0,0,0,0,0,0,0,0,0,0,0,0,0,0,0,0,0,0,0,0,0,0,0,0,0,0,0,0,0,0,0,0,0,0,0,0,0,0,0,0,0,0,0,0,0,0,0,0,0,0,0,0,0,0,0,0,0,0,0,0,0,0,0,0,0,0,0,0,0,0,0,0,0,0,0,0,0,0,0,0,0,0,0,0,0,0,0,0,0,0,0,0,0,0,0,0,0,0,0,0,0,0,0,0,0,0,0,0,0,0,0,0,0,0,0,0,0,0,0,0,0,0,0,0,0,0,0,0,0,0,0,0,0,0,0,0,0,0,0,0,0,0,0,0,0,0,0,0,0,0,0,0,0,0,0,0,0,0,0,0,0,0,0,0,0,0,0,0,0,0,0,0,0,0,0,0,0,0,0,0,0,0,0,0,0,0,0,0,0,0,0,0,0,0,0,0,0,0,0,0,0,0,0,0,0,0,0,0,0,0,0,0,0,0,0,0,0,0,0,0,0,0,0,0,0,0,0,0,0,0,0,0,0,0,0,0,0,0,0,0,0,0,0,0,0,0,0,0,0,0,0,0.0,0.0,0.0,0.0,0.0,0.0,0.0,0.0,0.0,0.0,0.0,0.0,0.0,0.0,0.0,0.0,0.0,0.0,0.0,0.0,0.0,0.0,0.0,0.0,0.0,0.0,0.0,0.0,0.0,0.0,0.0,0.0,0.0,0.0,0.0,0.0,0.0,0.0,0.0,0.0,0.0,0.0,0.0,0.0,0.0,0.0,0.0,0.0,0.0,0.0,0.0,0.0,0.0,0.0,0.0,0.0,0.0,0.0,0.0,0.0,0.0,0.0,0.0,0.0,0.0,0.0,0.0,0.0,0.0,0.0,0.0,0.0,0.0,0.0,0.0,0.0,0.0,0.0,0.0,0.0,0.0,0.0,0.0,0.0,0.0,0.0,0.0,0.0,0.0,0.0,0.0,0.0,0.0,0.0,0.0,0.0,0.0,0.0,0.0,0.0,0.0,0.0,0.0,0.0,0.0,0.0,0.0,0.0,0.0,0.0,0.0,0.0,0.0,0.0,0.0,0.0,0.0,0.0,0.0,0.0,0.0,0.0,0.0,0.0,0.0,0.0,0.0,0.0,0.0,0.0,0.0,0.0,0.0,0.0,0.0,0.0,0.0,0.0,0.0,0.0,0.0,0.0,0.0,0.0,0.0,0.0,0.0,0.0,0.0,0.0,0.0,0.0,0.0,0.0,0.0,0.0,0.0,0.0,0.0,0.0,0.0,0.0,0.0,0.0,0.0,0.0,0.0,0.0,0.0,0.0,0.0,0.0,0.0,0.0,0.0,0.0,0.0,0.0,0.0,0.0,0.0,0.0,0.0,0.0,0.0,0.0,0.0,0.0,0.0,0.0,0.0,0.0,0.0,0.0,0.0,0.0,0.0,0.0,0.0,0.0,0.0,0.0,0.0,0.0,0.0,0.0,0.0,0.0,0.0,0.0,0.0,0.0,0.0,0.0,0.0,0.0,0.0,0.0,0.0,0.0,0.0,0.0,0.0,0.0,0.0,0.0,0.0,0.0,0.0,0.0,0.0,0.0,0.0,0.0,0.0,0.0,0.0,0.0,0.0,0.0,0.0,0.0,0.0,0.0,0.0,0.0,0.0,0.0,0.0,0.0,0.0,0.0,0.0,0.0,0.0,0.0,-1
80,vimeo1,0,stream,131.202.243.27,131.202.240.150,5634,135,6,scs_str_NULL,server_name_str_NULL,0,http_content_type_NULL,http_user_agent_NULL,http_accept_language_NULL,http_server_NULL,http_code_NULL,dns_domain_name_NULL,dns_ttl_NULL,dns_num_ip_NULL,dns_domain_rank_NULL,0,0,0,0,0,0,0,0,0,0,0,0,0,0,0,0,0,0,0,0,0,0,0,0,0,0,0,128,64,0,0,0,0,0,0,0,0,0,0,0,0,0,0,0,0,0,0,0,0,0,0,0,0,0,0,0,0,0,0,0,0,0,0,0,0,0,0,0,0,0,0,0,0,0,0,0,0,0,0,0,0,0,0,0,0,0,0,0,0,0,0,0,0,0,0,0,0,0,0,0,0,0,0,0,0,0,0,0,0,0,0,0,0,0,0,0,0,0,0,0,0,0,0,0,0,0,0,0,0,0,0,0,0,0,0,0,0,0,0,0,0,0,0,0,0,0,0,0,0,0,0,0,0,0,0,0,0,0,0,0,0,0,0,0,0,0,0,0,0,0,0,0,0,0,0,0,0,0,0,0,0,0,0,0,0,0,0,0,0,0,0,0,0,0,0,0,0,0,0,0,0,0,0,0,0,0,0,0,0,0,0,0,0,0,0,0,0,0,0,0,0,0,0,0,0,0,0,0,0,0,0,0,0,0,0,0,0,0,0,0,0,0,0,0,0,0,0,0,0,0,0,0,0,0,0,0,0,0,0,0,0,0,0,0,0,0,0,0,0,0,0,0,0,0,0,0,0,0,0,0,0,0,0,0,0,0,0,0,0,0,0,0,0,0,0,0,0,0,0,0,0,0,0,0,0,0,0,0,0,0,0,0,0,0,0,0,0,0,0,0,0,0,0,0,0,0,0,0,0,0,0,0,0,0,0,0,0,0,0,0,0,0,0,0,0,0,0,0,0,0,0,0,0,0,0,0,0,0,0,0,0,0,0,0,0,0,0,0,0,0,0,0,0,0,0,0,0,0,0,0,0,0,0,0,0,0,0,0,0,0,0,0,0,0,0,0,0,0,0,0,0,0,0,0,0,0,0,0,0,0,0,0,0,0,0,0,0,0,0,0,0,0,0,0,0,0,0,0,0,0.0,0.0,0.0,0.0,0.0,0.0,0.0,0.0,0.0,0.0,0.0,0.0,0.0,0.0,0.0,0.0,0.0,0.0,0.0,0.0,0.0,0.0,0.0,0.0,0.0,0.0,0.0,0.0,0.0,0.0,0.0,0.0,0.0,0.0,0.0,0.0,0.0,0.0,0.0,0.0,0.0,0.0,0.0,0.0,0.0,0.0,0.0,0.0,0.0,0.0,0.0,0.0,0.0,0.0,0.0,0.0,0.0,0.0,0.0,0.0,0.0,0.0,0.0,0.0,0.0,0.0,0.0,0.0,0.0,0.0,0.0,0.0,0.0,0.0,0.0,0.0,0.0,0.0,0.0,0.0,0.0,0.0,0.0,0.0,0.0,0.0,0.0,0.0,0.0,0.0,0.0,0.0,0.0,0.0,0.0,0.0,0.0,0.0,0.0,0.0,0.0,0.0,0.0,0.0,0.0,0.0,0.0,0.0,0.0,0.0,0.0,0.0,0.0,0.0,0.0,0.0,0.0,0.0,0.0,0.0,0.0,0.0,0.0,0.0,0.0,0.0,0.0,0.0,0.0,0.0,0.0,0.0,0.0,0.0,0.0,0.0,0.0,0.0,0.0,0.0,0.0,0.0,0.0,0.0,0.0,0.0,0.0,0.0,0.0,0.0,0.0,0.0,0.0,0.0,0.0,0.0,0.0,0.0,0.0,0.0,0.0,0.0,0.0,0.0,0.0,0.0,0.0,0.0,0.0,0.0,0.0,0.0,0.0,0.0,0.0,0.0,0.0,0.0,0.0,0.0,0.0,0.0,0.0,0.0,0.0,0.0,0.0,0.0,0.0,0.0,0.0,0.0,0.0,0.0,0.0,0.0,0.0,0.0,0.0,0.0,0.0,0.0,0.0,0.0,0.0,0.0,0.0,0.0,0.0,0.0,0.0,0.0,0.0,0.0,0.0,0.0,0.0,0.0,0.0,0.0,0.0,0.0,0.0,0.0,0.0,0.0,0.0,0.0,0.0,0.0,0.0,0.0,0.0,0.0,0.0,0.0,0.0,0.0,0.0,0.0,0.0,0.0,0.0,0.0,0.0,0.0,0.0,0.0,0.0,0.0,0.0,0.0,0.0,0.0,0.0,0.0,-1
81,vimeo1,0,stream,131.202.243.27,131.202.240.150,5635,445,6,scs_str_NULL,server_name_str_NULL,0,http_content_type_NULL,http_user_agent_NULL,http_accept_language_NULL,http_server_NULL,http_code_NULL,dns_domain_name_NULL,dns_ttl_NULL,dns_num_ip_NULL,dns_domain_rank_NULL,164.07692307692307,111.63502451392596,137.28571428571428,60.38144058688015,11082,13,14,2133,1922,498,72,285,72,0.3659086807435481,836.4615384615385,2897.587766385226,14.857142857142858,51.36960905724199,10874,208,10874,0,200,0,0.001195512231009748,0.0673076923076923,0.0024363833243096914,128,64,0.0,0.0,0.0,0.0,0.0,0.0,0.0,0.0,0.0,0.0,0.19230769230769232,0.11538461538461539,0.0,0.0,0.0,0.0,0.0,0.0,0.0,0.0,0.0,0.0,0.0,0.0,0.0,0.0,0.0,0.0,0.0,0.0,0.038461538461538464,0.07692307692307693,0.0,0.0,0.0,0.0,0.0,0.0,0.0,0.0,0.0,0.0,0.0,0.0,0.0,0.0,0.0,0.0,0.0,0.0,0.0,0.0,0.0,0.0,0.0,0.0,0.0,0.0,0.0,0.0,0.0,0.0,0.0,0.0,0.0,0.0,0.0,0.0,0.0,0.0,0.0,0.038461538461538464,0.0,0.0,0.0,0.0,0.0,0.0,0.0,0.0,0.0,0.0,0.0,0.0,0.0,0.0,0.0,0.0,0.0,0.0,0.0,0.0,0.0,0.0,0.0,0.0,0.0,0.0,0.0,0.0,0.0,0.0,0.0,0.0,0.0,0.0,0.0,0.0,0.0,0.0,0.0,0.0,0.0,0.0,0.0,0.0,0.0,0.0,0.0,0.0,0.0,0.0,0.0,0.0,0.0,0.0,0.0,0.0,0.0,0.0,0.0,0.0,0.0,0.0,0.0,0.0,0.0,0.0,0.0,0.0,0.0,0.0,0.0,0.0,0.0,0.0,0.0,0.0,0.0,0.0,0.0,0.0,0.0,0.0,0.0,0.0,0.0,0.0,0.0,0.0,0.0,0.0,0.0,0.0,0.0,0.0,0.0,0.0,0.0,0.0,0.0,0.0,0.0,0.0,0.0,0.0,0.0,0.0,0.0,0.0,0.0,0.0,0.0,0.0,0.0,0.0,0.0,0.0,0.0,0.0,0.0,0.0,0.0,0.0,0.0,0.0,0.0,0.0,0.0,0.0,0.19230769230769232,0.07692307692307693,0.0,0.0,0.0,0.0,0.0,0.0,0.0,0.0,0.038461538461538464,0.0,0.0,0.0,0.0,0.0,0.0,0.0,0.0,0.0,0.11538461538461539,0.07692307692307693,0.0,0.038461538461538464,0.0,0.0,0.0,0.0,0.0,0.0,0.0,0.0,0.0,0.0,0.0,0.0,0.0,0.0,0.0,0.0,0.0,0.0,0.0,0.0,0.0,0.0,0.0,0.0,0.0,0.0,0.0,0.0,0.0,0.0,0.0,0.0,0.0,0.0,0.0,0.0,0.0,0.0,0.0,0.0,0.0,0.0,0.0,0.0,0.0,0.0,0.0,0.0,0.0,0.0,0.0,0.0,0.0,0.0,0.0,0.0,0.0,0.0,0.0,0.0,0.0,0.0,0.0,0.0,0.0,0.0,0.0,0.0,0.0,0.0,0.0,0.0,0.0,0.0,0.0,0.0,0.0,0.0,0.0,0.0,0.0,0.0,0.0,0.0,0.0,0.0,0.0,0.0,0.0,0.0,0.0,0.0,0.0,0.0,0.0,0.0,0.0,0.0,0.0,0.0,0.0,0.0,0.0,0.0,0.0,0.0,0.0,0.0,0.0,0.0,0.0,0.0,0.0,0.0,0.0,0.0,0.0,0.0,0.0,0.0,0.0,0.0,0.0,0.0,0.0,0.0,0.0,0.0,0.0,0.0,0.0,0.0,0.0,0.0,0.0,0.0,0.0,0.0,0.0,0.0,0.0,0.0,0.0,0.0,0.0,0.0,0.0,0.0,0.0,0.0,0.0,0.0,0.0,0.0,0.0,0.0,0.0,0.0,0.0,0.0,0.0,0.0,0.0,0.0,0.0,0.0,0.0,0.0,0.0,0.0,0.0,0.0,0.0,0.0,0.0,0.0,0.7889447236180904,0.035175879396984924,0.01507537688442211,0.005025125628140704,0.005025125628140704,0.005025125628140704,0.005025125628140704,0.0,0.0,0.0,0.0,0.0,0.005025125628140704,0.0,0.0,0.0,0.010050251256281407,0.0,0.0,0.0,0.0,0.0,0.0,0.0,0.0,0.0,0.0,0.0,0.0,0.0,0.0,0.0,0.005025125628140704,0.0,0.0,0.0,0.0,0.0,0.0,0.0,0.0,0.0,0.0,0.0,0.0,0.0,0.0,0.0,0.010050251256281407,0.005025125628140704,0.005025125628140704,0.0,0.0,0.0,0.0,0.0,0.0,0.0,0.0,0.0,0.0,0.0,0.0,0.0,0.005025125628140704,0.0,0.010050251256281407,0.0,0.0,0.0,0.0,0.0,0.0,0.0,0.0,0.0,0.0,0.01507537688442211,0.0,0.0,0.0,0.0,0.005025125628140704,0.010050251256281407,0.0,0.0,0.0,0.0,0.0,0.0,0.0,0.0,0.0,0.0,0.0,0.0,0.0,0.0,0.0,0.0,0.0,0.005025125628140704,0.0,0.0,0.0,0.0,0.0,0.0,0.0,0.0,0.0,0.0,0.0,0.0,0.0,0.0,0.0,0.0,0.0,0.0,0.0,0.0,0.0,0.0,0.0,0.0,0.0,0.0,0.005025125628140704,0.0,0.0,0.0,0.0,0.0,0.0,0.005025125628140704,0.0,0.0,0.0,0.0,0.0,0.0,0.0,0.0,0.0,0.005025125628140704,0.0,0.0,0.0,0.0,0.0,0.0,0.0,0.0,0.0,0.0,0.0,0.0,0.0,0.0,0.0,0.0,0.0,0.0,0.0,0.0,0.0,0.0,0.0,0.0,0.0,0.0,0.0,0.0,0.0,0.0,0.0,0.0,0.0,0.0,0.0,0.0,0.0,0.0,0.0,0.0,0.0,0.0,0.0,0.0,0.0,0.0,0.0,0.0,0.0,0.0,0.0,0.0,0.0,0.0,0.0,0.0,0.0,0.0,0.0,0.0,0.0,0.0,0.0,0.0,0.0,0.0,0.0,0.0,0.0,0.0,0.0,0.0,0.0,0.0,0.0,0.0,0.0,0.0,0.0,0.0,0.0,0.0,0.0,0.0,0.0,0.0,0.0,0.005025125628140704,0.0,0.0,0.0,0.0,0.0,0.0,0.0,0.0,0.0,0.0,0.0,0.0,0.0,0.0,0.0,0.0,0.005025125628140704,0.0,0.0,0.0,0.020100502512562814,0.005025125628140704,0.294623
82,vimeo1,0,stream,131.202.240.150,131.202.244.3,55935,53,17,scs_str_NULL,server_name_str_NULL,0,http_content_type_NULL,http_user_agent_NULL,http_accept_language_NULL,http_server_NULL,http_code_NULL,dns_domain_name_NULL,dns_ttl_NULL,dns_num_ip_NULL,dns_domain_rank_NULL,34.0,0.0,298.0,0.0,95,1,1,34,298,34,34,298,298,3.4947368421052634,0.0,0,95.0,0.0,0,95,0,0,95,95,0,0.010526315789473684,0.021052631578947368,64,63,0.0,0.0,0.0,0.0,0.0,0.0,0.0,0.0,0.0,0.0,0.0,0.0,0.0,0.0,0.0,0.0,0.0,0.0,0.0,0.0,0.0,0.0,0.0,0.0,0.0,0.0,0.0,0.0,0.0,0.0,0.0,0.0,0.0,0.0,0.0,0.0,0.0,0.0,0.0,0.0,0.0,0.0,0.0,0.0,0.0,0.0,0.0,0.0,0.0,0.0,0.0,0.0,0.0,0.0,0.0,0.0,0.0,0.0,0.0,0.0,0.0,0.0,0.0,0.0,0.0,0.0,0.0,0.0,0.0,0.0,0.0,0.0,0.0,0.0,0.0,0.0,0.0,0.0,0.0,0.0,0.0,0.0,0.0,0.0,0.0,0.0,0.0,0.0,0.0,0.0,0.0,0.0,0.0,0.0,0.0,0.0,0.0,0.0,0.0,0.0,0.0,0.0,0.0,0.0,0.0,0.0,0.0,0.0,0.0,0.0,0.0,0.0,0.0,0.0,0.0,0.0,0.0,0.0,0.0,0.0,0.0,0.0,0.0,0.0,0.0,0.0,0.0,0.0,0.0,0.0,0.0,0.0,0.0,0.0,0.0,0.0,0.0,0.0,0.0,0.0,0.0,0.0,0.0,0.0,0.0,0.0,0.0,0.0,0.0,0.0,0.0,0.0,0.0,0.0,0.0,0.0,0.0,0.0,0.0,0.0,0.0,0.0,0.0,0.0,0.0,0.0,0.0,0.0,0.0,0.0,0.0,0.0,0.0,0.0,0.0,0.0,0.0,0.0,0.0,0.0,0.0,0.0,0.0,0.0,0.0,0.0,0.0,0.0,0.0,0.0,0.0,0.0,0.0,0.0,0.0,0.0,0.0,0.0,0.0,0.0,0.0,0.0,0.0,0.0,0.0,0.0,0.0,0.0,0.0,0.0,0.0,0.0,0.0,0.0,0.0,0.0,0.0,0.0,0.0,0.0,1.0,0.0,0.0,0.0,0.0,0.0,0.0,0.0,0.0,0.0,0.0,0.0,0.0,0.0,0.0,0.0,0.0,0.0,0.0,0.0,0.0,0.0,0.0,0.0,0.0,0.0,0.0,0.0,0.0,0.0,0.0,0.0,0.0,0.0,0.0,0.0,0.0,0.0,0.0,0.0,0.0,0.0,0.0,0.0,0.0,0.0,0.0,0.0,0.0,0.0,0.0,0.0,0.0,0.0,0.0,0.0,0.0,0.0,0.0,0.0,0.0,0.0,0.0,0.0,0.0,0.0,0.0,0.0,0.0,0.0,0.0,0.0,0.0,0.0,0.0,0.0,0.0,0.0,0.0,0.0,0.0,0.0,0.0,0.0,0.0,0.0,0.0,0.0,0.0,0.0,0.0,0.0,0.0,0.0,0.0,0.0,0.0,0.0,0.0,0.0,0.0,0.0,0.0,0.0,0.0,0.0,0.0,0.0,0.0,0.0,0.0,0.0,0.0,0.0,0.0,0.0,0.0,0.0,0.0,0.0,0.0,0.0,0.0,0.0,0.0,0.0,0.0,0.0,0.0,0.0,0.0,0.0,0.0,0.0,0.0,0.0,0.0,0.0,0.0,0.0,0.0,0.0,0.0,0.0,0.0,0.0,0.0,0.0,0.0,0.0,0.0,0.0,0.0,0.0,0.0,0.0,0.0,0.0,0.0,0.0,0.0,0.0,0.0,0.0,0.0,0.0,0.0,0.0,0.0,0.0,0.0,0.0,0.0,0.0,0.0,0.0,0.0,0.0,0.0,0.0,0.2319277108433735,0.10542168674698796,0.018072289156626505,0.012048192771084338,0.03313253012048193,0.009036144578313253,0.009036144578313253,0.006024096385542169,0.0,0.012048192771084338,0.0,0.0,0.012048192771084338,0.0,0.0,0.0,0.0,0.0,0.0030120481927710845,0.012048192771084338,0.0,0.0,0.0030120481927710845,0.009036144578313253,0.0,0.006024096385542169,0.0,0.0,0.0,0.0,0.012048192771084338,0.0,0.0030120481927710845,0.0030120481927710845,0.02108433734939759,0.0,0.0,0.0030120481927710845,0.0,0.0,0.0,0.0,0.0,0.0,0.0,0.024096385542168676,0.0,0.0,0.006024096385542169,0.009036144578313253,0.006024096385542169,0.006024096385542169,0.009036144578313253,0.009036144578313253,0.009036144578313253,0.0030120481927710845,0.012048192771084338,0.0,0.0,0.0,0.0,0.0,0.0,0.0,0.0,0.0,0.0,0.0,0.0,0.0,0.0030120481927710845,0.0,0.0,0.0,0.0,0.0,0.0,0.0,0.0,0.0,0.0,0.0030120481927710845,0.0,0.0,0.0,0.0030120481927710845,0.0,0.0,0.0,0.0,0.0,0.0,0.0,0.0,0.0030120481927710845,0.0,0.0,0.018072289156626505,0.0,0.024096385542168676,0.018072289156626505,0.015060240963855422,0.0,0.0030120481927710845,0.006024096385542169,0.006024096385542169,0.0,0.0030120481927710845,0.006024096385542169,0.012048192771084338,0.030120481927710843,0.018072289156626505,0.006024096385542169,0.0,0.009036144578313253,0.04216867469879518,0.0030120481927710845,0.0030120481927710845,0.006024096385542169,0.012048192771084338,0.0,0.006024096385542169,0.0,0.0,0.0,0.0,0.0,0.0,0.0030120481927710845,0.0030120481927710845,0.0,0.0,0.0,0.0,0.0,0.0,0.0,0.0,0.0,0.0,0.0,0.0,0.0,0.0,0.0030120481927710845,0.0,0.0,0.0,0.0,0.0,0.0,0.0,0.0,0.0,0.0,0.0,0.006024096385542169,0.0,0.0,0.0,0.0,0.0,0.0,0.0,0.0,0.0,0.0,0.0,0.0,0.0,0.0030120481927710845,0.0,0.0,0.0,0.0,0.0,0.0,0.0,0.0,0.0,0.0,0.0030120481927710845,0.0,0.0030120481927710845,0.0,0.0,0.0,0.0,0.0,0.0,0.0,0.0,0.04216867469879518,0.0,0.0030120481927710845,0.0,0.0,0.0030120481927710845,0.0,0.0030120481927710845,0.0,0.0,0.0,0.0,0.0,0.012048192771084338,0.0,0.0,0.0,0.0,0.0,0.0030120481927710845,0.0,0.0,0.0,0.0,0.0,0.012048192771084338,0.0,0.0,0.0,0.0,0.0,0.0,0.0,0.0,0.0030120481927710845,0.0,0.0,0.0,0.0,0.0,0.0,0.0,0.0,0.006024096385542169,0.0,0.0,0.0,0.0,0.0,0.0,0.0,0.0,0.0,0.0,0.0,0.0,0.0,0.0,0.0,0.012048192771084338,0.0,0.0,0.0,0.0,4.961531
83,vimeo1,0,stream,131.202.240.150,131.202.244.5,55935,53,17,scs_str_NULL,server_name_str_NULL,0,http_content_type_NULL,http_user_agent_NULL,http_accept_language_NULL,http_server_NULL,http_code_NULL,dns_domain_name_NULL,dns_ttl_NULL,dns_num_ip_NULL,dns_domain_rank_NULL,34.0,0.0,298.0,0.0,94,1,1,34,298,34,34,298,298,3.5319148936170213,0.0,0,94.0,0.0,0,94,0,0,94,94,0,0.010638297872340425,0.02127659574468085,64,63,0.0,0.0,0.0,0.0,0.0,0.0,0.0,0.0,0.0,0.0,0.0,0.0,0.0,0.0,0.0,0.0,0.0,0.0,0.0,0.0,0.0,0.0,0.0,0.0,0.0,0.0,0.0,0.0,0.0,0.0,0.0,0.0,0.0,0.0,0.0,0.0,0.0,0.0,0.0,0.0,0.0,0.0,0.0,0.0,0.0,0.0,0.0,0.0,0.0,0.0,0.0,0.0,0.0,0.0,0.0,0.0,0.0,0.0,0.0,0.0,0.0,0.0,0.0,0.0,0.0,0.0,0.0,0.0,0.0,0.0,0.0,0.0,0.0,0.0,0.0,0.0,0.0,0.0,0.0,0.0,0.0,0.0,0.0,0.0,0.0,0.0,0.0,0.0,0.0,0.0,0.0,0.0,0.0,0.0,0.0,0.0,0.0,0.0,0.0,0.0,0.0,0.0,0.0,0.0,0.0,0.0,0.0,0.0,0.0,0.0,0.0,0.0,0.0,0.0,0.0,0.0,0.0,0.0,0.0,0.0,0.0,0.0,0.0,0.0,0.0,0.0,0.0,0.0,0.0,0.0,0.0,0.0,0.0,0.0,0.0,0.0,0.0,0.0,0.0,0.0,0.0,0.0,0.0,0.0,0.0,0.0,0.0,0.0,0.0,0.0,0.0,0.0,0.0,0.0,0.0,0.0,0.0,0.0,0.0,0.0,0.0,0.0,0.0,0.0,0.0,0.0,0.0,0.0,0.0,0.0,0.0,0.0,0.0,0.0,0.0,0.0,0.0,0.0,0.0,0.0,0.0,0.0,0.0,0.0,0.0,0.0,0.0,0.0,0.0,0.0,0.0,0.0,0.0,0.0,0.0,0.0,0.0,0.0,0.0,0.0,0.0,0.0,0.0,0.0,0.0,0.0,0.0,0.0,0.0,0.0,0.0,0.0,0.0,0.0,0.0,0.0,0.0,0.0,0.0,0.0,1.0,0.0,0.0,0.0,0.0,0.0,0.0,0.0,0.0,0.0,0.0,0.0,0.0,0.0,0.0,0.0,0.0,0.0,0.0,0.0,0.0,0.0,0.0,0.0,0.0,0.0,0.0,0.0,0.0,0.0,0.0,0.0,0.0,0.0,0.0,0.0,0.0,0.0,0.0,0.0,0.0,0.0,0.0,0.0,0.0,0.0,0.0,0.0,0.0,0.0,0.0,0.0,0.0,0.0,0.0,0.0,0.0,0.0,0.0,0.0,0.0,0.0,0.0,0.0,0.0,0.0,0.0,0.0,0.0,0.0,0.0,0.0,0.0,0.0,0.0,0.0,0.0,0.0,0.0,0.0,0.0,0.0,0.0,0.0,0.0,0.0,0.0,0.0,0.0,0.0,0.0,0.0,0.0,0.0,0.0,0.0,0.0,0.0,0.0,0.0,0.0,0.0,0.0,0.0,0.0,0.0,0.0,0.0,0.0,0.0,0.0,0.0,0.0,0.0,0.0,0.0,0.0,0.0,0.0,0.0,0.0,0.0,0.0,0.0,0.0,0.0,0.0,0.0,0.0,0.0,0.0,0.0,0.0,0.0,0.0,0.0,0.0,0.0,0.0,0.0,0.0,0.0,0.0,0.0,0.0,0.0,0.0,0.0,0.0,0.0,0.0,0.0,0.0,0.0,0.0,0.0,0.0,0.0,0.0,0.0,0.0,0.0,0.0,0.0,0.0,0.0,0.0,0.0,0.0,0.0,0.0,0.0,0.0,0.0,0.0,0.0,0.0,0.0,0.0,0.0,0.2319277108433735,0.10542168674698796,0.018072289156626505,0.012048192771084338,0.03313253012048193,0.009036144578313253,0.009036144578313253,0.006024096385542169,0.0,0.012048192771084338,0.0,0.0,0.012048192771084338,0.0,0.0,0.0,0.0,0.0,0.0030120481927710845,0.012048192771084338,0.0,0.0,0.0030120481927710845,0.009036144578313253,0.0,0.006024096385542169,0.0,0.0,0.0,0.0,0.012048192771084338,0.0,0.0,0.0030120481927710845,0.0,0.0,0.0,0.0030120481927710845,0.0,0.0,0.0,0.0,0.0,0.0030120481927710845,0.0,0.024096385542168676,0.0,0.0,0.006024096385542169,0.009036144578313253,0.006024096385542169,0.006024096385542169,0.009036144578313253,0.009036144578313253,0.009036144578313253,0.0030120481927710845,0.012048192771084338,0.0,0.0,0.0,0.0,0.0,0.0,0.0,0.0,0.0,0.0,0.0030120481927710845,0.0,0.0,0.0030120481927710845,0.0,0.0,0.0,0.0,0.0,0.0,0.0,0.0,0.0,0.0,0.0030120481927710845,0.0,0.0,0.0,0.0030120481927710845,0.0,0.0,0.0,0.0030120481927710845,0.0,0.0,0.0,0.0,0.0030120481927710845,0.0,0.0,0.018072289156626505,0.0,0.009036144578313253,0.012048192771084338,0.015060240963855422,0.0,0.0030120481927710845,0.006024096385542169,0.006024096385542169,0.0,0.0030120481927710845,0.006024096385542169,0.012048192771084338,0.030120481927710843,0.03614457831325301,0.006024096385542169,0.0,0.009036144578313253,0.04216867469879518,0.0030120481927710845,0.0030120481927710845,0.006024096385542169,0.012048192771084338,0.0,0.006024096385542169,0.0,0.0,0.0,0.0,0.0,0.0,0.0030120481927710845,0.0030120481927710845,0.0,0.0,0.0,0.0,0.0,0.0,0.0,0.0,0.0,0.0,0.0030120481927710845,0.0,0.0,0.0,0.0,0.0,0.0,0.0,0.0,0.0,0.0,0.0,0.0,0.0,0.0,0.0,0.006024096385542169,0.0,0.0,0.0,0.0030120481927710845,0.0,0.0,0.0,0.0,0.0,0.0,0.0,0.0,0.0,0.0030120481927710845,0.0,0.0,0.0,0.0030120481927710845,0.0,0.0,0.0,0.0,0.0,0.0,0.0,0.0,0.0030120481927710845,0.0,0.0,0.0,0.0,0.0,0.0,0.0,0.0,0.04216867469879518,0.0,0.02108433734939759,0.0,0.0,0.0030120481927710845,0.0,0.0030120481927710845,0.0,0.0,0.0,0.0,0.0,0.012048192771084338,0.0,0.0,0.0,0.0030120481927710845,0.0,0.0,0.0,0.0,0.0,0.0,0.0,0.012048192771084338,0.0,0.0,0.0,0.0,0.0,0.0,0.0,0.0,0.0,0.0,0.0,0.0,0.0,0.0,0.0,0.0,0.0,0.006024096385542169,0.0,0.0,0.0,0.0,0.0,0.0,0.0,0.0,0.0,0.0,0.0,0.0,0.0,0.0,0.0,0.012048192771084338,0.0,0.0,0.0,0.0,4.959257
84,vimeo1,0,stream,131.202.240.150,131.202.6.3,55935,53,17,scs_str_NULL,server_name_str_NULL,0,http_content_type_NULL,http_user_agent_NULL,http_accept_language_NULL,http_server_NULL,http_code_NULL,dns_domain_name_NULL,dns_ttl_NULL,dns_num_ip_NULL,dns_domain_rank_NULL,34.0,0.0,250.0,0.0,45,1,1,34,250,34,34,250,250,6.311111111111111,0.0,0,45.0,0.0,0,45,0,0,45,45,0,0.022222222222222223,0.044444444444444446,64,60,0.0,0.0,0.0,0.0,0.0,0.0,0.0,0.0,0.0,0.0,0.0,0.0,0.0,0.0,0.0,0.0,0.0,0.0,0.0,0.0,0.0,0.0,0.0,0.0,0.0,0.0,0.0,0.0,0.0,0.0,0.0,0.0,0.0,0.0,0.0,0.0,0.0,0.0,0.0,0.0,0.0,0.0,0.0,0.0,0.0,0.0,0.0,0.0,0.0,0.0,0.0,0.0,0.0,0.0,0.0,0.0,0.0,0.0,0.0,0.0,0.0,0.0,0.0,0.0,0.0,0.0,0.0,0.0,0.0,0.0,0.0,0.0,0.0,0.0,0.0,0.0,0.0,0.0,0.0,0.0,0.0,0.0,0.0,0.0,0.0,0.0,0.0,0.0,0.0,0.0,0.0,0.0,0.0,0.0,0.0,0.0,0.0,0.0,0.0,0.0,0.0,0.0,0.0,0.0,0.0,0.0,0.0,0.0,0.0,0.0,0.0,0.0,0.0,0.0,0.0,0.0,0.0,0.0,0.0,0.0,0.0,0.0,0.0,0.0,0.0,0.0,0.0,0.0,0.0,0.0,0.0,0.0,0.0,0.0,0.0,0.0,0.0,0.0,0.0,0.0,0.0,0.0,0.0,0.0,0.0,0.0,0.0,0.0,0.0,0.0,0.0,0.0,0.0,0.0,0.0,0.0,0.0,0.0,0.0,0.0,0.0,0.0,0.0,0.0,0.0,0.0,0.0,0.0,0.0,0.0,0.0,0.0,0.0,0.0,0.0,0.0,0.0,0.0,0.0,0.0,0.0,0.0,0.0,0.0,0.0,0.0,0.0,0.0,0.0,0.0,0.0,0.0,0.0,0.0,0.0,0.0,0.0,0.0,0.0,0.0,0.0,0.0,0.0,0.0,0.0,0.0,0.0,0.0,0.0,0.0,0.0,0.0,0.0,0.0,0.0,0.0,0.0,0.0,0.0,0.0,1.0,0.0,0.0,0.0,0.0,0.0,0.0,0.0,0.0,0.0,0.0,0.0,0.0,0.0,0.0,0.0,0.0,0.0,0.0,0.0,0.0,0.0,0.0,0.0,0.0,0.0,0.0,0.0,0.0,0.0,0.0,0.0,0.0,0.0,0.0,0.0,0.0,0.0,0.0,0.0,0.0,0.0,0.0,0.0,0.0,0.0,0.0,0.0,0.0,0.0,0.0,0.0,0.0,0.0,0.0,0.0,0.0,0.0,0.0,0.0,0.0,0.0,0.0,0.0,0.0,0.0,0.0,0.0,0.0,0.0,0.0,0.0,0.0,0.0,0.0,0.0,0.0,0.0,0.0,0.0,0.0,0.0,0.0,0.0,0.0,0.0,0.0,0.0,0.0,0.0,0.0,0.0,0.0,0.0,0.0,0.0,0.0,0.0,0.0,0.0,0.0,0.0,0.0,0.0,0.0,0.0,0.0,0.0,0.0,0.0,0.0,0.0,0.0,0.0,0.0,0.0,0.0,0.0,0.0,0.0,0.0,0.0,0.0,0.0,0.0,0.0,0.0,0.0,0.0,0.0,0.0,0.0,0.0,0.0,0.0,0.0,0.0,0.0,0.0,0.0,0.0,0.0,0.0,0.0,0.0,0.0,0.0,0.0,0.0,0.0,0.0,0.0,0.0,0.0,0.0,0.0,0.0,0.0,0.0,0.0,0.0,0.0,0.0,0.0,0.0,0.0,0.0,0.0,0.0,0.0,0.0,0.0,0.0,0.0,0.0,0.0,0.0,0.0,0.0,0.0,0.22887323943661972,0.09507042253521127,0.02112676056338028,0.014084507042253521,0.02464788732394366,0.01056338028169014,0.01056338028169014,0.007042253521126761,0.0,0.014084507042253521,0.0,0.0,0.014084507042253521,0.0,0.0,0.0,0.0,0.0,0.0035211267605633804,0.014084507042253521,0.0,0.0,0.0035211267605633804,0.01056338028169014,0.0,0.007042253521126761,0.0,0.0,0.0,0.0,0.014084507042253521,0.0,0.0,0.0035211267605633804,0.0,0.0,0.0,0.0035211267605633804,0.0,0.0,0.0,0.0,0.0,0.0,0.0,0.028169014084507043,0.0,0.0,0.007042253521126761,0.01056338028169014,0.007042253521126761,0.007042253521126761,0.01056338028169014,0.01056338028169014,0.01056338028169014,0.0035211267605633804,0.014084507042253521,0.0,0.0,0.0,0.0,0.0,0.0,0.0,0.0,0.0,0.0,0.0,0.0,0.0,0.0035211267605633804,0.0,0.0,0.0,0.0,0.0,0.0,0.0,0.0,0.0,0.0,0.0035211267605633804,0.0,0.0,0.0,0.0035211267605633804,0.0,0.0,0.0,0.0,0.0,0.0,0.0,0.0,0.0,0.0,0.0,0.02112676056338028,0.0,0.01056338028169014,0.014084507042253521,0.017605633802816902,0.0,0.0035211267605633804,0.007042253521126761,0.007042253521126761,0.0,0.0035211267605633804,0.007042253521126761,0.014084507042253521,0.03169014084507042,0.03873239436619718,0.007042253521126761,0.0,0.01056338028169014,0.04929577464788732,0.0035211267605633804,0.0035211267605633804,0.007042253521126761,0.014084507042253521,0.0,0.007042253521126761,0.0,0.0,0.0,0.0,0.0,0.0,0.0035211267605633804,0.0035211267605633804,0.0,0.0,0.0,0.0,0.0,0.0,0.0,0.0,0.0,0.0,0.0,0.0,0.0,0.0,0.0035211267605633804,0.0,0.0,0.0,0.0,0.0,0.0,0.0,0.0,0.0,0.0,0.0,0.007042253521126761,0.0,0.0,0.0,0.0,0.0,0.0,0.0,0.0,0.0,0.0,0.0,0.0,0.0,0.0,0.0,0.0,0.0,0.0,0.0,0.0,0.0,0.0,0.0,0.0,0.0,0.0,0.0,0.0,0.0,0.0,0.0,0.0,0.0,0.0,0.0,0.03873239436619718,0.0,0.017605633802816902,0.0,0.0,0.0,0.0,0.0,0.0,0.0,0.0,0.0,0.0,0.0035211267605633804,0.0,0.0,0.0,0.0,0.0,0.0,0.0,0.0,0.0,0.0,0.0,0.014084507042253521,0.0,0.0,0.0,0.0,0.0,0.0,0.0,0.0,0.0,0.0,0.0,0.0,0.0,0.0,0.0,0.0,0.0,0.007042253521126761,0.0,0.0,0.0,0.0,0.0,0.0,0.0,0.0,0.0,0.0,0.0,0.0,0.0,0.0,0.0,0.0035211267605633804,0.0,0.0,0.0,0.0,4.894608
85,vimeo1,0,stream,131.202.240.150,23.235.33.217,40242,443,6,c02f,0013000010706c617965722e76696d656f2e636f6d,0,http_content_type_NULL,http_user_agent_NULL,http_accept_language_NULL,http_server_NULL,http_code_NULL,player.vimeo.com,dns_ttl_NULL,4,dns_domain_rank_NULL,497.5,518.9327991175736,435.0,294.0,194,4,2,1990,870,1338,51,729,141,14.742268041237113,11.0,18.479718612576328,75.0,31.0,44,150,43,0,106,44,0.09090909090909091,0.013333333333333334,0.030927835051546393,64,52,0.0,0.0,0.0,0.0,0.0,0.0,0.0,0.0,0.2,0.0,0.2,0.0,0.0,0.0,0.0,0.0,0.0,0.0,0.0,0.0,0.0,0.0,0.0,0.0,0.0,0.0,0.0,0.0,0.0,0.0,0.0,0.0,0.0,0.0,0.0,0.0,0.0,0.0,0.0,0.0,0.0,0.0,0.0,0.0,0.0,0.0,0.0,0.0,0.0,0.0,0.0,0.0,0.0,0.0,0.0,0.0,0.0,0.0,0.0,0.0,0.0,0.0,0.0,0.0,0.0,0.0,0.0,0.0,0.0,0.0,0.0,0.0,0.0,0.0,0.0,0.0,0.0,0.0,0.0,0.0,0.0,0.0,0.0,0.0,0.0,0.0,0.0,0.0,0.0,0.0,0.0,0.0,0.0,0.0,0.0,0.0,0.0,0.0,0.0,0.0,0.0,0.0,0.0,0.0,0.0,0.0,0.0,0.0,0.0,0.0,0.0,0.0,0.0,0.0,0.0,0.0,0.0,0.0,0.0,0.0,0.0,0.0,0.0,0.0,0.0,0.0,0.0,0.0,0.0,0.0,0.0,0.0,0.0,0.0,0.0,0.0,0.0,0.0,0.0,0.0,0.0,0.0,0.0,0.0,0.0,0.0,0.0,0.0,0.0,0.0,0.0,0.0,0.0,0.0,0.0,0.0,0.0,0.0,0.0,0.0,0.2,0.0,0.0,0.0,0.0,0.0,0.0,0.0,0.0,0.0,0.0,0.0,0.0,0.0,0.0,0.0,0.0,0.0,0.0,0.0,0.0,0.0,0.0,0.0,0.0,0.0,0.0,0.0,0.0,0.0,0.0,0.0,0.0,0.0,0.0,0.0,0.0,0.0,0.0,0.0,0.0,0.0,0.0,0.2,0.0,0.0,0.0,0.0,0.0,0.0,0.0,0.0,0.0,0.0,0.0,0.0,0.0,0.0,0.0,0.0,0.0,0.0,0.0,0.0,0.0,0.0,0.0,0.0,0.0,0.0,0.0,0.0,0.0,0.0,0.0,0.0,0.0,0.0,0.0,0.0,0.0,0.0,0.0,0.0,0.0,0.0,0.0,0.0,0.0,0.0,0.0,0.0,0.0,0.0,0.0,0.0,0.0,0.0,0.0,0.0,0.0,0.0,0.0,0.0,0.0,0.0,0.0,0.0,0.0,0.0,0.0,0.0,0.0,0.0,0.0,0.0,0.0,0.0,0.0,0.0,0.2,0.0,0.0,0.0,0.0,0.0,0.0,0.0,0.0,0.0,0.0,0.0,0.0,0.0,0.0,0.0,0.0,0.0,0.0,0.0,0.0,0.0,0.0,0.0,0.0,0.0,0.0,0.0,0.0,0.0,0.0,0.0,0.0,0.0,0.0,0.0,0.0,0.0,0.0,0.0,0.0,0.0,0.0,0.0,0.0,0.0,0.0,0.0,0.0,0.0,0.0,0.0,0.0,0.0,0.0,0.0,0.0,0.0,0.0,0.0,0.0,0.0,0.0,0.0,0.0,0.0,0.0,0.0,0.0,0.0,0.0,0.0,0.0,0.0,0.0,0.0,0.0,0.0,0.0,0.0,0.0,0.0,0.0,0.0,0.0,0.0,0.0,0.0,0.0,0.0,0.0,0.0,0.0,0.0,0.0,0.0,0.0,0.0,0.0,0.0,0.0,0.0,0.0,0.0,0.0,0.0,0.0,0.0,0.0,0.0,0.0,0.0,0.0,0.0,0.0,0.0,0.0,0.0,0.0,0.0,0.05489510489510489,0.00944055944055944,0.006643356643356644,0.011188811188811189,0.005244755244755245,0.005594405594405594,0.0034965034965034965,0.0034965034965034965,0.003146853146853147,0.0017482517482517483,0.0024475524475524478,0.004195804195804196,0.003146853146853147,0.004195804195804196,0.0034965034965034965,0.002097902097902098,0.0024475524475524478,0.002797202797202797,0.004545454545454545,0.0073426573426573424,0.005594405594405594,0.0017482517482517483,0.004545454545454545,0.005594405594405594,0.004545454545454545,0.0034965034965034965,0.0048951048951048955,0.004545454545454545,0.002097902097902098,0.0017482517482517483,0.0034965034965034965,0.0034965034965034965,0.0034965034965034965,0.004195804195804196,0.004545454545454545,0.0048951048951048955,0.0038461538461538464,0.0034965034965034965,0.0034965034965034965,0.002797202797202797,0.0048951048951048955,0.003146853146853147,0.0048951048951048955,0.0034965034965034965,0.003146853146853147,0.002797202797202797,0.004195804195804196,0.006643356643356644,0.0034965034965034965,0.004545454545454545,0.003146853146853147,0.005244755244755245,0.003146853146853147,0.003146853146853147,0.0034965034965034965,0.005244755244755245,0.004195804195804196,0.004545454545454545,0.002797202797202797,0.005244755244755245,0.005244755244755245,0.0024475524475524478,0.0017482517482517483,0.0038461538461538464,0.003146853146853147,0.0013986013986013986,0.0048951048951048955,0.0034965034965034965,0.003146853146853147,0.004545454545454545,0.0038461538461538464,0.0048951048951048955,0.004545454545454545,0.002097902097902098,0.0034965034965034965,0.00034965034965034965,0.0038461538461538464,0.0038461538461538464,0.0034965034965034965,0.0073426573426573424,0.002797202797202797,0.0024475524475524478,0.0024475524475524478,0.0034965034965034965,0.0034965034965034965,0.004195804195804196,0.003146853146853147,0.0024475524475524478,0.002797202797202797,0.001048951048951049,0.005244755244755245,0.002097902097902098,0.0013986013986013986,0.0034965034965034965,0.003146853146853147,0.004545454545454545,0.003146853146853147,0.005244755244755245,0.003146853146853147,0.005944055944055944,0.006293706293706294,0.004195804195804196,0.002797202797202797,0.002797202797202797,0.004195804195804196,0.0048951048951048955,0.0034965034965034965,0.004195804195804196,0.0024475524475524478,0.0038461538461538464,0.002097902097902098,0.005244755244755245,0.0038461538461538464,0.0048951048951048955,0.004545454545454545,0.0048951048951048955,0.0048951048951048955,0.0048951048951048955,0.002797202797202797,0.0048951048951048955,0.004545454545454545,0.004545454545454545,0.0013986013986013986,0.002097902097902098,0.0048951048951048955,0.006993006993006993,0.005594405594405594,0.0034965034965034965,0.0038461538461538464,0.002097902097902098,0.002797202797202797,0.0034965034965034965,0.004545454545454545,0.0024475524475524478,0.0048951048951048955,0.0048951048951048955,0.0038461538461538464,0.005244755244755245,0.005244755244755245,0.002797202797202797,0.0034965034965034965,0.003146853146853147,0.002097902097902098,0.006293706293706294,0.004195804195804196,0.0024475524475524478,0.0038461538461538464,0.0034965034965034965,0.0038461538461538464,0.0038461538461538464,0.0034965034965034965,0.002797202797202797,0.0017482517482517483,0.0024475524475524478,0.002797202797202797,0.005244755244755245,0.004195804195804196,0.004545454545454545,0.0038461538461538464,0.002797202797202797,0.0038461538461538464,0.002097902097902098,0.005244755244755245,0.0048951048951048955,0.0017482517482517483,0.002097902097902098,0.0024475524475524478,0.003146853146853147,0.004195804195804196,0.0024475524475524478,0.002797202797202797,0.0017482517482517483,0.0038461538461538464,0.004195804195804196,0.005244755244755245,0.004195804195804196,0.005944055944055944,0.004545454545454545,0.002797202797202797,0.006293706293706294,0.0034965034965034965,0.002097902097902098,0.005594405594405594,0.002097902097902098,0.001048951048951049,0.0034965034965034965,0.0024475524475524478,0.0038461538461538464,0.003146853146853147,0.004195804195804196,0.004195804195804196,0.005244755244755245,0.005944055944055944,0.003146853146853147,0.0034965034965034965,0.0024475524475524478,0.005594405594405594,0.002797202797202797,0.0013986013986013986,0.0034965034965034965,0.0034965034965034965,0.0017482517482517483,0.0034965034965034965,0.0034965034965034965,0.006293706293706294,0.0034965034965034965,0.002797202797202797,0.0048951048951048955,0.0034965034965034965,0.001048951048951049,0.004195804195804196,0.004195804195804196,0.0013986013986013986,0.004195804195804196,0.003146853146853147,0.004195804195804196,0.0006993006993006993,0.0034965034965034965,0.0006993006993006993,0.0038461538461538464,0.004195804195804196,0.0038461538461538464,0.0048951048951048955,0.004545454545454545,0.002797202797202797,0.002797202797202797,0.003146853146853147,0.004545454545454545,0.0038461538461538464,0.004195804195804196,0.002097902097902098,0.0038461538461538464,0.003146853146853147,0.0034965034965034965,0.0034965034965034965,0.0017482517482517483,0.0034965034965034965,0.003146853146853147,0.0017482517482517483,0.002097902097902098,0.0034965034965034965,0.0013986013986013986,0.0034965034965034965,0.0038461538461538464,0.004545454545454545,0.002097902097902098,0.0034965034965034965,0.0013986013986013986,0.002797202797202797,0.005944055944055944,0.0048951048951048955,0.0048951048951048955,0.0024475524475524478,0.003146853146853147,0.004545454545454545,0.0034965034965034965,7.763711
86,vimeo1,0,stream,131.202.240.150,23.235.33.217,40243,443,6,c02f,0013000010706c617965722e76696d656f2e636f6d,0,http_content_type_NULL,http_user_agent_NULL,http_accept_language_NULL,http_server_NULL,http_code_NULL,player.vimeo.com,dns_ttl_NULL,4,dns_domain_rank_NULL,497.25,519.1321483976889,435.0,294.0,193,4,2,1989,870,1338,51,729,141,14.813471502590673,10.75,18.619546181365433,75.0,31.0,43,150,43,0,106,44,0.09302325581395349,0.013333333333333334,0.031088082901554404,64,52,0.0,0.0,0.0,0.0,0.0,0.0,0.0,0.0,0.2,0.0,0.2,0.0,0.0,0.0,0.0,0.0,0.0,0.0,0.0,0.0,0.0,0.0,0.0,0.0,0.0,0.0,0.0,0.0,0.0,0.0,0.0,0.0,0.0,0.0,0.0,0.0,0.0,0.0,0.0,0.0,0.0,0.0,0.0,0.0,0.0,0.0,0.0,0.0,0.0,0.0,0.0,0.0,0.0,0.0,0.0,0.0,0.0,0.0,0.0,0.0,0.0,0.0,0.0,0.0,0.0,0.0,0.0,0.0,0.0,0.0,0.0,0.0,0.0,0.0,0.0,0.0,0.0,0.0,0.0,0.0,0.0,0.0,0.0,0.0,0.0,0.0,0.0,0.0,0.0,0.0,0.0,0.0,0.0,0.0,0.0,0.0,0.0,0.0,0.0,0.0,0.0,0.0,0.0,0.0,0.0,0.0,0.0,0.0,0.0,0.0,0.0,0.0,0.0,0.0,0.0,0.0,0.0,0.0,0.0,0.0,0.0,0.0,0.0,0.0,0.0,0.0,0.0,0.0,0.0,0.0,0.0,0.0,0.0,0.0,0.0,0.0,0.0,0.0,0.0,0.0,0.0,0.0,0.0,0.0,0.0,0.0,0.0,0.0,0.0,0.0,0.0,0.0,0.0,0.0,0.0,0.0,0.0,0.0,0.0,0.0,0.2,0.0,0.0,0.0,0.0,0.0,0.0,0.0,0.0,0.0,0.0,0.0,0.0,0.0,0.0,0.0,0.0,0.0,0.0,0.0,0.0,0.0,0.0,0.0,0.0,0.0,0.0,0.0,0.0,0.0,0.0,0.0,0.0,0.0,0.0,0.0,0.0,0.0,0.0,0.0,0.0,0.0,0.0,0.2,0.0,0.0,0.0,0.0,0.0,0.0,0.0,0.0,0.0,0.0,0.0,0.0,0.0,0.0,0.0,0.0,0.0,0.0,0.0,0.0,0.0,0.0,0.0,0.0,0.0,0.0,0.0,0.0,0.0,0.0,0.0,0.0,0.0,0.0,0.0,0.0,0.0,0.0,0.0,0.0,0.0,0.0,0.0,0.0,0.0,0.0,0.0,0.0,0.0,0.0,0.0,0.0,0.0,0.0,0.0,0.0,0.0,0.0,0.0,0.0,0.0,0.0,0.0,0.0,0.0,0.0,0.0,0.0,0.0,0.0,0.0,0.0,0.0,0.0,0.0,0.0,0.2,0.0,0.0,0.0,0.0,0.0,0.0,0.0,0.0,0.0,0.0,0.0,0.0,0.0,0.0,0.0,0.0,0.0,0.0,0.0,0.0,0.0,0.0,0.0,0.0,0.0,0.0,0.0,0.0,0.0,0.0,0.0,0.0,0.0,0.0,0.0,0.0,0.0,0.0,0.0,0.0,0.0,0.0,0.0,0.0,0.0,0.0,0.0,0.0,0.0,0.0,0.0,0.0,0.0,0.0,0.0,0.0,0.0,0.0,0.0,0.0,0.0,0.0,0.0,0.0,0.0,0.0,0.0,0.0,0.0,0.0,0.0,0.0,0.0,0.0,0.0,0.0,0.0,0.0,0.0,0.0,0.0,0.0,0.0,0.0,0.0,0.0,0.0,0.0,0.0,0.0,0.0,0.0,0.0,0.0,0.0,0.0,0.0,0.0,0.0,0.0,0.0,0.0,0.0,0.0,0.0,0.0,0.0,0.0,0.0,0.0,0.0,0.0,0.0,0.0,0.0,0.0,0.0,0.0,0.0,0.05596362364463099,0.011892270024484085,0.008044770898915705,0.011892270024484085,0.0038474991255683807,0.004896817068905212,0.002448408534452606,0.003497726477789437,0.0038474991255683807,0.0031479538300104933,0.004197271773347324,0.005596362364463099,0.002448408534452606,0.004896817068905212,0.002448408534452606,0.0027981811822315496,0.0031479538300104933,0.0038474991255683807,0.0027981811822315496,0.005246589716684155,0.004896817068905212,0.003497726477789437,0.00664568030779993,0.004896817068905212,0.0027981811822315496,0.002448408534452606,0.0038474991255683807,0.002098635886673662,0.0038474991255683807,0.004547044421126268,0.0027981811822315496,0.0038474991255683807,0.004547044421126268,0.002098635886673662,0.003497726477789437,0.004197271773347324,0.0038474991255683807,0.004197271773347324,0.004547044421126268,0.004547044421126268,0.004197271773347324,0.0031479538300104933,0.0027981811822315496,0.004197271773347324,0.0017488632388947185,0.004547044421126268,0.003497726477789437,0.003497726477789437,0.004547044421126268,0.004896817068905212,0.0031479538300104933,0.002448408534452606,0.0027981811822315496,0.005246589716684155,0.0027981811822315496,0.0031479538300104933,0.0013990905911157748,0.005246589716684155,0.0031479538300104933,0.005596362364463099,0.0031479538300104933,0.003497726477789437,0.0038474991255683807,0.003497726477789437,0.002098635886673662,0.0038474991255683807,0.004896817068905212,0.002098635886673662,0.004547044421126268,0.0027981811822315496,0.0038474991255683807,0.0031479538300104933,0.0027981811822315496,0.0038474991255683807,0.004896817068905212,0.002448408534452606,0.0031479538300104933,0.0031479538300104933,0.0038474991255683807,0.004197271773347324,0.003497726477789437,0.003497726477789437,0.004197271773347324,0.001049317943336831,0.0027981811822315496,0.0031479538300104933,0.003497726477789437,0.0031479538300104933,0.002448408534452606,0.0031479538300104933,0.0017488632388947185,0.004197271773347324,0.003497726477789437,0.003497726477789437,0.003497726477789437,0.0031479538300104933,0.005246589716684155,0.0031479538300104933,0.002448408534452606,0.0038474991255683807,0.0038474991255683807,0.0038474991255683807,0.0031479538300104933,0.004197271773347324,0.002098635886673662,0.003497726477789437,0.002448408534452606,0.002448408534452606,0.004197271773347324,0.0038474991255683807,0.0038474991255683807,0.0038474991255683807,0.0062959076600209865,0.004896817068905212,0.0031479538300104933,0.003497726477789437,0.004896817068905212,0.004547044421126268,0.005596362364463099,0.004896817068905212,0.004547044421126268,0.0038474991255683807,0.004197271773347324,0.004197271773347324,0.002448408534452606,0.005596362364463099,0.002448408534452606,0.004547044421126268,0.004896817068905212,0.004547044421126268,0.0017488632388947185,0.004197271773347324,0.0027981811822315496,0.002098635886673662,0.004197271773347324,0.0031479538300104933,0.006995452955578874,0.0038474991255683807,0.002098635886673662,0.004547044421126268,0.0017488632388947185,0.003497726477789437,0.0027981811822315496,0.004896817068905212,0.004197271773347324,0.0013990905911157748,0.005596362364463099,0.0038474991255683807,0.002098635886673662,0.0031479538300104933,0.002448408534452606,0.0038474991255683807,0.0031479538300104933,0.003497726477789437,0.0031479538300104933,0.003497726477789437,0.0027981811822315496,0.0038474991255683807,0.0031479538300104933,0.003497726477789437,0.004547044421126268,0.002098635886673662,0.005246589716684155,0.0017488632388947185,0.0038474991255683807,0.003497726477789437,0.005596362364463099,0.004547044421126268,0.0038474991255683807,0.004547044421126268,0.003497726477789437,0.0031479538300104933,0.004547044421126268,0.0027981811822315496,0.0031479538300104933,0.00664568030779993,0.0027981811822315496,0.003497726477789437,0.0031479538300104933,0.004197271773347324,0.0031479538300104933,0.002448408534452606,0.004547044421126268,0.0031479538300104933,0.0031479538300104933,0.004896817068905212,0.0031479538300104933,0.002098635886673662,0.0031479538300104933,0.0027981811822315496,0.0031479538300104933,0.002098635886673662,0.005946135012242042,0.002448408534452606,0.0038474991255683807,0.004896817068905212,0.0038474991255683807,0.004896817068905212,0.0031479538300104933,0.0031479538300104933,0.003497726477789437,0.0038474991255683807,0.0038474991255683807,0.0027981811822315496,0.0031479538300104933,0.005596362364463099,0.0017488632388947185,0.0027981811822315496,0.003497726477789437,0.0062959076600209865,0.005246589716684155,0.0027981811822315496,0.004197271773347324,0.0031479538300104933,0.0027981811822315496,0.004896817068905212,0.002098635886673662,0.005246589716684155,0.003497726477789437,0.0031479538300104933,0.0031479538300104933,0.002448408534452606,0.0017488632388947185,0.004197271773347324,0.002448408534452606,0.002448408534452606,0.004197271773347324,0.004547044421126268,0.004197271773347324,0.002448408534452606,0.004197271773347324,0.002098635886673662,0.003497726477789437,0.0038474991255683807,0.0027981811822315496,0.0027981811822315496,0.003497726477789437,0.005246589716684155,0.0038474991255683807,0.0031479538300104933,0.0031479538300104933,0.004197271773347324,0.002448408534452606,0.0038474991255683807,0.004547044421126268,0.004547044421126268,0.0038474991255683807,0.003497726477789437,0.002448408534452606,0.0027981811822315496,0.003497726477789437,0.002448408534452606,0.005946135012242042,0.0031479538300104933,0.004896817068905212,0.0038474991255683807,7.781994
87,vimeo1,0,stream,131.202.240.150,131.202.244.3,14513,53,17,scs_str_NULL,server_name_str_NULL,0,http_content_type_NULL,http_user_agent_NULL,http_accept_language_NULL,http_server_NULL,http_code_NULL,dns_domain_name_NULL,dns_ttl_NULL,dns_num_ip_NULL,dns_domain_rank_NULL,34.0,0.0,298.0,0.0,49,1,1,34,298,34,34,298,298,6.775510204081633,0.0,0,49.0,0.0,0,49,0,0,49,49,0,0.02040816326530612,0.04081632653061224,64,63,0.0,0.0,0.0,0.0,0.0,0.0,0.0,0.0,0.0,0.0,0.0,0.0,0.0,0.0,0.0,0.0,0.0,0.0,0.0,0.0,0.0,0.0,0.0,0.0,0.0,0.0,0.0,0.0,0.0,0.0,0.0,0.0,0.0,0.0,0.0,0.0,0.0,0.0,0.0,0.0,0.0,0.0,0.0,0.0,0.0,0.0,0.0,0.0,0.0,0.0,0.0,0.0,0.0,0.0,0.0,0.0,0.0,0.0,0.0,0.0,0.0,0.0,0.0,0.0,0.0,0.0,0.0,0.0,0.0,0.0,0.0,0.0,0.0,0.0,0.0,0.0,0.0,0.0,0.0,0.0,0.0,0.0,0.0,0.0,0.0,0.0,0.0,0.0,0.0,0.0,0.0,0.0,0.0,0.0,0.0,0.0,0.0,0.0,0.0,0.0,0.0,0.0,0.0,0.0,0.0,0.0,0.0,0.0,0.0,0.0,0.0,0.0,0.0,0.0,0.0,0.0,0.0,0.0,0.0,0.0,0.0,0.0,0.0,0.0,0.0,0.0,0.0,0.0,0.0,0.0,0.0,0.0,0.0,0.0,0.0,0.0,0.0,0.0,0.0,0.0,0.0,0.0,0.0,0.0,0.0,0.0,0.0,0.0,0.0,0.0,0.0,0.0,0.0,0.0,0.0,0.0,0.0,0.0,0.0,0.0,0.0,0.0,0.0,0.0,0.0,0.0,0.0,0.0,0.0,0.0,0.0,0.0,0.0,0.0,0.0,0.0,0.0,0.0,0.0,0.0,0.0,0.0,0.0,0.0,0.0,0.0,0.0,0.0,0.0,0.0,0.0,0.0,0.0,0.0,0.0,0.0,0.0,0.0,0.0,0.0,0.0,0.0,0.0,0.0,0.0,0.0,0.0,0.0,0.0,0.0,0.0,0.0,0.0,0.0,0.0,0.0,0.0,0.0,0.0,0.0,1.0,0.0,0.0,0.0,0.0,0.0,0.0,0.0,0.0,0.0,0.0,0.0,0.0,0.0,0.0,0.0,0.0,0.0,0.0,0.0,0.0,0.0,0.0,0.0,0.0,0.0,0.0,0.0,0.0,0.0,0.0,0.0,0.0,0.0,0.0,0.0,0.0,0.0,0.0,0.0,0.0,0.0,0.0,0.0,0.0,0.0,0.0,0.0,0.0,0.0,0.0,0.0,0.0,0.0,0.0,0.0,0.0,0.0,0.0,0.0,0.0,0.0,0.0,0.0,0.0,0.0,0.0,0.0,0.0,0.0,0.0,0.0,0.0,0.0,0.0,0.0,0.0,0.0,0.0,0.0,0.0,0.0,0.0,0.0,0.0,0.0,0.0,0.0,0.0,0.0,0.0,0.0,0.0,0.0,0.0,0.0,0.0,0.0,0.0,0.0,0.0,0.0,0.0,0.0,0.0,0.0,0.0,0.0,0.0,0.0,0.0,0.0,0.0,0.0,0.0,0.0,0.0,0.0,0.0,0.0,0.0,0.0,0.0,0.0,0.0,0.0,0.0,0.0,0.0,0.0,0.0,0.0,0.0,0.0,0.0,0.0,0.0,0.0,0.0,0.0,0.0,0.0,0.0,0.0,0.0,0.0,0.0,0.0,0.0,0.0,0.0,0.0,0.0,0.0,0.0,0.0,0.0,0.0,0.0,0.0,0.0,0.0,0.0,0.0,0.0,0.0,0.0,0.0,0.0,0.0,0.0,0.0,0.0,0.0,0.0,0.0,0.0,0.0,0.0,0.0,0.2319277108433735,0.10542168674698796,0.018072289156626505,0.012048192771084338,0.03313253012048193,0.015060240963855422,0.009036144578313253,0.006024096385542169,0.0,0.012048192771084338,0.0,0.0,0.012048192771084338,0.0,0.0,0.0,0.0,0.0,0.0030120481927710845,0.012048192771084338,0.0,0.0,0.0030120481927710845,0.009036144578313253,0.0,0.006024096385542169,0.0,0.0,0.0,0.0,0.012048192771084338,0.0,0.0030120481927710845,0.0030120481927710845,0.02108433734939759,0.0,0.0,0.0030120481927710845,0.0,0.015060240963855422,0.006024096385542169,0.0,0.0,0.0,0.0,0.024096385542168676,0.0,0.0,0.006024096385542169,0.009036144578313253,0.006024096385542169,0.006024096385542169,0.009036144578313253,0.0030120481927710845,0.009036144578313253,0.0030120481927710845,0.012048192771084338,0.0,0.0,0.0,0.0,0.0,0.0,0.0,0.0,0.0,0.0,0.0,0.0,0.0,0.0030120481927710845,0.0,0.0,0.0,0.0,0.0,0.0,0.0,0.0,0.0,0.0,0.0030120481927710845,0.0,0.0,0.0,0.0030120481927710845,0.0,0.0,0.0,0.0,0.0,0.0,0.0,0.0,0.0030120481927710845,0.0,0.0,0.018072289156626505,0.0,0.009036144578313253,0.012048192771084338,0.015060240963855422,0.0,0.0030120481927710845,0.006024096385542169,0.006024096385542169,0.0,0.0030120481927710845,0.006024096385542169,0.012048192771084338,0.030120481927710843,0.018072289156626505,0.006024096385542169,0.0,0.009036144578313253,0.03614457831325301,0.0030120481927710845,0.0030120481927710845,0.006024096385542169,0.012048192771084338,0.0,0.006024096385542169,0.0,0.0,0.0,0.0,0.0,0.0,0.0030120481927710845,0.0030120481927710845,0.0,0.0,0.0,0.0,0.0,0.0,0.0,0.0,0.0,0.0,0.006024096385542169,0.0,0.0,0.0,0.0,0.0,0.0,0.0030120481927710845,0.0,0.0,0.0,0.0,0.0,0.0,0.0,0.0,0.006024096385542169,0.0,0.0,0.0,0.0,0.0,0.0,0.0,0.0,0.0,0.0030120481927710845,0.0,0.0,0.0,0.0030120481927710845,0.0,0.0,0.0,0.0,0.0,0.0,0.0,0.0,0.0,0.0,0.0,0.0030120481927710845,0.0030120481927710845,0.0,0.0,0.0,0.0,0.0,0.0,0.0,0.0,0.04216867469879518,0.0,0.0030120481927710845,0.0,0.0,0.0030120481927710845,0.0,0.0030120481927710845,0.0,0.0,0.0,0.0,0.0,0.012048192771084338,0.0,0.0,0.0,0.0,0.0,0.0,0.0030120481927710845,0.0,0.0,0.0,0.0,0.012048192771084338,0.0,0.0,0.0,0.0,0.0,0.0,0.0,0.0,0.0,0.0,0.0,0.0,0.0,0.0,0.0,0.0,0.0,0.006024096385542169,0.0,0.0,0.0,0.0,0.0,0.0,0.0,0.0,0.0,0.0,0.0,0.0,0.0,0.0,0.0,0.012048192771084338,0.0,0.0,0.0,0.0,5.01975
88,vimeo1,0,stream,131.202.240.150,131.202.244.5,14513,53,17,scs_str_NULL,server_name_str_NULL,0,http_content_type_NULL,http_user_agent_NULL,http_accept_language_NULL,http_server_NULL,http_code_NULL,dns_domain_name_NULL,dns_ttl_NULL,dns_num_ip_NULL,dns_domain_rank_NULL,34.0,0.0,298.0,0.0,67,1,1,34,298,34,34,298,298,4.955223880597015,0.0,0,67.0,0.0,0,67,0,0,67,67,0,0.014925373134328358,0.029850746268656716,64,63,0.0,0.0,0.0,0.0,0.0,0.0,0.0,0.0,0.0,0.0,0.0,0.0,0.0,0.0,0.0,0.0,0.0,0.0,0.0,0.0,0.0,0.0,0.0,0.0,0.0,0.0,0.0,0.0,0.0,0.0,0.0,0.0,0.0,0.0,0.0,0.0,0.0,0.0,0.0,0.0,0.0,0.0,0.0,0.0,0.0,0.0,0.0,0.0,0.0,0.0,0.0,0.0,0.0,0.0,0.0,0.0,0.0,0.0,0.0,0.0,0.0,0.0,0.0,0.0,0.0,0.0,0.0,0.0,0.0,0.0,0.0,0.0,0.0,0.0,0.0,0.0,0.0,0.0,0.0,0.0,0.0,0.0,0.0,0.0,0.0,0.0,0.0,0.0,0.0,0.0,0.0,0.0,0.0,0.0,0.0,0.0,0.0,0.0,0.0,0.0,0.0,0.0,0.0,0.0,0.0,0.0,0.0,0.0,0.0,0.0,0.0,0.0,0.0,0.0,0.0,0.0,0.0,0.0,0.0,0.0,0.0,0.0,0.0,0.0,0.0,0.0,0.0,0.0,0.0,0.0,0.0,0.0,0.0,0.0,0.0,0.0,0.0,0.0,0.0,0.0,0.0,0.0,0.0,0.0,0.0,0.0,0.0,0.0,0.0,0.0,0.0,0.0,0.0,0.0,0.0,0.0,0.0,0.0,0.0,0.0,0.0,0.0,0.0,0.0,0.0,0.0,0.0,0.0,0.0,0.0,0.0,0.0,0.0,0.0,0.0,0.0,0.0,0.0,0.0,0.0,0.0,0.0,0.0,0.0,0.0,0.0,0.0,0.0,0.0,0.0,0.0,0.0,0.0,0.0,0.0,0.0,0.0,0.0,0.0,0.0,0.0,0.0,0.0,0.0,0.0,0.0,0.0,0.0,0.0,0.0,0.0,0.0,0.0,0.0,0.0,0.0,0.0,0.0,0.0,0.0,1.0,0.0,0.0,0.0,0.0,0.0,0.0,0.0,0.0,0.0,0.0,0.0,0.0,0.0,0.0,0.0,0.0,0.0,0.0,0.0,0.0,0.0,0.0,0.0,0.0,0.0,0.0,0.0,0.0,0.0,0.0,0.0,0.0,0.0,0.0,0.0,0.0,0.0,0.0,0.0,0.0,0.0,0.0,0.0,0.0,0.0,0.0,0.0,0.0,0.0,0.0,0.0,0.0,0.0,0.0,0.0,0.0,0.0,0.0,0.0,0.0,0.0,0.0,0.0,0.0,0.0,0.0,0.0,0.0,0.0,0.0,0.0,0.0,0.0,0.0,0.0,0.0,0.0,0.0,0.0,0.0,0.0,0.0,0.0,0.0,0.0,0.0,0.0,0.0,0.0,0.0,0.0,0.0,0.0,0.0,0.0,0.0,0.0,0.0,0.0,0.0,0.0,0.0,0.0,0.0,0.0,0.0,0.0,0.0,0.0,0.0,0.0,0.0,0.0,0.0,0.0,0.0,0.0,0.0,0.0,0.0,0.0,0.0,0.0,0.0,0.0,0.0,0.0,0.0,0.0,0.0,0.0,0.0,0.0,0.0,0.0,0.0,0.0,0.0,0.0,0.0,0.0,0.0,0.0,0.0,0.0,0.0,0.0,0.0,0.0,0.0,0.0,0.0,0.0,0.0,0.0,0.0,0.0,0.0,0.0,0.0,0.0,0.0,0.0,0.0,0.0,0.0,0.0,0.0,0.0,0.0,0.0,0.0,0.0,0.0,0.0,0.0,0.0,0.0,0.0,0.2319277108433735,0.10542168674698796,0.018072289156626505,0.012048192771084338,0.03313253012048193,0.015060240963855422,0.009036144578313253,0.006024096385542169,0.0,0.012048192771084338,0.0,0.0,0.012048192771084338,0.0,0.0,0.0,0.0,0.0,0.0030120481927710845,0.012048192771084338,0.0,0.0,0.0030120481927710845,0.009036144578313253,0.0,0.006024096385542169,0.0,0.0,0.0,0.0,0.012048192771084338,0.0,0.0,0.0030120481927710845,0.0,0.0,0.0,0.0030120481927710845,0.0,0.0,0.0,0.0,0.0,0.0,0.0,0.024096385542168676,0.0,0.0,0.006024096385542169,0.009036144578313253,0.006024096385542169,0.006024096385542169,0.009036144578313253,0.0030120481927710845,0.009036144578313253,0.0030120481927710845,0.012048192771084338,0.0,0.0,0.0,0.0,0.0,0.0,0.0,0.0,0.0,0.0030120481927710845,0.0,0.0,0.0,0.0030120481927710845,0.0,0.0,0.0,0.0,0.0,0.0,0.0,0.0,0.0,0.0,0.0030120481927710845,0.0,0.0,0.0,0.0030120481927710845,0.0,0.0,0.0,0.0030120481927710845,0.0,0.0,0.0,0.0,0.0030120481927710845,0.0,0.0,0.018072289156626505,0.0,0.009036144578313253,0.015060240963855422,0.015060240963855422,0.0,0.0030120481927710845,0.006024096385542169,0.006024096385542169,0.0,0.0030120481927710845,0.006024096385542169,0.012048192771084338,0.030120481927710843,0.03614457831325301,0.006024096385542169,0.0,0.009036144578313253,0.03614457831325301,0.0030120481927710845,0.0030120481927710845,0.006024096385542169,0.012048192771084338,0.0,0.006024096385542169,0.0,0.0,0.0,0.0,0.0,0.0,0.0030120481927710845,0.0030120481927710845,0.0,0.0,0.0,0.0,0.018072289156626505,0.0,0.0,0.0,0.0,0.0,0.006024096385542169,0.0,0.0,0.0,0.0,0.0030120481927710845,0.0,0.0,0.0,0.0,0.0,0.0,0.0,0.0,0.0,0.0,0.006024096385542169,0.0,0.0,0.0,0.0,0.0,0.0,0.0,0.0,0.0,0.0,0.0,0.0,0.0,0.0030120481927710845,0.0,0.0,0.0,0.0,0.0,0.0,0.0,0.0,0.0,0.0,0.0,0.0030120481927710845,0.0030120481927710845,0.0,0.0,0.0,0.0,0.0,0.0,0.0,0.0,0.04216867469879518,0.0,0.0030120481927710845,0.0,0.0,0.0030120481927710845,0.0,0.0030120481927710845,0.0,0.0,0.0,0.0,0.0,0.012048192771084338,0.0,0.0,0.0,0.0,0.0,0.0,0.0030120481927710845,0.0,0.0,0.0,0.0,0.012048192771084338,0.0,0.0,0.0,0.0,0.0,0.0,0.0,0.0,0.0,0.0,0.0,0.0,0.0,0.0,0.0,0.0,0.0,0.006024096385542169,0.0,0.0,0.0,0.0030120481927710845,0.0,0.0,0.0,0.0,0.0,0.0,0.0,0.0,0.0,0.0,0.0,0.012048192771084338,0.0,0.0,0.0,0.0,4.979484
89,vimeo1,0,stream,131.202.240.150,131.202.6.3,14513,53,17,scs_str_NULL,server_name_str_NULL,0,http_content_type_NULL,http_user_agent_NULL,http_accept_language_NULL,http_server_NULL,http_code_NULL,dns_domain_name_NULL,dns_ttl_NULL,dns_num_ip_NULL,dns_domain_rank_NULL,34.0,0.0,250.0,0.0,54,1,1,34,250,34,34,250,250,5.2592592592592595,0.0,0,54.0,0.0,0,54,0,0,54,54,0,0.018518518518518517,0.037037037037037035,64,60,0.0,0.0,0.0,0.0,0.0,0.0,0.0,0.0,0.0,0.0,0.0,0.0,0.0,0.0,0.0,0.0,0.0,0.0,0.0,0.0,0.0,0.0,0.0,0.0,0.0,0.0,0.0,0.0,0.0,0.0,0.0,0.0,0.0,0.0,0.0,0.0,0.0,0.0,0.0,0.0,0.0,0.0,0.0,0.0,0.0,0.0,0.0,0.0,0.0,0.0,0.0,0.0,0.0,0.0,0.0,0.0,0.0,0.0,0.0,0.0,0.0,0.0,0.0,0.0,0.0,0.0,0.0,0.0,0.0,0.0,0.0,0.0,0.0,0.0,0.0,0.0,0.0,0.0,0.0,0.0,0.0,0.0,0.0,0.0,0.0,0.0,0.0,0.0,0.0,0.0,0.0,0.0,0.0,0.0,0.0,0.0,0.0,0.0,0.0,0.0,0.0,0.0,0.0,0.0,0.0,0.0,0.0,0.0,0.0,0.0,0.0,0.0,0.0,0.0,0.0,0.0,0.0,0.0,0.0,0.0,0.0,0.0,0.0,0.0,0.0,0.0,0.0,0.0,0.0,0.0,0.0,0.0,0.0,0.0,0.0,0.0,0.0,0.0,0.0,0.0,0.0,0.0,0.0,0.0,0.0,0.0,0.0,0.0,0.0,0.0,0.0,0.0,0.0,0.0,0.0,0.0,0.0,0.0,0.0,0.0,0.0,0.0,0.0,0.0,0.0,0.0,0.0,0.0,0.0,0.0,0.0,0.0,0.0,0.0,0.0,0.0,0.0,0.0,0.0,0.0,0.0,0.0,0.0,0.0,0.0,0.0,0.0,0.0,0.0,0.0,0.0,0.0,0.0,0.0,0.0,0.0,0.0,0.0,0.0,0.0,0.0,0.0,0.0,0.0,0.0,0.0,0.0,0.0,0.0,0.0,0.0,0.0,0.0,0.0,0.0,0.0,0.0,0.0,0.0,0.0,1.0,0.0,0.0,0.0,0.0,0.0,0.0,0.0,0.0,0.0,0.0,0.0,0.0,0.0,0.0,0.0,0.0,0.0,0.0,0.0,0.0,0.0,0.0,0.0,0.0,0.0,0.0,0.0,0.0,0.0,0.0,0.0,0.0,0.0,0.0,0.0,0.0,0.0,0.0,0.0,0.0,0.0,0.0,0.0,0.0,0.0,0.0,0.0,0.0,0.0,0.0,0.0,0.0,0.0,0.0,0.0,0.0,0.0,0.0,0.0,0.0,0.0,0.0,0.0,0.0,0.0,0.0,0.0,0.0,0.0,0.0,0.0,0.0,0.0,0.0,0.0,0.0,0.0,0.0,0.0,0.0,0.0,0.0,0.0,0.0,0.0,0.0,0.0,0.0,0.0,0.0,0.0,0.0,0.0,0.0,0.0,0.0,0.0,0.0,0.0,0.0,0.0,0.0,0.0,0.0,0.0,0.0,0.0,0.0,0.0,0.0,0.0,0.0,0.0,0.0,0.0,0.0,0.0,0.0,0.0,0.0,0.0,0.0,0.0,0.0,0.0,0.0,0.0,0.0,0.0,0.0,0.0,0.0,0.0,0.0,0.0,0.0,0.0,0.0,0.0,0.0,0.0,0.0,0.0,0.0,0.0,0.0,0.0,0.0,0.0,0.0,0.0,0.0,0.0,0.0,0.0,0.0,0.0,0.0,0.0,0.0,0.0,0.0,0.0,0.0,0.0,0.0,0.0,0.0,0.0,0.0,0.0,0.0,0.0,0.0,0.0,0.0,0.0,0.0,0.0,0.22887323943661972,0.09507042253521127,0.02112676056338028,0.014084507042253521,0.02464788732394366,0.017605633802816902,0.01056338028169014,0.007042253521126761,0.0,0.014084507042253521,0.0,0.0,0.014084507042253521,0.0,0.0,0.0,0.0,0.0,0.0035211267605633804,0.014084507042253521,0.0,0.0,0.0035211267605633804,0.01056338028169014,0.0,0.007042253521126761,0.0,0.0,0.0,0.0,0.014084507042253521,0.0,0.0,0.0035211267605633804,0.0,0.0,0.0,0.0035211267605633804,0.0,0.0,0.0,0.0,0.0,0.0,0.0,0.028169014084507043,0.0,0.0,0.007042253521126761,0.01056338028169014,0.007042253521126761,0.007042253521126761,0.01056338028169014,0.0035211267605633804,0.01056338028169014,0.0035211267605633804,0.014084507042253521,0.0,0.0,0.0,0.0,0.0,0.0,0.0,0.0,0.0,0.0,0.0,0.0,0.0,0.0035211267605633804,0.0,0.0,0.0,0.0,0.0,0.0,0.0,0.0,0.0,0.0,0.0035211267605633804,0.0,0.0,0.0,0.0035211267605633804,0.0,0.0,0.0,0.0,0.0,0.0,0.0,0.0,0.0,0.0,0.0,0.02112676056338028,0.0,0.01056338028169014,0.014084507042253521,0.017605633802816902,0.0,0.0035211267605633804,0.007042253521126761,0.007042253521126761,0.0,0.0035211267605633804,0.007042253521126761,0.014084507042253521,0.03169014084507042,0.03873239436619718,0.007042253521126761,0.0,0.01056338028169014,0.04225352112676056,0.0035211267605633804,0.0035211267605633804,0.007042253521126761,0.014084507042253521,0.0,0.007042253521126761,0.0,0.0,0.0,0.0,0.0,0.0,0.0035211267605633804,0.0035211267605633804,0.0,0.0,0.0,0.0,0.017605633802816902,0.0,0.0,0.0,0.0,0.0,0.007042253521126761,0.0,0.0,0.0,0.0,0.0,0.0,0.0,0.0,0.0,0.0,0.0,0.0,0.0,0.0,0.0,0.007042253521126761,0.0,0.0,0.0,0.0,0.0,0.0,0.0,0.0,0.0,0.0,0.0,0.0,0.0,0.0,0.0,0.0,0.0,0.0,0.0,0.0,0.0,0.0,0.0,0.0,0.0,0.0,0.0,0.0,0.0,0.0,0.0,0.0,0.0,0.0,0.0,0.03873239436619718,0.0,0.0,0.0,0.0,0.0,0.0,0.0,0.0,0.0,0.0,0.0,0.0,0.0035211267605633804,0.0,0.0,0.0,0.0,0.0,0.0,0.0,0.0,0.0,0.0,0.0035211267605633804,0.014084507042253521,0.0,0.0,0.0,0.0,0.0,0.0,0.0,0.0,0.0,0.0,0.0,0.0,0.0,0.0,0.0,0.0,0.0,0.007042253521126761,0.0,0.0,0.0,0.0,0.0,0.0,0.0,0.0,0.0,0.0,0.0,0.0,0.0,0.0,0.0,0.0035211267605633804,0.0,0.0,0.0,0.0,4.91638
90,vimeo1,0,stream,131.202.240.150,23.235.37.217,34509,443,6,c02f,0013000010706c617965722e76696d656f2e636f6d,528,http_content_type_NULL,http_user_agent_NULL,http_accept_language_NULL,http_server_NULL,http_code_NULL,player.vimeo.com,dns_ttl_NULL,4,dns_domain_rank_NULL,440.0,520.4483643936255,956.8,407.60245337828866,205,4,5,1760,4784,1338,85,1338,274,31.921951219512195,12.75,18.779976038323372,30.8,25.995384205662358,51,154,45,0,63,0,0.0784313725490196,0.032467532467532464,0.04390243902439024,64,52,0.0,0.0,0.0,0.0,0.0,0.0,0.0,0.0,0.125,0.0,0.0,0.0,0.0,0.0,0.0,0.0,0.0,0.125,0.0,0.0,0.0,0.0,0.0,0.0,0.0,0.0,0.0,0.0,0.0,0.0,0.0,0.0,0.0,0.0,0.0,0.0,0.0,0.0,0.0,0.0,0.0,0.0,0.0,0.0,0.0,0.0,0.0,0.0,0.0,0.0,0.0,0.0,0.0,0.0,0.0,0.0,0.0,0.0,0.0,0.0,0.0,0.0,0.0,0.0,0.0,0.0,0.0,0.0,0.0,0.0,0.0,0.0,0.0,0.0,0.0,0.0,0.0,0.0,0.0,0.0,0.0,0.0,0.0,0.0,0.0,0.0,0.0,0.0,0.0,0.0,0.0,0.0,0.0,0.0,0.0,0.0,0.0,0.0,0.0,0.0,0.0,0.0,0.0,0.0,0.0,0.0,0.0,0.0,0.0,0.0,0.0,0.0,0.0,0.0,0.0,0.0,0.0,0.0,0.0,0.0,0.0,0.0,0.0,0.0,0.0,0.0,0.0,0.0,0.0,0.0,0.0,0.0,0.0,0.0,0.0,0.0,0.0,0.0,0.0,0.0,0.0,0.0,0.0,0.0,0.0,0.0,0.0,0.0,0.0,0.0,0.0,0.0,0.0,0.0,0.0,0.0,0.0,0.0,0.0,0.0,0.0,0.0,0.0,0.0,0.0,0.0,0.0,0.0,0.0,0.0,0.0,0.125,0.0,0.0,0.0,0.0,0.0,0.0,0.0,0.0,0.0,0.0,0.0,0.0,0.0,0.0,0.0,0.0,0.0,0.0,0.0,0.0,0.0,0.0,0.0,0.0,0.0,0.0,0.0,0.0,0.0,0.0,0.0,0.0,0.0,0.0,0.0,0.0,0.0,0.0,0.0,0.0,0.0,0.0,0.0,0.0,0.0,0.0,0.0,0.0,0.125,0.0,0.0,0.0,0.0,0.0,0.0,0.0,0.0,0.0,0.0,0.0,0.0,0.0,0.0,0.0,0.0,0.0,0.0,0.0,0.0,0.0,0.0,0.0,0.0,0.0,0.0,0.0,0.0,0.0,0.0,0.0,0.0,0.0,0.0,0.0,0.0,0.0,0.0,0.0,0.0,0.0,0.0,0.0,0.0,0.0,0.0,0.0,0.0,0.0,0.0,0.0,0.0,0.0,0.0,0.0,0.0,0.0,0.0,0.0,0.125,0.0,0.0,0.0,0.0,0.0,0.0,0.0,0.0,0.0,0.0,0.0,0.0,0.0,0.0,0.0,0.0,0.0,0.0,0.0,0.0,0.0,0.0,0.0,0.0,0.0,0.0,0.0,0.0,0.0,0.0,0.0,0.0,0.0,0.0,0.0,0.0,0.0,0.0,0.0,0.0,0.0,0.0,0.0,0.0,0.0,0.0,0.0,0.0,0.0,0.0,0.0,0.0,0.0,0.0,0.0,0.0,0.0,0.0,0.0,0.0,0.0,0.0,0.0,0.0,0.0,0.0,0.0,0.0,0.0,0.0,0.0,0.0,0.0,0.0,0.0,0.0,0.0,0.125,0.0,0.0,0.125,0.0,0.0,0.0,0.0,0.0,0.0,0.0,0.0,0.0,0.0,0.0,0.0,0.0,0.0,0.0,0.0,0.125,0.0,0.0,0.0,0.0,0.0,0.0,0.0,0.0,0.0,0.0,0.0,0.0,0.0,0.0,0.0,0.0,0.0,0.0,0.0,0.0,0.0,0.0499843798812871,0.02155576382380506,0.007810059356451109,0.015620118712902219,0.010934083099031553,0.009059668853483286,0.013433302093095907,0.004686035613870665,0.005310840362386754,0.005310840362386754,0.003436426116838488,0.004686035613870665,0.003436426116838488,0.005310840362386754,0.0037488284910965324,0.004061230865354577,0.003436426116838488,0.003124023742580444,0.003436426116838488,0.006560449859418931,0.004061230865354577,0.003124023742580444,0.00499843798812871,0.0037488284910965324,0.004061230865354577,0.003436426116838488,0.003124023742580444,0.0021868166198063107,0.002499218994064355,0.004686035613870665,0.003124023742580444,0.0012496094970321774,0.009059668853483286,0.003436426116838488,0.0021868166198063107,0.004686035613870665,0.0021868166198063107,0.002499218994064355,0.0028116213683223993,0.003124023742580444,0.003124023742580444,0.003124023742580444,0.0043736332396126214,0.004061230865354577,0.004061230865354577,0.0043736332396126214,0.009059668853483286,0.008434864104967198,0.023117775695095284,0.009059668853483286,0.00499843798812871,0.004686035613870665,0.0043736332396126214,0.0043736332396126214,0.0028116213683223993,0.003124023742580444,0.004686035613870665,0.0043736332396126214,0.003436426116838488,0.0021868166198063107,0.003124023742580444,0.001562011871290222,0.0018744142455482662,0.0021868166198063107,0.0021868166198063107,0.0043736332396126214,0.0028116213683223993,0.005623242736644799,0.0037488284910965324,0.0037488284910965324,0.0037488284910965324,0.0021868166198063107,0.0037488284910965324,0.004061230865354577,0.0028116213683223993,0.002499218994064355,0.0028116213683223993,0.0028116213683223993,0.003124023742580444,0.0018744142455482662,0.003124023742580444,0.002499218994064355,0.0043736332396126214,0.005310840362386754,0.0028116213683223993,0.007810059356451109,0.003436426116838488,0.0028116213683223993,0.0028116213683223993,0.0037488284910965324,0.0028116213683223993,0.002499218994064355,0.003436426116838488,0.0018744142455482662,0.0018744142455482662,0.001562011871290222,0.003124023742580444,0.005935645110902843,0.0028116213683223993,0.010621680724773508,0.005935645110902843,0.012496094970321775,0.003124023742580444,0.006248047485160888,0.005310840362386754,0.010621680724773508,0.0028116213683223993,0.0028116213683223993,0.005935645110902843,0.00718525460793502,0.005310840362386754,0.007810059356451109,0.005935645110902843,0.0028116213683223993,0.011246485473289597,0.006248047485160888,0.01218369259606373,0.0043736332396126214,0.0037488284910965324,0.0043736332396126214,0.004061230865354577,0.004061230865354577,0.003124023742580444,0.002499218994064355,0.003124023742580444,0.002499218994064355,0.003124023742580444,0.0012496094970321774,0.0043736332396126214,0.0012496094970321774,0.008434864104967198,0.0021868166198063107,0.0021868166198063107,0.003124023742580444,0.006872852233676976,0.002499218994064355,0.003124023742580444,0.0028116213683223993,0.003124023742580444,0.002499218994064355,0.0021868166198063107,0.003124023742580444,0.0028116213683223993,0.002499218994064355,0.0028116213683223993,0.0028116213683223993,0.0021868166198063107,0.0021868166198063107,0.002499218994064355,0.003124023742580444,0.001562011871290222,0.0037488284910965324,0.0037488284910965324,0.0018744142455482662,0.001562011871290222,0.0028116213683223993,0.0028116213683223993,0.0028116213683223993,0.0018744142455482662,0.0028116213683223993,0.004061230865354577,0.0028116213683223993,0.004061230865354577,0.003124023742580444,0.0028116213683223993,0.003124023742580444,0.0028116213683223993,0.0018744142455482662,0.0028116213683223993,0.002499218994064355,0.0018744142455482662,0.0028116213683223993,0.003436426116838488,0.0021868166198063107,0.002499218994064355,0.0028116213683223993,0.0028116213683223993,0.0018744142455482662,0.0028116213683223993,0.003436426116838488,0.003436426116838488,0.0021868166198063107,0.0018744142455482662,0.0021868166198063107,0.0021868166198063107,0.002499218994064355,0.0009372071227741331,0.0028116213683223993,0.001562011871290222,0.0021868166198063107,0.0021868166198063107,0.0028116213683223993,0.0043736332396126214,0.003124023742580444,0.003124023742580444,0.0037488284910965324,0.002499218994064355,0.0028116213683223993,0.002499218994064355,0.003124023742580444,0.0018744142455482662,0.002499218994064355,0.002499218994064355,0.0018744142455482662,0.003124023742580444,0.0021868166198063107,0.0021868166198063107,0.0018744142455482662,0.0018744142455482662,0.003436426116838488,0.0021868166198063107,0.003436426116838488,0.003436426116838488,0.0028116213683223993,0.0037488284910965324,0.002499218994064355,0.001562011871290222,0.002499218994064355,0.004686035613870665,0.001562011871290222,0.0028116213683223993,0.0037488284910965324,0.0018744142455482662,0.0028116213683223993,0.0018744142455482662,0.0037488284910965324,0.0037488284910965324,0.0021868166198063107,0.0021868166198063107,0.0012496094970321774,0.002499218994064355,0.002499218994064355,0.0028116213683223993,0.001562011871290222,0.0021868166198063107,0.0021868166198063107,0.0028116213683223993,0.0037488284910965324,0.0037488284910965324,0.0021868166198063107,0.002499218994064355,0.001562011871290222,0.0021868166198063107,0.0021868166198063107,0.0028116213683223993,0.0028116213683223993,0.0021868166198063107,0.003436426116838488,0.0012496094970321774,0.002499218994064355,0.0009372071227741331,0.0018744142455482662,0.003436426116838488,0.003436426116838488,0.0021868166198063107,0.0037488284910965324,4.239036
91,vimeo1,0,stream,131.202.240.150,131.202.243.255,137,137,17,scs_str_NULL,server_name_str_NULL,0,http_content_type_NULL,http_user_agent_NULL,http_accept_language_NULL,http_server_NULL,http_code_NULL,dns_domain_name_NULL,dns_ttl_NULL,dns_num_ip_NULL,dns_domain_rank_NULL,50.0,0.0,0,0,0,1,0,50,0,50,50,0,0,0,0.0,0,0,0,0,0,0,0,0,0,0,0,0,64,0,0,0,0,0,0,0,0,0,0,0,0,0,0,0,0,0,0,0,0,0,0,0,0,0,0,0,0,0,0,0,0,0,0,0,0,0,0,0,0,0,0,0,0,0,0,0,0,0,0,0,0,0,0,0,0,0,0,0,0,0,0,0,0,0,0,0,0,0,0,0,0,0,0,0,0,0,0,0,0,0,0,0,0,0,0,0,0,0,0,0,0,0,0,0,0,0,0,0,0,0,0,0,0,0,0,0,0,0,0,0,0,0,0,0,0,0,0,0,0,0,0,0,0,0,0,0,0,0,0,0,0,0,0,0,0,0,0,0,0,0,0,0,0,0,0,0,0,0,0,0,0,0,0,0,0,0,0,0,0,0,0,0,0,0,0,0,0,0,0,0,0,0,0,0,0,0,0,0,0,0,0,0,0,0,0,0,0,0,0,0,0,0,0,0,0,0,0,0,0,0,0,0,0,0,0,0,0,0,0,0,0,0,0,0,0,0,0,0,0,0,0,0,0,0,0,0,0,0,0,0,0,0,0,0,0,0,0,0,0,0,0,0,0,0,0,0,0,0,0,0,0,0,0,0,0,0,0,0,0,0,0,0,0,0,0,0,0,0,0,0,0,0,0,0,0,0,0,0,0,0,0,0,0,0,0,0,0,0,0,0,0,0,0,0,0,0,0,0,0,0,0,0,0,0,0,0,0,0,0,0,0,0,0,0,0,0,0,0,0,0,0,0,0,0,0,0,0,0,0,0,0,0,0,0,0,0,0,0,0,0,0,0,0,0,0,0,0,0,0,0,0,0,0,0,0,0,0,0,0,0,0,0,0,0,0,0,0,0,0,0,0,0,0,0,0,0,0,0,0,0,0,0,0,0,0,0,0,0,0,0,0,0,0,0,0,0,0,0,0,0,0.2,0.06,0.0,0.0,0.0,0.0,0.0,0.0,0.0,0.0,0.0,0.0,0.0,0.0,0.0,0.0,0.02,0.0,0.0,0.0,0.0,0.0,0.0,0.0,0.0,0.0,0.0,0.0,0.0,0.0,0.0,0.0,0.04,0.0,0.0,0.0,0.0,0.0,0.0,0.0,0.0,0.0,0.0,0.0,0.0,0.0,0.0,0.0,0.0,0.02,0.0,0.0,0.0,0.0,0.0,0.0,0.0,0.0,0.0,0.0,0.0,0.0,0.0,0.0,0.0,0.14,0.02,0.16,0.0,0.08,0.12,0.0,0.04,0.0,0.0,0.0,0.02,0.0,0.02,0.0,0.04,0.0,0.0,0.0,0.0,0.0,0.0,0.0,0.0,0.0,0.0,0.0,0.0,0.0,0.0,0.0,0.0,0.0,0.0,0.0,0.0,0.0,0.0,0.0,0.0,0.0,0.0,0.0,0.0,0.0,0.0,0.0,0.0,0.0,0.0,0.0,0.0,0.0,0.0,0.0,0.0,0.0,0.0,0.0,0.02,0.0,0.0,0.0,0.0,0.0,0.0,0.0,0.0,0.0,0.0,0.0,0.0,0.0,0.0,0.0,0.0,0.0,0.0,0.0,0.0,0.0,0.0,0.0,0.0,0.0,0.0,0.0,0.0,0.0,0.0,0.0,0.0,0.0,0.0,0.0,0.0,0.0,0.0,0.0,0.0,0.0,0.0,0.0,0.0,0.0,0.0,0.0,0.0,0.0,0.0,0.0,0.0,0.0,0.0,0.0,0.0,0.0,0.0,0.0,0.0,0.0,0.0,0.0,0.0,0.0,0.0,0.0,0.0,0.0,0.0,0.0,0.0,0.0,0.0,0.0,0.0,0.0,0.0,0.0,0.0,0.0,0.0,0.0,0.0,0.0,0.0,0.0,0.0,0.0,0.0,0.0,0.0,0.0,0.0,0.0,0.0,0.0,0.0,0.0,0.0,0.0,0.0,0.0,0.0,0.0,0.0,0.0,0.0,0.0,0.0,0.0,0.0,0.0,0.0,0.0,0.0,0.0,0.0,0.0,0.0,0.0,0.0,0.0,0.0,0.0,0.0,0.0,0.0,0.0,0.0,0.0,3.421147
92,vimeo1,0,stream,131.202.240.88,131.202.240.150,137,137,17,scs_str_NULL,server_name_str_NULL,0,http_content_type_NULL,http_user_agent_NULL,http_accept_language_NULL,http_server_NULL,http_code_NULL,dns_domain_name_NULL,dns_ttl_NULL,dns_num_ip_NULL,dns_domain_rank_NULL,62.0,0.0,0,0,0,1,0,62,0,62,62,0,0,0,0.0,0,0,0,0,0,0,0,0,0,0,0,0,64,0,0,0,0,0,0,0,0,0,0,0,0,0,0,0,0,0,0,0,0,0,0,0,0,0,0,0,0,0,0,0,0,0,0,0,0,0,0,0,0,0,0,0,0,0,0,0,0,0,0,0,0,0,0,0,0,0,0,0,0,0,0,0,0,0,0,0,0,0,0,0,0,0,0,0,0,0,0,0,0,0,0,0,0,0,0,0,0,0,0,0,0,0,0,0,0,0,0,0,0,0,0,0,0,0,0,0,0,0,0,0,0,0,0,0,0,0,0,0,0,0,0,0,0,0,0,0,0,0,0,0,0,0,0,0,0,0,0,0,0,0,0,0,0,0,0,0,0,0,0,0,0,0,0,0,0,0,0,0,0,0,0,0,0,0,0,0,0,0,0,0,0,0,0,0,0,0,0,0,0,0,0,0,0,0,0,0,0,0,0,0,0,0,0,0,0,0,0,0,0,0,0,0,0,0,0,0,0,0,0,0,0,0,0,0,0,0,0,0,0,0,0,0,0,0,0,0,0,0,0,0,0,0,0,0,0,0,0,0,0,0,0,0,0,0,0,0,0,0,0,0,0,0,0,0,0,0,0,0,0,0,0,0,0,0,0,0,0,0,0,0,0,0,0,0,0,0,0,0,0,0,0,0,0,0,0,0,0,0,0,0,0,0,0,0,0,0,0,0,0,0,0,0,0,0,0,0,0,0,0,0,0,0,0,0,0,0,0,0,0,0,0,0,0,0,0,0,0,0,0,0,0,0,0,0,0,0,0,0,0,0,0,0,0,0,0,0,0,0,0,0,0,0,0,0,0,0,0,0,0,0,0,0,0,0,0,0,0,0,0,0,0,0,0,0,0,0,0,0,0,0,0,0,0,0,0,0,0,0,0,0,0,0,0,0,0,0,0,0,0,0,0.22580645161290322,0.03225806451612903,0.0,0.016129032258064516,0.0,0.0,0.016129032258064516,0.0,0.0,0.0,0.0,0.0,0.0,0.0,0.0,0.0,0.0,0.0,0.0,0.0,0.0,0.0,0.0,0.0,0.0,0.0,0.0,0.0,0.0,0.0,0.0,0.0,0.03225806451612903,0.0,0.0,0.0,0.0,0.0,0.0,0.0,0.0,0.0,0.0,0.0,0.0,0.0,0.0,0.0,0.0,0.016129032258064516,0.0,0.0,0.0,0.0,0.0,0.0,0.0,0.0,0.0,0.0,0.0,0.0,0.0,0.0,0.0,0.11290322580645161,0.016129032258064516,0.12903225806451613,0.0,0.06451612903225806,0.0967741935483871,0.0,0.03225806451612903,0.0,0.0,0.0,0.016129032258064516,0.0,0.016129032258064516,0.0,0.03225806451612903,0.0,0.0,0.0,0.0,0.0,0.0,0.0,0.016129032258064516,0.0,0.0,0.0,0.0,0.0,0.0,0.0,0.0,0.0,0.0,0.0,0.0,0.0,0.0,0.0,0.0,0.0,0.0,0.0,0.0,0.0,0.0,0.0,0.0,0.0,0.0,0.0,0.0,0.0,0.0,0.0,0.0,0.0,0.0,0.0,0.016129032258064516,0.0,0.0,0.0,0.03225806451612903,0.0,0.0,0.016129032258064516,0.0,0.016129032258064516,0.0,0.0,0.0,0.0,0.0,0.0,0.0,0.0,0.0,0.0,0.0,0.0,0.0,0.0,0.0,0.0,0.0,0.0,0.0,0.0,0.0,0.0,0.0,0.0,0.0,0.0,0.0,0.0,0.0,0.0,0.0,0.0,0.0,0.0,0.0,0.0,0.0,0.0,0.0,0.0,0.0,0.0,0.0,0.0,0.0,0.0,0.0,0.0,0.0,0.0,0.0,0.0,0.0,0.0,0.0,0.0,0.0,0.0,0.0,0.0,0.0,0.0,0.0,0.0,0.0,0.0,0.0,0.0,0.016129032258064516,0.0,0.0,0.0,0.0,0.0,0.0,0.0,0.0,0.0,0.0,0.0,0.0,0.0,0.0,0.0,0.0,0.0,0.0,0.0,0.0,0.0,0.0,0.0,0.0,0.0,0.0,0.0,0.0,0.0,0.0,0.0,0.0,0.0,0.0,0.0,0.0,0.0,0.016129032258064516,0.0,0.0,0.0,0.016129032258064516,0.0,0.0,0.0,0.0,0.0,0.0,0.0,0.0,0.0,0.0,0.0,3.849935
93,vimeo1,0,stream,131.202.240.150,23.235.37.217,34510,443,6,c02f,0013000010706c617965722e76696d656f2e636f6d,0,http_content_type_NULL,http_user_agent_NULL,http_accept_language_NULL,http_server_NULL,http_code_NULL,player.vimeo.com,dns_ttl_NULL,4,dns_domain_rank_NULL,497.75,518.733734684761,435.0,294.0,195,4,2,1991,870,1338,51,729,141,14.671794871794871,11.0,18.479718612576328,75.5,29.5,44,151,43,0,105,46,0.09090909090909091,0.013245033112582781,0.03076923076923077,64,52,0.0,0.0,0.0,0.0,0.0,0.0,0.0,0.0,0.2,0.0,0.2,0.0,0.0,0.0,0.0,0.0,0.0,0.0,0.0,0.0,0.0,0.0,0.0,0.0,0.0,0.0,0.0,0.0,0.0,0.0,0.0,0.0,0.0,0.0,0.0,0.0,0.0,0.0,0.0,0.0,0.0,0.0,0.0,0.0,0.0,0.0,0.0,0.0,0.0,0.0,0.0,0.0,0.0,0.0,0.0,0.0,0.0,0.0,0.0,0.0,0.0,0.0,0.0,0.0,0.0,0.0,0.0,0.0,0.0,0.0,0.0,0.0,0.0,0.0,0.0,0.0,0.0,0.0,0.0,0.0,0.0,0.0,0.0,0.0,0.0,0.0,0.0,0.0,0.0,0.0,0.0,0.0,0.0,0.0,0.0,0.0,0.0,0.0,0.0,0.0,0.0,0.0,0.0,0.0,0.0,0.0,0.0,0.0,0.0,0.0,0.0,0.0,0.0,0.0,0.0,0.0,0.0,0.0,0.0,0.0,0.0,0.0,0.0,0.0,0.0,0.0,0.0,0.0,0.0,0.0,0.0,0.0,0.0,0.0,0.0,0.0,0.0,0.0,0.0,0.0,0.0,0.0,0.0,0.0,0.0,0.0,0.0,0.0,0.0,0.0,0.0,0.0,0.0,0.0,0.0,0.0,0.0,0.0,0.0,0.0,0.2,0.0,0.0,0.0,0.0,0.0,0.0,0.0,0.0,0.0,0.0,0.0,0.0,0.0,0.0,0.0,0.0,0.0,0.0,0.0,0.0,0.0,0.0,0.0,0.0,0.0,0.0,0.0,0.0,0.0,0.0,0.0,0.0,0.0,0.0,0.0,0.0,0.0,0.0,0.0,0.0,0.0,0.0,0.2,0.0,0.0,0.0,0.0,0.0,0.0,0.0,0.0,0.0,0.0,0.0,0.0,0.0,0.0,0.0,0.0,0.0,0.0,0.0,0.0,0.0,0.0,0.0,0.0,0.0,0.0,0.0,0.0,0.0,0.0,0.0,0.0,0.0,0.0,0.0,0.0,0.0,0.0,0.0,0.0,0.0,0.0,0.0,0.0,0.0,0.0,0.0,0.0,0.0,0.0,0.0,0.0,0.0,0.0,0.0,0.0,0.0,0.0,0.0,0.0,0.0,0.0,0.0,0.0,0.0,0.0,0.0,0.0,0.0,0.0,0.0,0.0,0.0,0.0,0.0,0.0,0.2,0.0,0.0,0.0,0.0,0.0,0.0,0.0,0.0,0.0,0.0,0.0,0.0,0.0,0.0,0.0,0.0,0.0,0.0,0.0,0.0,0.0,0.0,0.0,0.0,0.0,0.0,0.0,0.0,0.0,0.0,0.0,0.0,0.0,0.0,0.0,0.0,0.0,0.0,0.0,0.0,0.0,0.0,0.0,0.0,0.0,0.0,0.0,0.0,0.0,0.0,0.0,0.0,0.0,0.0,0.0,0.0,0.0,0.0,0.0,0.0,0.0,0.0,0.0,0.0,0.0,0.0,0.0,0.0,0.0,0.0,0.0,0.0,0.0,0.0,0.0,0.0,0.0,0.0,0.0,0.0,0.0,0.0,0.0,0.0,0.0,0.0,0.0,0.0,0.0,0.0,0.0,0.0,0.0,0.0,0.0,0.0,0.0,0.0,0.0,0.0,0.0,0.0,0.0,0.0,0.0,0.0,0.0,0.0,0.0,0.0,0.0,0.0,0.0,0.0,0.0,0.0,0.0,0.0,0.0,0.055574973785389725,0.009437259699405802,0.006641034603285564,0.01258301293254107,0.007340090877315624,0.004893393918210416,0.004893393918210416,0.003495281370150297,0.0027962250961202375,0.005941978329255505,0.003844809507165327,0.002446696959105208,0.002446696959105208,0.005242922055225445,0.002446696959105208,0.004194337644180357,0.004543865781195386,0.004194337644180357,0.005242922055225445,0.004543865781195386,0.003495281370150297,0.004543865781195386,0.005242922055225445,0.006291506466270535,0.003495281370150297,0.003495281370150297,0.005941978329255505,0.003495281370150297,0.004194337644180357,0.0003495281370150297,0.0031457532331352674,0.003844809507165327,0.004893393918210416,0.003495281370150297,0.0031457532331352674,0.007689619014330654,0.004543865781195386,0.004194337644180357,0.004194337644180357,0.0027962250961202375,0.005592450192240475,0.003495281370150297,0.0031457532331352674,0.005242922055225445,0.004194337644180357,0.005242922055225445,0.005592450192240475,0.004893393918210416,0.003495281370150297,0.006291506466270535,0.004194337644180357,0.003844809507165327,0.0031457532331352674,0.0031457532331352674,0.004194337644180357,0.004194337644180357,0.0020971688220901784,0.005242922055225445,0.004194337644180357,0.0031457532331352674,0.004893393918210416,0.003844809507165327,0.004543865781195386,0.002446696959105208,0.005242922055225445,0.004194337644180357,0.006641034603285564,0.0027962250961202375,0.0031457532331352674,0.003495281370150297,0.004893393918210416,0.0027962250961202375,0.0017476406850751485,0.005592450192240475,0.003844809507165327,0.003844809507165327,0.002446696959105208,0.004893393918210416,0.003844809507165327,0.0031457532331352674,0.004893393918210416,0.0031457532331352674,0.0017476406850751485,0.003495281370150297,0.005242922055225445,0.003495281370150297,0.002446696959105208,0.0027962250961202375,0.003844809507165327,0.005941978329255505,0.004194337644180357,0.004194337644180357,0.0031457532331352674,0.002446696959105208,0.004893393918210416,0.0027962250961202375,0.003495281370150297,0.004543865781195386,0.003495281370150297,0.003844809507165327,0.003844809507165327,0.003495281370150297,0.0020971688220901784,0.004194337644180357,0.0027962250961202375,0.003844809507165327,0.0020971688220901784,0.003844809507165327,0.004893393918210416,0.004893393918210416,0.002446696959105208,0.003844809507165327,0.004543865781195386,0.002446696959105208,0.003844809507165327,0.003844809507165327,0.004543865781195386,0.004893393918210416,0.003844809507165327,0.003844809507165327,0.003844809507165327,0.003844809507165327,0.0017476406850751485,0.002446696959105208,0.0020971688220901784,0.005242922055225445,0.002446696959105208,0.004893393918210416,0.0031457532331352674,0.0027962250961202375,0.0020971688220901784,0.003495281370150297,0.003495281370150297,0.004194337644180357,0.0031457532331352674,0.0027962250961202375,0.003844809507165327,0.004194337644180357,0.003844809507165327,0.0027962250961202375,0.0027962250961202375,0.003495281370150297,0.003844809507165327,0.003495281370150297,0.0031457532331352674,0.002446696959105208,0.0020971688220901784,0.004194337644180357,0.0031457532331352674,0.003844809507165327,0.0020971688220901784,0.004893393918210416,0.003495281370150297,0.0031457532331352674,0.004893393918210416,0.0020971688220901784,0.004543865781195386,0.006291506466270535,0.004194337644180357,0.003495281370150297,0.003495281370150297,0.003844809507165327,0.0010485844110450892,0.0020971688220901784,0.003495281370150297,0.002446696959105208,0.004543865781195386,0.003495281370150297,0.0031457532331352674,0.0031457532331352674,0.005941978329255505,0.004543865781195386,0.0031457532331352674,0.0027962250961202375,0.0020971688220901784,0.0027962250961202375,0.0027962250961202375,0.003844809507165327,0.0013981125480601187,0.003495281370150297,0.0017476406850751485,0.0027962250961202375,0.003844809507165327,0.003495281370150297,0.002446696959105208,0.004543865781195386,0.002446696959105208,0.004543865781195386,0.0031457532331352674,0.004543865781195386,0.0020971688220901784,0.0017476406850751485,0.005941978329255505,0.0027962250961202375,0.0031457532331352674,0.003495281370150297,0.0017476406850751485,0.0017476406850751485,0.0027962250961202375,0.0027962250961202375,0.003495281370150297,0.002446696959105208,0.004194337644180357,0.0020971688220901784,0.003844809507165327,0.0031457532331352674,0.0027962250961202375,0.0031457532331352674,0.004893393918210416,0.003844809507165327,0.0027962250961202375,0.002446696959105208,0.003844809507165327,0.003844809507165327,0.005592450192240475,0.003495281370150297,0.0027962250961202375,0.002446696959105208,0.003844809507165327,0.0027962250961202375,0.003495281370150297,0.002446696959105208,0.002446696959105208,0.0027962250961202375,0.0027962250961202375,0.0027962250961202375,0.004543865781195386,0.0031457532331352674,0.0027962250961202375,0.0017476406850751485,0.003844809507165327,0.002446696959105208,0.0017476406850751485,0.004194337644180357,0.005242922055225445,0.004194337644180357,0.003495281370150297,0.0031457532331352674,0.003844809507165327,0.003844809507165327,0.003844809507165327,0.004194337644180357,0.003495281370150297,0.0031457532331352674,0.0027962250961202375,0.004543865781195386,0.003844809507165327,0.003495281370150297,0.0017476406850751485,0.002446696959105208,0.0017476406850751485,0.005941978329255505,0.003844809507165327,0.004194337644180357,0.0020971688220901784,0.005941978329255505,7.776858
94,vimeo1,0,stream,119.81.4.50,131.202.240.150,,,1,scs_str_NULL,server_name_str_NULL,0,http_content_type_NULL,http_user_agent_NULL,http_accept_language_NULL,http_server_NULL,http_code_NULL,dns_domain_name_NULL,dns_ttl_NULL,dns_num_ip_NULL,dns_domain_rank_NULL,56.0,0.0,56.0,0.0,0,1,1,56,56,56,56,56,56,0,0.0,0,0.0,0,0,0,0,0,0,0,0,0,0,49,64,0.0,0.0,0.0,0.0,0.0,0.0,0.0,0.0,0.0,0.0,0.0,0.0,0.0,0.0,0.0,0.0,0.0,0.0,0.0,0.0,0.0,0.0,0.0,0.0,0.0,0.0,0.0,0.0,0.0,0.0,0.0,0.0,0.0,0.0,0.0,0.0,0.0,0.0,0.0,0.0,0.0,0.0,0.0,0.0,0.0,0.0,0.0,0.0,0.0,0.0,0.0,0.0,0.0,0.0,0.0,0.0,0.0,0.0,0.0,0.0,0.0,0.0,0.0,0.0,0.0,0.0,0.0,0.0,0.0,0.0,0.0,0.0,0.0,0.0,0.0,0.0,0.0,0.0,0.0,0.0,0.0,0.0,0.0,0.0,0.0,0.0,0.0,0.0,0.0,0.0,0.0,0.0,0.0,0.0,0.0,0.0,0.0,0.0,0.0,0.0,0.0,0.0,0.0,0.0,0.0,0.0,0.0,0.0,0.0,0.0,0.0,0.0,0.0,0.0,0.0,0.0,0.0,0.0,0.0,0.0,0.0,0.0,0.0,0.0,0.0,0.0,0.0,0.0,0.0,0.0,0.0,0.0,0.0,0.0,0.0,0.0,0.0,0.0,0.0,0.0,0.0,0.0,0.0,0.0,0.0,0.0,0.0,0.0,0.0,0.0,0.0,0.0,0.0,0.0,0.0,0.0,0.0,0.0,0.0,0.0,0.0,0.0,0.0,0.0,0.0,0.0,0.0,0.0,0.0,0.0,0.0,0.0,0.0,0.0,0.0,0.0,0.0,0.0,0.0,0.0,0.0,0.0,0.0,0.0,0.0,0.0,0.0,0.0,0.0,0.0,0.0,0.0,0.0,0.0,0.0,0.0,0.0,0.0,0.0,0.0,1.0,0.0,0.0,0.0,0.0,0.0,0.0,0.0,0.0,0.0,0.0,0.0,0.0,0.0,0.0,0.0,0.0,0.0,0.0,0.0,0.0,0.0,0.0,0.0,0.0,0.0,0.0,0.0,0.0,0.0,0.0,0.0,0.0,0.0,0.0,0.0,0.0,0.0,0.0,0.0,0.0,0.0,0.0,0.0,0.0,0.0,0.0,0.0,0.0,0.0,0.0,0.0,0.0,0.0,0.0,0.0,0.0,0.0,0.0,0.0,0.0,0.0,0.0,0.0,0.0,0.0,0.0,0.0,0.0,0.0,0.0,0.0,0.0,0.0,0.0,0.0,0.0,0.0,0.0,0.0,0.0,0.0,0.0,0.0,0.0,0.0,0.0,0.0,0.0,0.0,0.0,0.0,0.0,0.0,0.0,0.0,0.0,0.0,0.0,0.0,0.0,0.0,0.0,0.0,0.0,0.0,0.0,0.0,0.0,0.0,0.0,0.0,0.0,0.0,0.0,0.0,0.0,0.0,0.0,0.0,0.0,0.0,0.0,0.0,0.0,0.0,0.0,0.0,0.0,0.0,0.0,0.0,0.0,0.0,0.0,0.0,0.0,0.0,0.0,0.0,0.0,0.0,0.0,0.0,0.0,0.0,0.0,0.0,0.0,0.0,0.0,0.0,0.0,0.0,0.0,0.0,0.0,0.0,0.0,0.0,0.0,0.0,0.0,0.0,0.0,0.0,0.0,0.0,0.0,0.0,0.0,0.0,0.0,0.0,0.0,0.0,0.0,0.0,0.0,0.0,0.0,0.0,0.0,0.0,0.0,0.0,0.0,0.0,0.0,0.0,0.0,0.0,0.0,0.0,0.0,0.0,0.0,0.0,0.0,0.0,0.017857142857142856,0.0,0.0,0.0,0.0,0.017857142857142856,0.0,0.0,0.017857142857142856,0.017857142857142856,0.017857142857142856,0.017857142857142856,0.017857142857142856,0.017857142857142856,0.017857142857142856,0.017857142857142856,0.017857142857142856,0.017857142857142856,0.017857142857142856,0.017857142857142856,0.017857142857142856,0.017857142857142856,0.017857142857142856,0.017857142857142856,0.017857142857142856,0.017857142857142856,0.017857142857142856,0.017857142857142856,0.03571428571428571,0.017857142857142856,0.017857142857142856,0.017857142857142856,0.017857142857142856,0.017857142857142856,0.017857142857142856,0.017857142857142856,0.017857142857142856,0.017857142857142856,0.017857142857142856,0.03571428571428571,0.017857142857142856,0.017857142857142856,0.017857142857142856,0.017857142857142856,0.017857142857142856,0.017857142857142856,0.017857142857142856,0.017857142857142856,0.03571428571428571,0.017857142857142856,0.017857142857142856,0.017857142857142856,0.017857142857142856,0.017857142857142856,0.017857142857142856,0.017857142857142856,0.0,0.0,0.0,0.0,0.0,0.0,0.0,0.0,0.0,0.0,0.0,0.0,0.0,0.0,0.0,0.0,0.0,0.0,0.0,0.0,0.0,0.0,0.0,0.0,0.0,0.0,0.0,0.0,0.0,0.017857142857142856,0.0,0.0,0.0,0.0,0.0,0.0,0.0,0.0,0.0,0.0,0.0,0.0,0.0,0.0,0.0,0.0,0.0,0.0,0.0,0.0,0.0,0.0,0.0,0.0,0.0,0.0,0.0,0.0,0.0,0.0,0.0,0.0,0.0,0.0,0.0,0.0,0.0,0.0,0.0,0.0,0.0,0.0,0.0,0.0,0.0,0.0,0.0,0.0,0.0,0.0,0.0,0.0,0.0,0.0,0.0,0.0,0.0,0.0,0.0,0.0,0.0,0.0,0.0,0.017857142857142856,0.0,0.0,0.0,0.0,0.0,0.0,0.0,0.0,0.0,0.0,0.0,0.0,0.0,0.0,0.0,0.0,0.0,0.0,0.0,0.0,0.0,0.0,0.0,0.0,0.0,0.0,0.0,0.0,0.0,0.0,0.0,0.0,0.0,0.0,0.0,0.0,0.0,0.0,0.0,0.017857142857142856,0.0,0.0,0.0,0.0,0.0,0.0,0.0,0.0,0.0,0.0,0.0,0.0,0.0,0.0,0.0,0.0,0.0,0.0,0.0,0.0,0.0,0.0,0.0,0.0,0.0,0.0,0.0,0.0,0.0,0.0,0.0,0.0,0.0,0.0,0.0,0.0,0.0,0.0,0.0,0.0,0.0,0.0,0.0,0.0,0.0,0.0,0.0,0.0,0.0,0.0,0.0,0.0,0.0,0.0,0.0,0.0,0.0,0.0,0.0,0.0,0.0,0.0,0.0,0.0,0.0,0.0,5.700213
95,vimeo1,0,stream,182.254.219.114,131.202.240.150,,,1,scs_str_NULL,server_name_str_NULL,0,http_content_type_NULL,http_user_agent_NULL,http_accept_language_NULL,http_server_NULL,http_code_NULL,dns_domain_name_NULL,dns_ttl_NULL,dns_num_ip_NULL,dns_domain_rank_NULL,64.0,0.0,64.0,0.0,0,1,1,64,64,64,64,64,64,0,0.0,0,0.0,0,0,0,0,0,0,0,0,0,0,35,64,0.0,0.0,0.0,0.0,0.0,0.0,0.0,0.0,0.0,0.0,0.0,0.0,0.0,0.0,0.0,0.0,0.0,0.0,0.0,0.0,0.0,0.0,0.0,0.0,0.0,0.0,0.0,0.0,0.0,0.0,0.0,0.0,0.0,0.0,0.0,0.0,0.0,0.0,0.0,0.0,0.0,0.0,0.0,0.0,0.0,0.0,0.0,0.0,0.0,0.0,0.0,0.0,0.0,0.0,0.0,0.0,0.0,0.0,0.0,0.0,0.0,0.0,0.0,0.0,0.0,0.0,0.0,0.0,0.0,0.0,0.0,0.0,0.0,0.0,0.0,0.0,0.0,0.0,0.0,0.0,0.0,0.0,0.0,0.0,0.0,0.0,0.0,0.0,0.0,0.0,0.0,0.0,0.0,0.0,0.0,0.0,0.0,0.0,0.0,0.0,0.0,0.0,0.0,0.0,0.0,0.0,0.0,0.0,0.0,0.0,0.0,0.0,0.0,0.0,0.0,0.0,0.0,0.0,0.0,0.0,0.0,0.0,0.0,0.0,0.0,0.0,0.0,0.0,0.0,0.0,0.0,0.0,0.0,0.0,0.0,0.0,0.0,0.0,0.0,0.0,0.0,0.0,0.0,0.0,0.0,0.0,0.0,0.0,0.0,0.0,0.0,0.0,0.0,0.0,0.0,0.0,0.0,0.0,0.0,0.0,0.0,0.0,0.0,0.0,0.0,0.0,0.0,0.0,0.0,0.0,0.0,0.0,0.0,0.0,0.0,0.0,0.0,0.0,0.0,0.0,0.0,0.0,0.0,0.0,0.0,0.0,0.0,0.0,0.0,0.0,0.0,0.0,0.0,0.0,0.0,0.0,0.0,0.0,0.0,0.0,1.0,0.0,0.0,0.0,0.0,0.0,0.0,0.0,0.0,0.0,0.0,0.0,0.0,0.0,0.0,0.0,0.0,0.0,0.0,0.0,0.0,0.0,0.0,0.0,0.0,0.0,0.0,0.0,0.0,0.0,0.0,0.0,0.0,0.0,0.0,0.0,0.0,0.0,0.0,0.0,0.0,0.0,0.0,0.0,0.0,0.0,0.0,0.0,0.0,0.0,0.0,0.0,0.0,0.0,0.0,0.0,0.0,0.0,0.0,0.0,0.0,0.0,0.0,0.0,0.0,0.0,0.0,0.0,0.0,0.0,0.0,0.0,0.0,0.0,0.0,0.0,0.0,0.0,0.0,0.0,0.0,0.0,0.0,0.0,0.0,0.0,0.0,0.0,0.0,0.0,0.0,0.0,0.0,0.0,0.0,0.0,0.0,0.0,0.0,0.0,0.0,0.0,0.0,0.0,0.0,0.0,0.0,0.0,0.0,0.0,0.0,0.0,0.0,0.0,0.0,0.0,0.0,0.0,0.0,0.0,0.0,0.0,0.0,0.0,0.0,0.0,0.0,0.0,0.0,0.0,0.0,0.0,0.0,0.0,0.0,0.0,0.0,0.0,0.0,0.0,0.0,0.0,0.0,0.0,0.0,0.0,0.0,0.0,0.0,0.0,0.0,0.0,0.0,0.0,0.0,0.0,0.0,0.0,0.0,0.0,0.0,0.0,0.0,0.0,0.0,0.0,0.0,0.0,0.0,0.0,0.0,0.0,0.0,0.0,0.0,0.0,0.0,0.0,0.0,0.0,0.0,0.0,0.0,0.0,0.0,0.0,0.0,0.0,0.0,0.0,0.0,0.0,0.0,0.0,0.0,0.0,0.0,0.0,0.0,0.0,0.140625,0.0,0.0,0.0,0.0,0.0,0.0,0.0,0.03125,0.015625,0.015625,0.015625,0.015625,0.015625,0.015625,0.015625,0.015625,0.015625,0.015625,0.015625,0.015625,0.015625,0.015625,0.015625,0.015625,0.015625,0.015625,0.015625,0.03125,0.015625,0.015625,0.015625,0.015625,0.015625,0.015625,0.015625,0.015625,0.015625,0.015625,0.03125,0.015625,0.015625,0.015625,0.015625,0.015625,0.015625,0.015625,0.015625,0.015625,0.015625,0.015625,0.015625,0.015625,0.015625,0.015625,0.015625,0.0,0.0,0.0,0.0,0.0,0.0,0.0,0.0,0.0,0.0,0.0,0.0,0.0,0.0,0.0,0.0,0.0,0.0,0.0,0.0,0.0,0.0,0.0,0.0,0.0,0.0,0.0,0.0,0.0,0.015625,0.0,0.0,0.0,0.0,0.0,0.0,0.0,0.0,0.0,0.0,0.0,0.0,0.0,0.0,0.0,0.0,0.0,0.0,0.0,0.0,0.0,0.0,0.0,0.0,0.0,0.0,0.0,0.0,0.0,0.0,0.0,0.0,0.0,0.0,0.0,0.0,0.0,0.0,0.0,0.0,0.0,0.0,0.0,0.0,0.0,0.0,0.0,0.0,0.0,0.0,0.0,0.0,0.0,0.0,0.0,0.0,0.0,0.0,0.0,0.0,0.0,0.0,0.0,0.0,0.0,0.015625,0.0,0.0,0.0,0.0,0.0,0.0,0.0,0.0,0.0,0.0,0.0,0.0,0.0,0.0,0.0,0.0,0.0,0.0,0.0,0.0,0.0,0.0,0.0,0.015625,0.0,0.0,0.0,0.015625,0.0,0.0,0.0,0.0,0.0,0.0,0.0,0.0,0.0,0.0,0.0,0.0,0.0,0.0,0.0,0.0,0.0,0.0,0.0,0.0,0.0,0.0,0.0,0.0,0.0,0.0,0.0,0.0,0.0,0.0,0.0,0.0,0.0,0.0,0.0,0.0,0.0,0.0,0.0,0.0,0.0,0.0,0.0,0.0,0.0,0.0,0.0,0.0,0.0,0.0,0.0,0.0,0.0,0.0,0.0,0.0,0.0,0.0,0.0,0.0,0.0,0.0,0.0,0.0,0.0,0.0,0.0,0.0,0.0,0.0,0.0,0.0,0.0,0.0,0.0,0.0,5.460483
96,vimeo1,0,stream,182.254.234.94,131.202.240.150,,,1,scs_str_NULL,server_name_str_NULL,0,http_content_type_NULL,http_user_agent_NULL,http_accept_language_NULL,http_server_NULL,http_code_NULL,dns_domain_name_NULL,dns_ttl_NULL,dns_num_ip_NULL,dns_domain_rank_NULL,64.0,0.0,64.0,0.0,0,1,1,64,64,64,64,64,64,0,0.0,0,0.0,0,0,0,0,0,0,0,0,0,0,38,64,0.0,0.0,0.0,0.0,0.0,0.0,0.0,0.0,0.0,0.0,0.0,0.0,0.0,0.0,0.0,0.0,0.0,0.0,0.0,0.0,0.0,0.0,0.0,0.0,0.0,0.0,0.0,0.0,0.0,0.0,0.0,0.0,0.0,0.0,0.0,0.0,0.0,0.0,0.0,0.0,0.0,0.0,0.0,0.0,0.0,0.0,0.0,0.0,0.0,0.0,0.0,0.0,0.0,0.0,0.0,0.0,0.0,0.0,0.0,0.0,0.0,0.0,0.0,0.0,0.0,0.0,0.0,0.0,0.0,0.0,0.0,0.0,0.0,0.0,0.0,0.0,0.0,0.0,0.0,0.0,0.0,0.0,0.0,0.0,0.0,0.0,0.0,0.0,0.0,0.0,0.0,0.0,0.0,0.0,0.0,0.0,0.0,0.0,0.0,0.0,0.0,0.0,0.0,0.0,0.0,0.0,0.0,0.0,0.0,0.0,0.0,0.0,0.0,0.0,0.0,0.0,0.0,0.0,0.0,0.0,0.0,0.0,0.0,0.0,0.0,0.0,0.0,0.0,0.0,0.0,0.0,0.0,0.0,0.0,0.0,0.0,0.0,0.0,0.0,0.0,0.0,0.0,0.0,0.0,0.0,0.0,0.0,0.0,0.0,0.0,0.0,0.0,0.0,0.0,0.0,0.0,0.0,0.0,0.0,0.0,0.0,0.0,0.0,0.0,0.0,0.0,0.0,0.0,0.0,0.0,0.0,0.0,0.0,0.0,0.0,0.0,0.0,0.0,0.0,0.0,0.0,0.0,0.0,0.0,0.0,0.0,0.0,0.0,0.0,0.0,0.0,0.0,0.0,0.0,0.0,0.0,0.0,0.0,0.0,0.0,1.0,0.0,0.0,0.0,0.0,0.0,0.0,0.0,0.0,0.0,0.0,0.0,0.0,0.0,0.0,0.0,0.0,0.0,0.0,0.0,0.0,0.0,0.0,0.0,0.0,0.0,0.0,0.0,0.0,0.0,0.0,0.0,0.0,0.0,0.0,0.0,0.0,0.0,0.0,0.0,0.0,0.0,0.0,0.0,0.0,0.0,0.0,0.0,0.0,0.0,0.0,0.0,0.0,0.0,0.0,0.0,0.0,0.0,0.0,0.0,0.0,0.0,0.0,0.0,0.0,0.0,0.0,0.0,0.0,0.0,0.0,0.0,0.0,0.0,0.0,0.0,0.0,0.0,0.0,0.0,0.0,0.0,0.0,0.0,0.0,0.0,0.0,0.0,0.0,0.0,0.0,0.0,0.0,0.0,0.0,0.0,0.0,0.0,0.0,0.0,0.0,0.0,0.0,0.0,0.0,0.0,0.0,0.0,0.0,0.0,0.0,0.0,0.0,0.0,0.0,0.0,0.0,0.0,0.0,0.0,0.0,0.0,0.0,0.0,0.0,0.0,0.0,0.0,0.0,0.0,0.0,0.0,0.0,0.0,0.0,0.0,0.0,0.0,0.0,0.0,0.0,0.0,0.0,0.0,0.0,0.0,0.0,0.0,0.0,0.0,0.0,0.0,0.0,0.0,0.0,0.0,0.0,0.0,0.0,0.0,0.0,0.0,0.0,0.0,0.0,0.0,0.0,0.0,0.0,0.0,0.0,0.0,0.0,0.0,0.0,0.0,0.0,0.0,0.0,0.0,0.0,0.0,0.0,0.0,0.0,0.0,0.0,0.0,0.0,0.0,0.0,0.0,0.0,0.0,0.0,0.0,0.0,0.0,0.0,0.0,0.140625,0.0,0.0,0.0,0.015625,0.0,0.0,0.0,0.015625,0.015625,0.015625,0.015625,0.015625,0.015625,0.015625,0.015625,0.015625,0.015625,0.015625,0.015625,0.015625,0.015625,0.015625,0.03125,0.015625,0.015625,0.015625,0.015625,0.03125,0.015625,0.015625,0.015625,0.015625,0.015625,0.015625,0.015625,0.015625,0.015625,0.015625,0.03125,0.015625,0.015625,0.015625,0.015625,0.015625,0.015625,0.015625,0.015625,0.015625,0.015625,0.015625,0.015625,0.015625,0.015625,0.015625,0.015625,0.0,0.0,0.0,0.0,0.0,0.0,0.0,0.0,0.0,0.0,0.0,0.0,0.0,0.0,0.0,0.0,0.0,0.0,0.0,0.0,0.0,0.0,0.0,0.0,0.0,0.0,0.0,0.0,0.0,0.015625,0.0,0.0,0.0,0.0,0.0,0.0,0.0,0.0,0.0,0.0,0.0,0.0,0.0,0.0,0.0,0.0,0.0,0.0,0.0,0.0,0.0,0.0,0.0,0.0,0.0,0.0,0.0,0.0,0.015625,0.0,0.0,0.0,0.0,0.0,0.0,0.0,0.0,0.0,0.0,0.0,0.0,0.0,0.0,0.0,0.0,0.0,0.0,0.0,0.0,0.0,0.0,0.0,0.0,0.0,0.0,0.0,0.0,0.0,0.0,0.0,0.0,0.0,0.0,0.0,0.0,0.0,0.0,0.0,0.0,0.0,0.0,0.0,0.0,0.015625,0.0,0.0,0.0,0.0,0.0,0.0,0.0,0.0,0.0,0.0,0.0,0.0,0.0,0.0,0.0,0.0,0.0,0.0,0.0,0.0,0.0,0.0,0.0,0.0,0.0,0.0,0.0,0.0,0.0,0.0,0.0,0.0,0.0,0.0,0.0,0.0,0.0,0.0,0.0,0.0,0.0,0.0,0.0,0.0,0.0,0.0,0.0,0.0,0.0,0.0,0.0,0.0,0.0,0.0,0.0,0.0,0.0,0.0,0.0,0.0,0.0,0.0,0.0,0.0,0.0,0.0,0.0,0.0,0.0,0.0,0.0,0.0,0.0,0.0,0.0,0.0,0.0,0.0,0.0,0.0,0.0,0.0,0.0,0.0,0.0,0.0,0.0,0.0,0.0,0.0,0.0,0.0,0.0,0.0,0.0,0.0,5.460483
97,vimeo1,0,stream,131.202.240.150,23.235.37.217,34511,443,6,c02f,0013000010706c617965722e76696d656f2e636f6d,0,http_content_type_NULL,http_user_agent_NULL,http_accept_language_NULL,http_server_NULL,http_code_NULL,player.vimeo.com,dns_ttl_NULL,4,dns_domain_rank_NULL,497.75,518.733734684761,435.0,294.0,192,4,2,1991,870,1338,51,729,141,14.901041666666666,11.0,17.916472867168917,74.0,31.0,44,148,42,0,105,43,0.09090909090909091,0.013513513513513514,0.03125,64,52,0.0,0.0,0.0,0.0,0.0,0.0,0.0,0.0,0.2,0.0,0.2,0.0,0.0,0.0,0.0,0.0,0.0,0.0,0.0,0.0,0.0,0.0,0.0,0.0,0.0,0.0,0.0,0.0,0.0,0.0,0.0,0.0,0.0,0.0,0.0,0.0,0.0,0.0,0.0,0.0,0.0,0.0,0.0,0.0,0.0,0.0,0.0,0.0,0.0,0.0,0.0,0.0,0.0,0.0,0.0,0.0,0.0,0.0,0.0,0.0,0.0,0.0,0.0,0.0,0.0,0.0,0.0,0.0,0.0,0.0,0.0,0.0,0.0,0.0,0.0,0.0,0.0,0.0,0.0,0.0,0.0,0.0,0.0,0.0,0.0,0.0,0.0,0.0,0.0,0.0,0.0,0.0,0.0,0.0,0.0,0.0,0.0,0.0,0.0,0.0,0.0,0.0,0.0,0.0,0.0,0.0,0.0,0.0,0.0,0.0,0.0,0.0,0.0,0.0,0.0,0.0,0.0,0.0,0.0,0.0,0.0,0.0,0.0,0.0,0.0,0.0,0.0,0.0,0.0,0.0,0.0,0.0,0.0,0.0,0.0,0.0,0.0,0.0,0.0,0.0,0.0,0.0,0.0,0.0,0.0,0.0,0.0,0.0,0.0,0.0,0.0,0.0,0.0,0.0,0.0,0.0,0.0,0.0,0.0,0.0,0.2,0.0,0.0,0.0,0.0,0.0,0.0,0.0,0.0,0.0,0.0,0.0,0.0,0.0,0.0,0.0,0.0,0.0,0.0,0.0,0.0,0.0,0.0,0.0,0.0,0.0,0.0,0.0,0.0,0.0,0.0,0.0,0.0,0.0,0.0,0.0,0.0,0.0,0.0,0.0,0.0,0.0,0.0,0.2,0.0,0.0,0.0,0.0,0.0,0.0,0.0,0.0,0.0,0.0,0.0,0.0,0.0,0.0,0.0,0.0,0.0,0.0,0.0,0.0,0.0,0.0,0.0,0.0,0.0,0.0,0.0,0.0,0.0,0.0,0.0,0.0,0.0,0.0,0.0,0.0,0.0,0.0,0.0,0.0,0.0,0.0,0.0,0.0,0.0,0.0,0.0,0.0,0.0,0.0,0.0,0.0,0.0,0.0,0.0,0.0,0.0,0.0,0.0,0.0,0.0,0.0,0.0,0.0,0.0,0.0,0.0,0.0,0.0,0.0,0.0,0.0,0.0,0.0,0.0,0.0,0.2,0.0,0.0,0.0,0.0,0.0,0.0,0.0,0.0,0.0,0.0,0.0,0.0,0.0,0.0,0.0,0.0,0.0,0.0,0.0,0.0,0.0,0.0,0.0,0.0,0.0,0.0,0.0,0.0,0.0,0.0,0.0,0.0,0.0,0.0,0.0,0.0,0.0,0.0,0.0,0.0,0.0,0.0,0.0,0.0,0.0,0.0,0.0,0.0,0.0,0.0,0.0,0.0,0.0,0.0,0.0,0.0,0.0,0.0,0.0,0.0,0.0,0.0,0.0,0.0,0.0,0.0,0.0,0.0,0.0,0.0,0.0,0.0,0.0,0.0,0.0,0.0,0.0,0.0,0.0,0.0,0.0,0.0,0.0,0.0,0.0,0.0,0.0,0.0,0.0,0.0,0.0,0.0,0.0,0.0,0.0,0.0,0.0,0.0,0.0,0.0,0.0,0.0,0.0,0.0,0.0,0.0,0.0,0.0,0.0,0.0,0.0,0.0,0.0,0.0,0.0,0.0,0.0,0.0,0.0,0.056274030059419784,0.008738203425375743,0.006291506466270535,0.01258301293254107,0.004893393918210416,0.006291506466270535,0.003495281370150297,0.0027962250961202375,0.004194337644180357,0.004543865781195386,0.0020971688220901784,0.0031457532331352674,0.003844809507165327,0.003844809507165327,0.003844809507165327,0.0031457532331352674,0.005941978329255505,0.005941978329255505,0.004893393918210416,0.005242922055225445,0.003844809507165327,0.0027962250961202375,0.003844809507165327,0.003844809507165327,0.003495281370150297,0.003844809507165327,0.0027962250961202375,0.004543865781195386,0.003844809507165327,0.0020971688220901784,0.0031457532331352674,0.004543865781195386,0.005592450192240475,0.0027962250961202375,0.002446696959105208,0.005242922055225445,0.0031457532331352674,0.004194337644180357,0.004543865781195386,0.0031457532331352674,0.003844809507165327,0.004893393918210416,0.0027962250961202375,0.0031457532331352674,0.003495281370150297,0.0020971688220901784,0.005941978329255505,0.004543865781195386,0.004893393918210416,0.0031457532331352674,0.0031457532331352674,0.003844809507165327,0.004194337644180357,0.0017476406850751485,0.004543865781195386,0.0027962250961202375,0.005242922055225445,0.006291506466270535,0.0027962250961202375,0.0031457532331352674,0.005242922055225445,0.004543865781195386,0.004543865781195386,0.0020971688220901784,0.003844809507165327,0.003844809507165327,0.003495281370150297,0.0027962250961202375,0.004194337644180357,0.0027962250961202375,0.005242922055225445,0.0027962250961202375,0.002446696959105208,0.004543865781195386,0.004194337644180357,0.0031457532331352674,0.003844809507165327,0.002446696959105208,0.003495281370150297,0.0031457532331352674,0.002446696959105208,0.004893393918210416,0.0017476406850751485,0.002446696959105208,0.0027962250961202375,0.0031457532331352674,0.0017476406850751485,0.004543865781195386,0.005592450192240475,0.003844809507165327,0.003844809507165327,0.0017476406850751485,0.003844809507165327,0.0020971688220901784,0.002446696959105208,0.005242922055225445,0.0020971688220901784,0.005242922055225445,0.0020971688220901784,0.004194337644180357,0.0031457532331352674,0.0031457532331352674,0.0027962250961202375,0.0031457532331352674,0.0031457532331352674,0.003495281370150297,0.0020971688220901784,0.005242922055225445,0.003844809507165327,0.005592450192240475,0.0031457532331352674,0.004543865781195386,0.004893393918210416,0.004893393918210416,0.004543865781195386,0.004194337644180357,0.005242922055225445,0.0020971688220901784,0.0031457532331352674,0.0031457532331352674,0.0031457532331352674,0.004543865781195386,0.0010485844110450892,0.003495281370150297,0.0031457532331352674,0.0027962250961202375,0.0031457532331352674,0.003844809507165327,0.004194337644180357,0.004194337644180357,0.004543865781195386,0.0010485844110450892,0.004194337644180357,0.004893393918210416,0.0020971688220901784,0.004893393918210416,0.003844809507165327,0.004543865781195386,0.0031457532331352674,0.003844809507165327,0.004543865781195386,0.0027962250961202375,0.002446696959105208,0.0027962250961202375,0.003844809507165327,0.003844809507165327,0.0027962250961202375,0.0013981125480601187,0.004893393918210416,0.003844809507165327,0.003495281370150297,0.005242922055225445,0.003844809507165327,0.0027962250961202375,0.0031457532331352674,0.0020971688220901784,0.002446696959105208,0.003844809507165327,0.002446696959105208,0.002446696959105208,0.0017476406850751485,0.003844809507165327,0.004543865781195386,0.002446696959105208,0.0031457532331352674,0.002446696959105208,0.003844809507165327,0.004543865781195386,0.0031457532331352674,0.004893393918210416,0.0027962250961202375,0.004893393918210416,0.004194337644180357,0.002446696959105208,0.0020971688220901784,0.0031457532331352674,0.0020971688220901784,0.004893393918210416,0.004194337644180357,0.004194337644180357,0.003844809507165327,0.0031457532331352674,0.003495281370150297,0.004194337644180357,0.004893393918210416,0.0027962250961202375,0.0031457532331352674,0.005592450192240475,0.0017476406850751485,0.003495281370150297,0.0020971688220901784,0.003844809507165327,0.008039147151345682,0.004543865781195386,0.005941978329255505,0.002446696959105208,0.004543865781195386,0.003844809507165327,0.003844809507165327,0.004543865781195386,0.0031457532331352674,0.0027962250961202375,0.0031457532331352674,0.003495281370150297,0.0031457532331352674,0.003495281370150297,0.0020971688220901784,0.0027962250961202375,0.005941978329255505,0.003844809507165327,0.0027962250961202375,0.0020971688220901784,0.006990562740300594,0.002446696959105208,0.006641034603285564,0.003844809507165327,0.004543865781195386,0.0027962250961202375,0.004543865781195386,0.003495281370150297,0.0027962250961202375,0.003844809507165327,0.003844809507165327,0.004194337644180357,0.0027962250961202375,0.003495281370150297,0.004194337644180357,0.0027962250961202375,0.003844809507165327,0.002446696959105208,0.0031457532331352674,0.004194337644180357,0.0020971688220901784,0.003844809507165327,0.003495281370150297,0.002446696959105208,0.0031457532331352674,0.0020971688220901784,0.003495281370150297,0.0031457532331352674,0.0020971688220901784,0.005242922055225445,0.0027962250961202375,0.0020971688220901784,0.005592450192240475,0.003844809507165327,0.004543865781195386,0.004543865781195386,0.003844809507165327,0.003495281370150297,0.0020971688220901784,0.0027962250961202375,0.005242922055225445,0.0027962250961202375,0.004543865781195386,0.0031457532331352674,7.778465
98,vimeo1,0,stream,131.202.240.150,131.202.244.3,65111,53,17,scs_str_NULL,server_name_str_NULL,0,http_content_type_NULL,http_user_agent_NULL,http_accept_language_NULL,http_server_NULL,http_code_NULL,dns_domain_name_NULL,dns_ttl_NULL,dns_num_ip_NULL,dns_domain_rank_NULL,34.0,0.0,298.0,0.0,68,1,1,34,298,34,34,298,298,4.882352941176471,0.0,0,68.0,0.0,0,68,0,0,68,68,0,0.014705882352941176,0.029411764705882353,64,63,0.0,0.0,0.0,0.0,0.0,0.0,0.0,0.0,0.0,0.0,0.0,0.0,0.0,0.0,0.0,0.0,0.0,0.0,0.0,0.0,0.0,0.0,0.0,0.0,0.0,0.0,0.0,0.0,0.0,0.0,0.0,0.0,0.0,0.0,0.0,0.0,0.0,0.0,0.0,0.0,0.0,0.0,0.0,0.0,0.0,0.0,0.0,0.0,0.0,0.0,0.0,0.0,0.0,0.0,0.0,0.0,0.0,0.0,0.0,0.0,0.0,0.0,0.0,0.0,0.0,0.0,0.0,0.0,0.0,0.0,0.0,0.0,0.0,0.0,0.0,0.0,0.0,0.0,0.0,0.0,0.0,0.0,0.0,0.0,0.0,0.0,0.0,0.0,0.0,0.0,0.0,0.0,0.0,0.0,0.0,0.0,0.0,0.0,0.0,0.0,0.0,0.0,0.0,0.0,0.0,0.0,0.0,0.0,0.0,0.0,0.0,0.0,0.0,0.0,0.0,0.0,0.0,0.0,0.0,0.0,0.0,0.0,0.0,0.0,0.0,0.0,0.0,0.0,0.0,0.0,0.0,0.0,0.0,0.0,0.0,0.0,0.0,0.0,0.0,0.0,0.0,0.0,0.0,0.0,0.0,0.0,0.0,0.0,0.0,0.0,0.0,0.0,0.0,0.0,0.0,0.0,0.0,0.0,0.0,0.0,0.0,0.0,0.0,0.0,0.0,0.0,0.0,0.0,0.0,0.0,0.0,0.0,0.0,0.0,0.0,0.0,0.0,0.0,0.0,0.0,0.0,0.0,0.0,0.0,0.0,0.0,0.0,0.0,0.0,0.0,0.0,0.0,0.0,0.0,0.0,0.0,0.0,0.0,0.0,0.0,0.0,0.0,0.0,0.0,0.0,0.0,0.0,0.0,0.0,0.0,0.0,0.0,0.0,0.0,0.0,0.0,0.0,0.0,0.0,0.0,1.0,0.0,0.0,0.0,0.0,0.0,0.0,0.0,0.0,0.0,0.0,0.0,0.0,0.0,0.0,0.0,0.0,0.0,0.0,0.0,0.0,0.0,0.0,0.0,0.0,0.0,0.0,0.0,0.0,0.0,0.0,0.0,0.0,0.0,0.0,0.0,0.0,0.0,0.0,0.0,0.0,0.0,0.0,0.0,0.0,0.0,0.0,0.0,0.0,0.0,0.0,0.0,0.0,0.0,0.0,0.0,0.0,0.0,0.0,0.0,0.0,0.0,0.0,0.0,0.0,0.0,0.0,0.0,0.0,0.0,0.0,0.0,0.0,0.0,0.0,0.0,0.0,0.0,0.0,0.0,0.0,0.0,0.0,0.0,0.0,0.0,0.0,0.0,0.0,0.0,0.0,0.0,0.0,0.0,0.0,0.0,0.0,0.0,0.0,0.0,0.0,0.0,0.0,0.0,0.0,0.0,0.0,0.0,0.0,0.0,0.0,0.0,0.0,0.0,0.0,0.0,0.0,0.0,0.0,0.0,0.0,0.0,0.0,0.0,0.0,0.0,0.0,0.0,0.0,0.0,0.0,0.0,0.0,0.0,0.0,0.0,0.0,0.0,0.0,0.0,0.0,0.0,0.0,0.0,0.0,0.0,0.0,0.0,0.0,0.0,0.0,0.0,0.0,0.0,0.0,0.0,0.0,0.0,0.0,0.0,0.0,0.0,0.0,0.0,0.0,0.0,0.0,0.0,0.0,0.0,0.0,0.0,0.0,0.0,0.0,0.0,0.0,0.0,0.0,0.0,0.2319277108433735,0.10542168674698796,0.018072289156626505,0.012048192771084338,0.03313253012048193,0.009036144578313253,0.009036144578313253,0.006024096385542169,0.0,0.012048192771084338,0.0,0.0,0.012048192771084338,0.0,0.0,0.0,0.0,0.0,0.0030120481927710845,0.012048192771084338,0.0,0.0,0.0030120481927710845,0.009036144578313253,0.0,0.006024096385542169,0.0,0.0,0.0,0.0,0.012048192771084338,0.0,0.0030120481927710845,0.024096385542168676,0.0,0.0,0.0,0.0030120481927710845,0.0,0.0,0.0,0.0,0.0,0.0,0.0,0.024096385542168676,0.0,0.0,0.006024096385542169,0.009036144578313253,0.006024096385542169,0.006024096385542169,0.009036144578313253,0.0030120481927710845,0.009036144578313253,0.0030120481927710845,0.012048192771084338,0.0,0.0,0.0,0.0,0.0,0.0,0.0,0.0,0.0,0.0,0.0,0.0,0.0,0.0030120481927710845,0.0,0.0,0.0,0.0,0.0,0.0030120481927710845,0.0,0.0,0.0,0.0,0.0030120481927710845,0.0,0.0,0.0,0.0030120481927710845,0.0,0.0,0.0,0.0,0.0,0.0,0.0,0.0,0.0030120481927710845,0.0,0.0,0.018072289156626505,0.0,0.009036144578313253,0.012048192771084338,0.015060240963855422,0.0,0.0030120481927710845,0.006024096385542169,0.006024096385542169,0.0,0.0030120481927710845,0.006024096385542169,0.012048192771084338,0.030120481927710843,0.018072289156626505,0.006024096385542169,0.0,0.009036144578313253,0.03614457831325301,0.0030120481927710845,0.0030120481927710845,0.006024096385542169,0.012048192771084338,0.0,0.006024096385542169,0.0,0.0,0.0,0.0,0.0,0.0,0.0030120481927710845,0.0030120481927710845,0.0,0.0,0.0,0.0,0.0,0.0,0.0,0.0,0.0,0.0,0.0,0.0,0.0,0.0,0.0,0.0,0.0,0.0030120481927710845,0.0,0.0,0.0,0.0,0.0,0.0,0.0,0.0,0.006024096385542169,0.0,0.0,0.0,0.0,0.0,0.0,0.0,0.0,0.0,0.0,0.0,0.0,0.0,0.0030120481927710845,0.0,0.0,0.0,0.0,0.0,0.0,0.0,0.0,0.0,0.0,0.0,0.0030120481927710845,0.0030120481927710845,0.0,0.0,0.0,0.0,0.0,0.0,0.0,0.0,0.04216867469879518,0.0,0.0030120481927710845,0.0,0.0,0.0030120481927710845,0.0,0.0030120481927710845,0.0,0.0,0.0,0.0,0.0,0.02710843373493976,0.006024096385542169,0.0,0.0,0.0,0.0,0.0,0.0,0.0,0.0,0.0,0.0030120481927710845,0.012048192771084338,0.0,0.0,0.0,0.0,0.0,0.0,0.0,0.0,0.0,0.0,0.0,0.0,0.0,0.0,0.006024096385542169,0.0,0.0,0.006024096385542169,0.0,0.006024096385542169,0.0,0.0,0.0,0.0,0.0,0.0,0.0,0.0,0.0,0.0,0.0,0.0,0.0,0.012048192771084338,0.0,0.0,0.0,0.0,4.994408
99,vimeo1,0,stream,131.202.240.150,131.202.244.5,65111,53,17,scs_str_NULL,server_name_str_NULL,0,http_content_type_NULL,http_user_agent_NULL,http_accept_language_NULL,http_server_NULL,http_code_NULL,dns_domain_name_NULL,dns_ttl_NULL,dns_num_ip_NULL,dns_domain_rank_NULL,34.0,0.0,298.0,0.0,67,1,1,34,298,34,34,298,298,4.955223880597015,0.0,0,67.0,0.0,0,67,0,0,67,67,0,0.014925373134328358,0.029850746268656716,64,63,0.0,0.0,0.0,0.0,0.0,0.0,0.0,0.0,0.0,0.0,0.0,0.0,0.0,0.0,0.0,0.0,0.0,0.0,0.0,0.0,0.0,0.0,0.0,0.0,0.0,0.0,0.0,0.0,0.0,0.0,0.0,0.0,0.0,0.0,0.0,0.0,0.0,0.0,0.0,0.0,0.0,0.0,0.0,0.0,0.0,0.0,0.0,0.0,0.0,0.0,0.0,0.0,0.0,0.0,0.0,0.0,0.0,0.0,0.0,0.0,0.0,0.0,0.0,0.0,0.0,0.0,0.0,0.0,0.0,0.0,0.0,0.0,0.0,0.0,0.0,0.0,0.0,0.0,0.0,0.0,0.0,0.0,0.0,0.0,0.0,0.0,0.0,0.0,0.0,0.0,0.0,0.0,0.0,0.0,0.0,0.0,0.0,0.0,0.0,0.0,0.0,0.0,0.0,0.0,0.0,0.0,0.0,0.0,0.0,0.0,0.0,0.0,0.0,0.0,0.0,0.0,0.0,0.0,0.0,0.0,0.0,0.0,0.0,0.0,0.0,0.0,0.0,0.0,0.0,0.0,0.0,0.0,0.0,0.0,0.0,0.0,0.0,0.0,0.0,0.0,0.0,0.0,0.0,0.0,0.0,0.0,0.0,0.0,0.0,0.0,0.0,0.0,0.0,0.0,0.0,0.0,0.0,0.0,0.0,0.0,0.0,0.0,0.0,0.0,0.0,0.0,0.0,0.0,0.0,0.0,0.0,0.0,0.0,0.0,0.0,0.0,0.0,0.0,0.0,0.0,0.0,0.0,0.0,0.0,0.0,0.0,0.0,0.0,0.0,0.0,0.0,0.0,0.0,0.0,0.0,0.0,0.0,0.0,0.0,0.0,0.0,0.0,0.0,0.0,0.0,0.0,0.0,0.0,0.0,0.0,0.0,0.0,0.0,0.0,0.0,0.0,0.0,0.0,0.0,0.0,1.0,0.0,0.0,0.0,0.0,0.0,0.0,0.0,0.0,0.0,0.0,0.0,0.0,0.0,0.0,0.0,0.0,0.0,0.0,0.0,0.0,0.0,0.0,0.0,0.0,0.0,0.0,0.0,0.0,0.0,0.0,0.0,0.0,0.0,0.0,0.0,0.0,0.0,0.0,0.0,0.0,0.0,0.0,0.0,0.0,0.0,0.0,0.0,0.0,0.0,0.0,0.0,0.0,0.0,0.0,0.0,0.0,0.0,0.0,0.0,0.0,0.0,0.0,0.0,0.0,0.0,0.0,0.0,0.0,0.0,0.0,0.0,0.0,0.0,0.0,0.0,0.0,0.0,0.0,0.0,0.0,0.0,0.0,0.0,0.0,0.0,0.0,0.0,0.0,0.0,0.0,0.0,0.0,0.0,0.0,0.0,0.0,0.0,0.0,0.0,0.0,0.0,0.0,0.0,0.0,0.0,0.0,0.0,0.0,0.0,0.0,0.0,0.0,0.0,0.0,0.0,0.0,0.0,0.0,0.0,0.0,0.0,0.0,0.0,0.0,0.0,0.0,0.0,0.0,0.0,0.0,0.0,0.0,0.0,0.0,0.0,0.0,0.0,0.0,0.0,0.0,0.0,0.0,0.0,0.0,0.0,0.0,0.0,0.0,0.0,0.0,0.0,0.0,0.0,0.0,0.0,0.0,0.0,0.0,0.0,0.0,0.0,0.0,0.0,0.0,0.0,0.0,0.0,0.0,0.0,0.0,0.0,0.0,0.0,0.0,0.0,0.0,0.0,0.0,0.0,0.2319277108433735,0.10542168674698796,0.018072289156626505,0.012048192771084338,0.03313253012048193,0.009036144578313253,0.009036144578313253,0.006024096385542169,0.0,0.012048192771084338,0.0030120481927710845,0.0,0.012048192771084338,0.0,0.0,0.0,0.0,0.0,0.0030120481927710845,0.012048192771084338,0.0,0.0,0.0030120481927710845,0.009036144578313253,0.0,0.006024096385542169,0.0,0.0,0.0,0.0,0.012048192771084338,0.0,0.0,0.0030120481927710845,0.0,0.0,0.0,0.0030120481927710845,0.0,0.0,0.0,0.0,0.0,0.0,0.018072289156626505,0.024096385542168676,0.0,0.0,0.006024096385542169,0.009036144578313253,0.006024096385542169,0.006024096385542169,0.009036144578313253,0.0030120481927710845,0.009036144578313253,0.0030120481927710845,0.012048192771084338,0.0,0.0,0.0,0.0,0.0,0.0,0.0,0.0,0.0,0.0030120481927710845,0.0,0.0,0.0,0.0030120481927710845,0.0,0.0,0.0,0.0,0.0,0.0,0.0,0.0,0.0,0.0,0.0030120481927710845,0.0,0.0,0.0,0.0030120481927710845,0.0,0.0,0.0,0.0030120481927710845,0.0,0.0,0.0,0.0,0.0030120481927710845,0.0,0.0,0.018072289156626505,0.0,0.009036144578313253,0.012048192771084338,0.015060240963855422,0.0,0.0030120481927710845,0.006024096385542169,0.006024096385542169,0.0,0.0030120481927710845,0.006024096385542169,0.012048192771084338,0.030120481927710843,0.03614457831325301,0.006024096385542169,0.0,0.009036144578313253,0.03614457831325301,0.0030120481927710845,0.0030120481927710845,0.006024096385542169,0.012048192771084338,0.0,0.006024096385542169,0.0,0.0,0.0,0.0,0.0,0.0,0.0030120481927710845,0.0030120481927710845,0.0,0.0,0.0,0.0,0.0,0.0,0.0,0.0,0.0,0.0,0.0030120481927710845,0.0,0.0,0.0,0.0,0.0,0.0,0.0,0.0,0.0030120481927710845,0.0,0.0,0.0,0.0,0.0,0.0,0.006024096385542169,0.0,0.0,0.0,0.0,0.0,0.0,0.0,0.0,0.0,0.0,0.0,0.0,0.0,0.0030120481927710845,0.0,0.0,0.0,0.0,0.0030120481927710845,0.0,0.0,0.0,0.0,0.0,0.0,0.0,0.0030120481927710845,0.0,0.0,0.0,0.0,0.0,0.0,0.0,0.0,0.04216867469879518,0.0,0.0030120481927710845,0.0,0.0,0.0030120481927710845,0.0,0.0030120481927710845,0.0,0.0,0.0,0.0,0.0,0.012048192771084338,0.0,0.0,0.0,0.0030120481927710845,0.0,0.0,0.0,0.0,0.0,0.0,0.0,0.012048192771084338,0.0,0.0,0.0,0.0,0.0,0.0,0.0,0.0,0.0,0.0,0.0,0.0,0.0,0.0,0.006024096385542169,0.0,0.0,0.006024096385542169,0.0,0.006024096385542169,0.0,0.0,0.0,0.0,0.0,0.0,0.0,0.0,0.0,0.0,0.0,0.0,0.0,0.012048192771084338,0.0,0.0,0.0,0.0,5.004979
100,vimeo1,0,stream,131.202.240.150,131.202.6.3,65111,53,17,scs_str_NULL,server_name_str_NULL,0,http_content_type_NULL,http_user_agent_NULL,http_accept_language_NULL,http_server_NULL,http_code_NULL,dns_domain_name_NULL,dns_ttl_NULL,dns_num_ip_NULL,dns_domain_rank_NULL,34.0,0.0,250.0,0.0,69,1,1,34,250,34,34,250,250,4.115942028985507,0.0,0,69.0,0.0,0,69,0,0,69,69,0,0.014492753623188406,0.028985507246376812,64,60,0.0,0.0,0.0,0.0,0.0,0.0,0.0,0.0,0.0,0.0,0.0,0.0,0.0,0.0,0.0,0.0,0.0,0.0,0.0,0.0,0.0,0.0,0.0,0.0,0.0,0.0,0.0,0.0,0.0,0.0,0.0,0.0,0.0,0.0,0.0,0.0,0.0,0.0,0.0,0.0,0.0,0.0,0.0,0.0,0.0,0.0,0.0,0.0,0.0,0.0,0.0,0.0,0.0,0.0,0.0,0.0,0.0,0.0,0.0,0.0,0.0,0.0,0.0,0.0,0.0,0.0,0.0,0.0,0.0,0.0,0.0,0.0,0.0,0.0,0.0,0.0,0.0,0.0,0.0,0.0,0.0,0.0,0.0,0.0,0.0,0.0,0.0,0.0,0.0,0.0,0.0,0.0,0.0,0.0,0.0,0.0,0.0,0.0,0.0,0.0,0.0,0.0,0.0,0.0,0.0,0.0,0.0,0.0,0.0,0.0,0.0,0.0,0.0,0.0,0.0,0.0,0.0,0.0,0.0,0.0,0.0,0.0,0.0,0.0,0.0,0.0,0.0,0.0,0.0,0.0,0.0,0.0,0.0,0.0,0.0,0.0,0.0,0.0,0.0,0.0,0.0,0.0,0.0,0.0,0.0,0.0,0.0,0.0,0.0,0.0,0.0,0.0,0.0,0.0,0.0,0.0,0.0,0.0,0.0,0.0,0.0,0.0,0.0,0.0,0.0,0.0,0.0,0.0,0.0,0.0,0.0,0.0,0.0,0.0,0.0,0.0,0.0,0.0,0.0,0.0,0.0,0.0,0.0,0.0,0.0,0.0,0.0,0.0,0.0,0.0,0.0,0.0,0.0,0.0,0.0,0.0,0.0,0.0,0.0,0.0,0.0,0.0,0.0,0.0,0.0,0.0,0.0,0.0,0.0,0.0,0.0,0.0,0.0,0.0,0.0,0.0,0.0,0.0,0.0,0.0,1.0,0.0,0.0,0.0,0.0,0.0,0.0,0.0,0.0,0.0,0.0,0.0,0.0,0.0,0.0,0.0,0.0,0.0,0.0,0.0,0.0,0.0,0.0,0.0,0.0,0.0,0.0,0.0,0.0,0.0,0.0,0.0,0.0,0.0,0.0,0.0,0.0,0.0,0.0,0.0,0.0,0.0,0.0,0.0,0.0,0.0,0.0,0.0,0.0,0.0,0.0,0.0,0.0,0.0,0.0,0.0,0.0,0.0,0.0,0.0,0.0,0.0,0.0,0.0,0.0,0.0,0.0,0.0,0.0,0.0,0.0,0.0,0.0,0.0,0.0,0.0,0.0,0.0,0.0,0.0,0.0,0.0,0.0,0.0,0.0,0.0,0.0,0.0,0.0,0.0,0.0,0.0,0.0,0.0,0.0,0.0,0.0,0.0,0.0,0.0,0.0,0.0,0.0,0.0,0.0,0.0,0.0,0.0,0.0,0.0,0.0,0.0,0.0,0.0,0.0,0.0,0.0,0.0,0.0,0.0,0.0,0.0,0.0,0.0,0.0,0.0,0.0,0.0,0.0,0.0,0.0,0.0,0.0,0.0,0.0,0.0,0.0,0.0,0.0,0.0,0.0,0.0,0.0,0.0,0.0,0.0,0.0,0.0,0.0,0.0,0.0,0.0,0.0,0.0,0.0,0.0,0.0,0.0,0.0,0.0,0.0,0.0,0.0,0.0,0.0,0.0,0.0,0.0,0.0,0.0,0.0,0.0,0.0,0.0,0.0,0.0,0.0,0.0,0.0,0.0,0.22887323943661972,0.09507042253521127,0.02112676056338028,0.014084507042253521,0.02464788732394366,0.01056338028169014,0.01056338028169014,0.007042253521126761,0.0,0.014084507042253521,0.0,0.0,0.014084507042253521,0.0,0.0,0.0,0.0,0.0,0.0035211267605633804,0.014084507042253521,0.0,0.0,0.0035211267605633804,0.01056338028169014,0.0,0.007042253521126761,0.0,0.0,0.0,0.0,0.014084507042253521,0.0,0.0,0.0035211267605633804,0.0,0.0,0.0,0.0035211267605633804,0.0,0.0,0.0,0.0,0.0,0.0,0.017605633802816902,0.028169014084507043,0.0,0.0,0.007042253521126761,0.01056338028169014,0.007042253521126761,0.007042253521126761,0.01056338028169014,0.0035211267605633804,0.01056338028169014,0.0035211267605633804,0.014084507042253521,0.0,0.0,0.0,0.0,0.0,0.0,0.0,0.0,0.0,0.0,0.0,0.0,0.0,0.0035211267605633804,0.0,0.0,0.0,0.0,0.0,0.0,0.0,0.0,0.0,0.0,0.0035211267605633804,0.0,0.0,0.0,0.0035211267605633804,0.0,0.0,0.0,0.0,0.0,0.0,0.0,0.0,0.0,0.0,0.0,0.02112676056338028,0.0,0.01056338028169014,0.014084507042253521,0.017605633802816902,0.0,0.0035211267605633804,0.007042253521126761,0.007042253521126761,0.0,0.0035211267605633804,0.007042253521126761,0.014084507042253521,0.035211267605633804,0.03873239436619718,0.007042253521126761,0.0,0.01056338028169014,0.04225352112676056,0.0035211267605633804,0.0035211267605633804,0.007042253521126761,0.014084507042253521,0.0,0.007042253521126761,0.0,0.0,0.0,0.0,0.0,0.0,0.0035211267605633804,0.0035211267605633804,0.0,0.0,0.0,0.0,0.0,0.0,0.0,0.0,0.0,0.0,0.0,0.0,0.0,0.0,0.0,0.0,0.0,0.0,0.0,0.0,0.0,0.0,0.0,0.0,0.0,0.0,0.007042253521126761,0.0,0.0,0.0,0.0,0.0,0.0,0.0,0.0,0.0,0.0,0.0,0.0,0.0,0.0,0.0,0.0,0.0,0.0,0.0,0.0,0.0,0.0,0.0,0.0,0.0,0.0,0.0,0.0,0.0,0.0,0.0,0.0,0.0,0.0,0.0,0.03873239436619718,0.0,0.0,0.0,0.0,0.0,0.0,0.0,0.0,0.0,0.0,0.0,0.0,0.0035211267605633804,0.0,0.0,0.0,0.0,0.0,0.0,0.0,0.0,0.0,0.0,0.0,0.014084507042253521,0.0,0.0,0.0,0.0,0.0,0.0,0.0,0.0,0.0,0.0,0.0,0.0,0.0,0.0,0.007042253521126761,0.0,0.0,0.007042253521126761,0.0,0.007042253521126761,0.0,0.0,0.0,0.0,0.0,0.0,0.0,0.0,0.0,0.0,0.0,0.0,0.0,0.0035211267605633804,0.0,0.0,0.0,0.0,4.916961
101,vimeo1,0,stream,131.202.240.150,23.235.37.217,34512,443,6,c02f,0013000010706c617965722e76696d656f2e636f6d,0,http_content_type_NULL,http_user_agent_NULL,http_accept_language_NULL,http_server_NULL,http_code_NULL,player.vimeo.com,dns_ttl_NULL,4,dns_domain_rank_NULL,497.75,518.733734684761,435.0,294.0,209,4,2,1991,870,1338,51,729,141,13.688995215311005,11.75,20.351596988934308,81.0,29.0,47,162,47,0,110,52,0.0851063829787234,0.012345679012345678,0.028708133971291867,64,52,0.0,0.0,0.0,0.0,0.0,0.0,0.0,0.0,0.2,0.0,0.2,0.0,0.0,0.0,0.0,0.0,0.0,0.0,0.0,0.0,0.0,0.0,0.0,0.0,0.0,0.0,0.0,0.0,0.0,0.0,0.0,0.0,0.0,0.0,0.0,0.0,0.0,0.0,0.0,0.0,0.0,0.0,0.0,0.0,0.0,0.0,0.0,0.0,0.0,0.0,0.0,0.0,0.0,0.0,0.0,0.0,0.0,0.0,0.0,0.0,0.0,0.0,0.0,0.0,0.0,0.0,0.0,0.0,0.0,0.0,0.0,0.0,0.0,0.0,0.0,0.0,0.0,0.0,0.0,0.0,0.0,0.0,0.0,0.0,0.0,0.0,0.0,0.0,0.0,0.0,0.0,0.0,0.0,0.0,0.0,0.0,0.0,0.0,0.0,0.0,0.0,0.0,0.0,0.0,0.0,0.0,0.0,0.0,0.0,0.0,0.0,0.0,0.0,0.0,0.0,0.0,0.0,0.0,0.0,0.0,0.0,0.0,0.0,0.0,0.0,0.0,0.0,0.0,0.0,0.0,0.0,0.0,0.0,0.0,0.0,0.0,0.0,0.0,0.0,0.0,0.0,0.0,0.0,0.0,0.0,0.0,0.0,0.0,0.0,0.0,0.0,0.0,0.0,0.0,0.0,0.0,0.0,0.0,0.0,0.0,0.2,0.0,0.0,0.0,0.0,0.0,0.0,0.0,0.0,0.0,0.0,0.0,0.0,0.0,0.0,0.0,0.0,0.0,0.0,0.0,0.0,0.0,0.0,0.0,0.0,0.0,0.0,0.0,0.0,0.0,0.0,0.0,0.0,0.0,0.0,0.0,0.0,0.0,0.0,0.0,0.0,0.0,0.0,0.2,0.0,0.0,0.0,0.0,0.0,0.0,0.0,0.0,0.0,0.0,0.0,0.0,0.0,0.0,0.0,0.0,0.0,0.0,0.0,0.0,0.0,0.0,0.0,0.0,0.0,0.0,0.0,0.0,0.0,0.0,0.0,0.0,0.0,0.0,0.0,0.0,0.0,0.0,0.0,0.0,0.0,0.0,0.0,0.0,0.0,0.0,0.0,0.0,0.0,0.0,0.0,0.0,0.0,0.0,0.0,0.0,0.0,0.0,0.0,0.0,0.0,0.0,0.0,0.0,0.0,0.0,0.0,0.0,0.0,0.0,0.0,0.0,0.0,0.0,0.0,0.0,0.2,0.0,0.0,0.0,0.0,0.0,0.0,0.0,0.0,0.0,0.0,0.0,0.0,0.0,0.0,0.0,0.0,0.0,0.0,0.0,0.0,0.0,0.0,0.0,0.0,0.0,0.0,0.0,0.0,0.0,0.0,0.0,0.0,0.0,0.0,0.0,0.0,0.0,0.0,0.0,0.0,0.0,0.0,0.0,0.0,0.0,0.0,0.0,0.0,0.0,0.0,0.0,0.0,0.0,0.0,0.0,0.0,0.0,0.0,0.0,0.0,0.0,0.0,0.0,0.0,0.0,0.0,0.0,0.0,0.0,0.0,0.0,0.0,0.0,0.0,0.0,0.0,0.0,0.0,0.0,0.0,0.0,0.0,0.0,0.0,0.0,0.0,0.0,0.0,0.0,0.0,0.0,0.0,0.0,0.0,0.0,0.0,0.0,0.0,0.0,0.0,0.0,0.0,0.0,0.0,0.0,0.0,0.0,0.0,0.0,0.0,0.0,0.0,0.0,0.0,0.0,0.0,0.0,0.0,0.0,0.054875917511359666,0.011534428521495981,0.005592450192240475,0.01048584411045089,0.004543865781195386,0.006641034603285564,0.0027962250961202375,0.003495281370150297,0.004893393918210416,0.004194337644180357,0.0027962250961202375,0.004194337644180357,0.002446696959105208,0.003495281370150297,0.004194337644180357,0.002446696959105208,0.005592450192240475,0.006291506466270535,0.004543865781195386,0.004194337644180357,0.003844809507165327,0.003844809507165327,0.005242922055225445,0.005941978329255505,0.0031457532331352674,0.0027962250961202375,0.004194337644180357,0.003495281370150297,0.0027962250961202375,0.0031457532331352674,0.004893393918210416,0.005941978329255505,0.0031457532331352674,0.0031457532331352674,0.0027962250961202375,0.006990562740300594,0.004543865781195386,0.003844809507165327,0.004194337644180357,0.003495281370150297,0.003495281370150297,0.0031457532331352674,0.003844809507165327,0.004194337644180357,0.005941978329255505,0.002446696959105208,0.003844809507165327,0.004893393918210416,0.0013981125480601187,0.0031457532331352674,0.006641034603285564,0.004194337644180357,0.004194337644180357,0.004893393918210416,0.0013981125480601187,0.003844809507165327,0.004194337644180357,0.005592450192240475,0.004893393918210416,0.004194337644180357,0.004893393918210416,0.003495281370150297,0.003495281370150297,0.0031457532331352674,0.002446696959105208,0.0027962250961202375,0.003495281370150297,0.0031457532331352674,0.002446696959105208,0.002446696959105208,0.0027962250961202375,0.004194337644180357,0.004543865781195386,0.0031457532331352674,0.005592450192240475,0.0027962250961202375,0.004194337644180357,0.002446696959105208,0.0031457532331352674,0.0027962250961202375,0.004543865781195386,0.002446696959105208,0.004194337644180357,0.003495281370150297,0.002446696959105208,0.0031457532331352674,0.002446696959105208,0.004194337644180357,0.0031457532331352674,0.0013981125480601187,0.0031457532331352674,0.003495281370150297,0.004893393918210416,0.006291506466270535,0.002446696959105208,0.0027962250961202375,0.003495281370150297,0.004543865781195386,0.006291506466270535,0.006291506466270535,0.005941978329255505,0.005242922055225445,0.0020971688220901784,0.002446696959105208,0.003495281370150297,0.002446696959105208,0.0027962250961202375,0.005242922055225445,0.004543865781195386,0.005242922055225445,0.0020971688220901784,0.006291506466270535,0.004893393918210416,0.004543865781195386,0.003495281370150297,0.0031457532331352674,0.004893393918210416,0.004543865781195386,0.004194337644180357,0.0031457532331352674,0.0031457532331352674,0.003844809507165327,0.0027962250961202375,0.003844809507165327,0.005242922055225445,0.004543865781195386,0.0013981125480601187,0.0027962250961202375,0.003844809507165327,0.004194337644180357,0.004893393918210416,0.0027962250961202375,0.004194337644180357,0.004543865781195386,0.0027962250961202375,0.0017476406850751485,0.003844809507165327,0.005242922055225445,0.004194337644180357,0.004543865781195386,0.003495281370150297,0.0020971688220901784,0.002446696959105208,0.0020971688220901784,0.0017476406850751485,0.0020971688220901784,0.003844809507165327,0.0031457532331352674,0.002446696959105208,0.004893393918210416,0.0027962250961202375,0.003844809507165327,0.003844809507165327,0.0031457532331352674,0.003844809507165327,0.0027962250961202375,0.0031457532331352674,0.003844809507165327,0.004543865781195386,0.005941978329255505,0.0031457532331352674,0.003495281370150297,0.0031457532331352674,0.0031457532331352674,0.0027962250961202375,0.004543865781195386,0.0027962250961202375,0.002446696959105208,0.002446696959105208,0.004543865781195386,0.004194337644180357,0.0027962250961202375,0.0031457532331352674,0.003495281370150297,0.004194337644180357,0.004194337644180357,0.0013981125480601187,0.004543865781195386,0.0027962250961202375,0.005242922055225445,0.005941978329255505,0.0010485844110450892,0.0013981125480601187,0.0017476406850751485,0.0017476406850751485,0.004194337644180357,0.003495281370150297,0.002446696959105208,0.004194337644180357,0.004194337644180357,0.004194337644180357,0.0020971688220901784,0.005592450192240475,0.004194337644180357,0.0027962250961202375,0.0027962250961202375,0.003844809507165327,0.003495281370150297,0.0031457532331352674,0.0020971688220901784,0.002446696959105208,0.002446696959105208,0.003495281370150297,0.0031457532331352674,0.0027962250961202375,0.004194337644180357,0.0031457532331352674,0.004194337644180357,0.004194337644180357,0.006291506466270535,0.0020971688220901784,0.003844809507165327,0.004543865781195386,0.0031457532331352674,0.004543865781195386,0.0027962250961202375,0.004893393918210416,0.0031457532331352674,0.0027962250961202375,0.002446696959105208,0.004194337644180357,0.005592450192240475,0.0027962250961202375,0.0031457532331352674,0.0031457532331352674,0.003844809507165327,0.003495281370150297,0.0020971688220901784,0.003495281370150297,0.003844809507165327,0.0020971688220901784,0.0027962250961202375,0.0027962250961202375,0.004893393918210416,0.003495281370150297,0.0027962250961202375,0.006641034603285564,0.004194337644180357,0.0020971688220901784,0.0031457532331352674,0.0027962250961202375,0.003844809507165327,0.0027962250961202375,0.0020971688220901784,0.0027962250961202375,0.0031457532331352674,0.0031457532331352674,0.0017476406850751485,0.0020971688220901784,0.0010485844110450892,0.004194337644180357,0.003844809507165327,0.005242922055225445,0.004543865781195386,0.003495281370150297,0.003844809507165327,7.777744
102,vimeo1,0,stream,213.194.122.196,131.202.240.150,,,1,scs_str_NULL,server_name_str_NULL,0,http_content_type_NULL,http_user_agent_NULL,http_accept_language_NULL,http_server_NULL,http_code_NULL,dns_domain_name_NULL,dns_ttl_NULL,dns_num_ip_NULL,dns_domain_rank_NULL,56.0,0.0,56.0,0.0,5500,2,2,112,112,56,56,56,56,0.04072727272727273,2750.0,2750.0,0.0,0,5500,0,5500,0,0,0,0.0003636363636363636,0,0.0007272727272727272,37,64,0.0,0.0,0.0,0.0,0.0,0.0,0.0,0.0,0.0,0.0,0.3333333333333333,0.0,0.0,0.0,0.0,0.0,0.0,0.0,0.0,0.0,0.0,0.0,0.0,0.0,0.0,0.0,0.0,0.0,0.0,0.0,0.0,0.0,0.0,0.0,0.0,0.0,0.0,0.0,0.0,0.0,0.0,0.0,0.0,0.0,0.0,0.0,0.0,0.0,0.0,0.0,0.0,0.0,0.0,0.0,0.0,0.0,0.0,0.0,0.0,0.0,0.0,0.0,0.0,0.0,0.0,0.0,0.0,0.0,0.0,0.0,0.0,0.0,0.0,0.0,0.0,0.0,0.0,0.0,0.0,0.0,0.0,0.0,0.0,0.0,0.0,0.0,0.0,0.0,0.0,0.0,0.0,0.0,0.0,0.0,0.0,0.0,0.0,0.0,0.0,0.0,0.0,0.0,0.0,0.0,0.0,0.0,0.0,0.0,0.0,0.0,0.0,0.0,0.0,0.0,0.0,0.0,0.0,0.0,0.0,0.0,0.0,0.0,0.0,0.0,0.0,0.0,0.0,0.0,0.0,0.0,0.0,0.0,0.0,0.0,0.0,0.0,0.0,0.0,0.0,0.0,0.0,0.0,0.0,0.0,0.0,0.0,0.0,0.0,0.0,0.0,0.0,0.0,0.0,0.0,0.0,0.0,0.0,0.0,0.0,0.0,0.0,0.0,0.0,0.0,0.0,0.0,0.0,0.0,0.0,0.0,0.0,0.0,0.0,0.0,0.0,0.0,0.0,0.0,0.0,0.0,0.0,0.0,0.0,0.0,0.0,0.0,0.0,0.0,0.0,0.0,0.0,0.0,0.0,0.0,0.0,0.0,0.0,0.0,0.0,0.0,0.6666666666666666,0.0,0.0,0.0,0.0,0.0,0.0,0.0,0.0,0.0,0.0,0.0,0.0,0.0,0.0,0.0,0.0,0.0,0.0,0.0,0.0,0.0,0.0,0.0,0.0,0.0,0.0,0.0,0.0,0.0,0.0,0.0,0.0,0.0,0.0,0.0,0.0,0.0,0.0,0.0,0.0,0.0,0.0,0.0,0.0,0.0,0.0,0.0,0.0,0.0,0.0,0.0,0.0,0.0,0.0,0.0,0.0,0.0,0.0,0.0,0.0,0.0,0.0,0.0,0.0,0.0,0.0,0.0,0.0,0.0,0.0,0.0,0.0,0.0,0.0,0.0,0.0,0.0,0.0,0.0,0.0,0.0,0.0,0.0,0.0,0.0,0.0,0.0,0.0,0.0,0.0,0.0,0.0,0.0,0.0,0.0,0.0,0.0,0.0,0.0,0.0,0.0,0.0,0.0,0.0,0.0,0.0,0.0,0.0,0.0,0.0,0.0,0.0,0.0,0.0,0.0,0.0,0.0,0.0,0.0,0.0,0.0,0.0,0.0,0.0,0.0,0.0,0.0,0.0,0.0,0.0,0.0,0.0,0.0,0.0,0.0,0.0,0.0,0.0,0.0,0.0,0.0,0.0,0.0,0.0,0.0,0.0,0.0,0.0,0.0,0.0,0.0,0.0,0.0,0.0,0.0,0.0,0.0,0.0,0.0,0.0,0.0,0.0,0.0,0.0,0.0,0.0,0.0,0.0,0.0,0.0,0.0,0.0,0.0,0.0,0.0,0.0,0.0,0.0,0.0,0.0,0.0,0.0,0.0,0.0,0.0,0.0,0.0,0.0,0.0,0.0,0.0,0.0,0.0,0.0,0.0,0.0,0.0,0.0,0.0,0.026785714285714284,0.0,0.0,0.0,0.0,0.0,0.0,0.008928571428571428,0.017857142857142856,0.017857142857142856,0.017857142857142856,0.017857142857142856,0.017857142857142856,0.017857142857142856,0.017857142857142856,0.017857142857142856,0.017857142857142856,0.026785714285714284,0.017857142857142856,0.017857142857142856,0.017857142857142856,0.017857142857142856,0.017857142857142856,0.017857142857142856,0.017857142857142856,0.017857142857142856,0.017857142857142856,0.017857142857142856,0.03571428571428571,0.017857142857142856,0.017857142857142856,0.017857142857142856,0.017857142857142856,0.017857142857142856,0.017857142857142856,0.017857142857142856,0.017857142857142856,0.017857142857142856,0.017857142857142856,0.03571428571428571,0.017857142857142856,0.017857142857142856,0.017857142857142856,0.017857142857142856,0.017857142857142856,0.017857142857142856,0.017857142857142856,0.017857142857142856,0.017857142857142856,0.017857142857142856,0.017857142857142856,0.017857142857142856,0.017857142857142856,0.017857142857142856,0.017857142857142856,0.017857142857142856,0.0,0.0,0.0,0.0,0.0,0.0,0.0,0.0,0.0,0.0,0.0,0.0,0.0,0.0,0.0,0.0,0.0,0.0,0.0,0.0,0.0,0.0,0.0,0.0,0.0,0.0,0.0,0.0,0.0,0.017857142857142856,0.0,0.0,0.0,0.0,0.0,0.0,0.0,0.0,0.0,0.0,0.0,0.008928571428571428,0.0,0.0,0.0,0.0,0.0,0.0,0.0,0.0,0.0,0.008928571428571428,0.0,0.0,0.0,0.0,0.0,0.0,0.0,0.0,0.0,0.0,0.0,0.0,0.0,0.0,0.0,0.0,0.0,0.0,0.0,0.0,0.0,0.0,0.0,0.0,0.0,0.0,0.0,0.0,0.0,0.0,0.0,0.0,0.0,0.0,0.0,0.0,0.0,0.0,0.0,0.0,0.0,0.0,0.0,0.008928571428571428,0.0,0.0,0.0,0.0,0.0,0.008928571428571428,0.0,0.0,0.0,0.0,0.0,0.0,0.0,0.0,0.0,0.0,0.0,0.0,0.0,0.0,0.0,0.0,0.0,0.0,0.0,0.0,0.008928571428571428,0.0,0.0,0.0,0.0,0.0,0.0,0.0,0.0,0.0,0.0,0.0,0.0,0.0,0.0,0.0,0.0,0.0,0.0,0.0,0.0,0.0,0.0,0.0,0.0,0.0,0.0,0.0,0.0,0.0,0.0,0.0,0.0,0.0,0.0,0.0,0.0,0.0,0.0,0.0,0.0,0.0,0.0,0.0,0.0,0.0,0.0,0.0,0.0,0.0,0.0,0.0,0.0,0.0,0.0,0.0,0.0,0.0,0.0,0.0,0.0,0.0,0.0,0.0,0.0,0.0,0.0,0.0,0.0,0.0,0.0,0.0,0.0,0.0,0.0,0.0,0.0,0.0,5.758162
103,vimeo1,0,stream,131.202.240.150,23.235.37.217,34513,443,6,c02f,0013000010706c617965722e76696d656f2e636f6d,0,http_content_type_NULL,http_user_agent_NULL,http_accept_language_NULL,http_server_NULL,http_code_NULL,player.vimeo.com,dns_ttl_NULL,4,dns_domain_rank_NULL,497.75,518.733734684761,435.0,294.0,190,4,2,1991,870,1338,51,729,141,15.057894736842105,10.75,18.619546181365433,73.5,29.5,43,147,43,0,103,44,0.09302325581395349,0.013605442176870748,0.031578947368421054,64,52,0.0,0.0,0.0,0.0,0.0,0.0,0.0,0.0,0.2,0.0,0.2,0.0,0.0,0.0,0.0,0.0,0.0,0.0,0.0,0.0,0.0,0.0,0.0,0.0,0.0,0.0,0.0,0.0,0.0,0.0,0.0,0.0,0.0,0.0,0.0,0.0,0.0,0.0,0.0,0.0,0.0,0.0,0.0,0.0,0.0,0.0,0.0,0.0,0.0,0.0,0.0,0.0,0.0,0.0,0.0,0.0,0.0,0.0,0.0,0.0,0.0,0.0,0.0,0.0,0.0,0.0,0.0,0.0,0.0,0.0,0.0,0.0,0.0,0.0,0.0,0.0,0.0,0.0,0.0,0.0,0.0,0.0,0.0,0.0,0.0,0.0,0.0,0.0,0.0,0.0,0.0,0.0,0.0,0.0,0.0,0.0,0.0,0.0,0.0,0.0,0.0,0.0,0.0,0.0,0.0,0.0,0.0,0.0,0.0,0.0,0.0,0.0,0.0,0.0,0.0,0.0,0.0,0.0,0.0,0.0,0.0,0.0,0.0,0.0,0.0,0.0,0.0,0.0,0.0,0.0,0.0,0.0,0.0,0.0,0.0,0.0,0.0,0.0,0.0,0.0,0.0,0.0,0.0,0.0,0.0,0.0,0.0,0.0,0.0,0.0,0.0,0.0,0.0,0.0,0.0,0.0,0.0,0.0,0.0,0.0,0.2,0.0,0.0,0.0,0.0,0.0,0.0,0.0,0.0,0.0,0.0,0.0,0.0,0.0,0.0,0.0,0.0,0.0,0.0,0.0,0.0,0.0,0.0,0.0,0.0,0.0,0.0,0.0,0.0,0.0,0.0,0.0,0.0,0.0,0.0,0.0,0.0,0.0,0.0,0.0,0.0,0.0,0.0,0.2,0.0,0.0,0.0,0.0,0.0,0.0,0.0,0.0,0.0,0.0,0.0,0.0,0.0,0.0,0.0,0.0,0.0,0.0,0.0,0.0,0.0,0.0,0.0,0.0,0.0,0.0,0.0,0.0,0.0,0.0,0.0,0.0,0.0,0.0,0.0,0.0,0.0,0.0,0.0,0.0,0.0,0.0,0.0,0.0,0.0,0.0,0.0,0.0,0.0,0.0,0.0,0.0,0.0,0.0,0.0,0.0,0.0,0.0,0.0,0.0,0.0,0.0,0.0,0.0,0.0,0.0,0.0,0.0,0.0,0.0,0.0,0.0,0.0,0.0,0.0,0.0,0.2,0.0,0.0,0.0,0.0,0.0,0.0,0.0,0.0,0.0,0.0,0.0,0.0,0.0,0.0,0.0,0.0,0.0,0.0,0.0,0.0,0.0,0.0,0.0,0.0,0.0,0.0,0.0,0.0,0.0,0.0,0.0,0.0,0.0,0.0,0.0,0.0,0.0,0.0,0.0,0.0,0.0,0.0,0.0,0.0,0.0,0.0,0.0,0.0,0.0,0.0,0.0,0.0,0.0,0.0,0.0,0.0,0.0,0.0,0.0,0.0,0.0,0.0,0.0,0.0,0.0,0.0,0.0,0.0,0.0,0.0,0.0,0.0,0.0,0.0,0.0,0.0,0.0,0.0,0.0,0.0,0.0,0.0,0.0,0.0,0.0,0.0,0.0,0.0,0.0,0.0,0.0,0.0,0.0,0.0,0.0,0.0,0.0,0.0,0.0,0.0,0.0,0.0,0.0,0.0,0.0,0.0,0.0,0.0,0.0,0.0,0.0,0.0,0.0,0.0,0.0,0.0,0.0,0.0,0.0,0.05522544564837469,0.009437259699405802,0.009087731562390773,0.010136315973435861,0.005592450192240475,0.004543865781195386,0.0027962250961202375,0.004194337644180357,0.003844809507165327,0.007340090877315624,0.004194337644180357,0.002446696959105208,0.002446696959105208,0.004893393918210416,0.003495281370150297,0.004893393918210416,0.004194337644180357,0.004893393918210416,0.005941978329255505,0.005242922055225445,0.004893393918210416,0.004543865781195386,0.004893393918210416,0.004194337644180357,0.004543865781195386,0.004893393918210416,0.006641034603285564,0.0017476406850751485,0.0010485844110450892,0.002446696959105208,0.003495281370150297,0.005242922055225445,0.004543865781195386,0.002446696959105208,0.003495281370150297,0.004543865781195386,0.0031457532331352674,0.003844809507165327,0.003495281370150297,0.003495281370150297,0.003495281370150297,0.003495281370150297,0.004543865781195386,0.0027962250961202375,0.003495281370150297,0.003844809507165327,0.004543865781195386,0.004543865781195386,0.003495281370150297,0.006990562740300594,0.004893393918210416,0.0027962250961202375,0.004194337644180357,0.004194337644180357,0.003844809507165327,0.0027962250961202375,0.0027962250961202375,0.005941978329255505,0.004543865781195386,0.002446696959105208,0.0027962250961202375,0.004194337644180357,0.004194337644180357,0.004543865781195386,0.0031457532331352674,0.003844809507165327,0.005242922055225445,0.0013981125480601187,0.003495281370150297,0.004194337644180357,0.004893393918210416,0.0017476406850751485,0.0020971688220901784,0.0027962250961202375,0.0027962250961202375,0.005592450192240475,0.0013981125480601187,0.0027962250961202375,0.003495281370150297,0.0017476406850751485,0.004893393918210416,0.0031457532331352674,0.0031457532331352674,0.003495281370150297,0.004893393918210416,0.004893393918210416,0.0027962250961202375,0.005242922055225445,0.003495281370150297,0.0031457532331352674,0.004893393918210416,0.004893393918210416,0.0017476406850751485,0.003495281370150297,0.0031457532331352674,0.004194337644180357,0.0031457532331352674,0.004893393918210416,0.0031457532331352674,0.004893393918210416,0.003495281370150297,0.002446696959105208,0.0031457532331352674,0.0020971688220901784,0.0031457532331352674,0.003844809507165327,0.003495281370150297,0.005242922055225445,0.005242922055225445,0.006990562740300594,0.0013981125480601187,0.0031457532331352674,0.004194337644180357,0.003495281370150297,0.003844809507165327,0.003495281370150297,0.004194337644180357,0.003844809507165327,0.004893393918210416,0.004194337644180357,0.003495281370150297,0.0027962250961202375,0.0027962250961202375,0.0027962250961202375,0.0017476406850751485,0.003844809507165327,0.0020971688220901784,0.003844809507165327,0.002446696959105208,0.003495281370150297,0.0013981125480601187,0.0031457532331352674,0.003495281370150297,0.004194337644180357,0.002446696959105208,0.004194337644180357,0.0031457532331352674,0.0027962250961202375,0.005242922055225445,0.002446696959105208,0.0020971688220901784,0.003495281370150297,0.003495281370150297,0.003495281370150297,0.0031457532331352674,0.005242922055225445,0.003495281370150297,0.003844809507165327,0.0020971688220901784,0.003495281370150297,0.003495281370150297,0.003844809507165327,0.0031457532331352674,0.0027962250961202375,0.0027962250961202375,0.003844809507165327,0.004194337644180357,0.003495281370150297,0.002446696959105208,0.0031457532331352674,0.0031457532331352674,0.004893393918210416,0.003844809507165327,0.004893393918210416,0.003844809507165327,0.004543865781195386,0.003495281370150297,0.0013981125480601187,0.005941978329255505,0.003844809507165327,0.0017476406850751485,0.0020971688220901784,0.003495281370150297,0.005242922055225445,0.003844809507165327,0.0027962250961202375,0.0017476406850751485,0.0031457532331352674,0.003495281370150297,0.004893393918210416,0.003844809507165327,0.004543865781195386,0.0020971688220901784,0.0031457532331352674,0.0020971688220901784,0.0027962250961202375,0.002446696959105208,0.004543865781195386,0.0031457532331352674,0.0027962250961202375,0.004893393918210416,0.003844809507165327,0.006291506466270535,0.004893393918210416,0.007340090877315624,0.003495281370150297,0.003495281370150297,0.0027962250961202375,0.002446696959105208,0.005592450192240475,0.0027962250961202375,0.003495281370150297,0.0010485844110450892,0.0027962250961202375,0.005592450192240475,0.003844809507165327,0.0020971688220901784,0.0031457532331352674,0.004893393918210416,0.003844809507165327,0.003495281370150297,0.003495281370150297,0.003844809507165327,0.003495281370150297,0.004543865781195386,0.0020971688220901784,0.003844809507165327,0.0017476406850751485,0.003495281370150297,0.003495281370150297,0.003495281370150297,0.004543865781195386,0.0027962250961202375,0.0031457532331352674,0.002446696959105208,0.003495281370150297,0.0031457532331352674,0.0027962250961202375,0.0031457532331352674,0.005242922055225445,0.003844809507165327,0.004543865781195386,0.003495281370150297,0.0017476406850751485,0.004543865781195386,0.0027962250961202375,0.0017476406850751485,0.005242922055225445,0.004194337644180357,0.003495281370150297,0.0020971688220901784,0.004543865781195386,0.0031457532331352674,0.005242922055225445,0.003844809507165327,0.004543865781195386,0.002446696959105208,0.0017476406850751485,0.0031457532331352674,0.0027962250961202375,0.0027962250961202375,0.0027962250961202375,0.004543865781195386,0.0017476406850751485,0.0027962250961202375,0.004893393918210416,7.778079
104,vimeo1,0,stream,131.202.240.150,23.235.37.217,34514,443,6,c02f,0013000010706c617965722e76696d656f2e636f6d,0,http_content_type_NULL,http_user_agent_NULL,http_accept_language_NULL,http_server_NULL,http_code_NULL,player.vimeo.com,dns_ttl_NULL,4,dns_domain_rank_NULL,497.75,518.733734684761,435.0,294.0,202,4,2,1991,870,1338,51,729,141,14.163366336633663,11.25,18.91262805640718,78.5,25.5,45,157,44,0,104,53,0.08888888888888889,0.012738853503184714,0.0297029702970297,64,52,0.0,0.0,0.0,0.0,0.0,0.0,0.0,0.0,0.2,0.0,0.2,0.0,0.0,0.0,0.0,0.0,0.0,0.0,0.0,0.0,0.0,0.0,0.0,0.0,0.0,0.0,0.0,0.0,0.0,0.0,0.0,0.0,0.0,0.0,0.0,0.0,0.0,0.0,0.0,0.0,0.0,0.0,0.0,0.0,0.0,0.0,0.0,0.0,0.0,0.0,0.0,0.0,0.0,0.0,0.0,0.0,0.0,0.0,0.0,0.0,0.0,0.0,0.0,0.0,0.0,0.0,0.0,0.0,0.0,0.0,0.0,0.0,0.0,0.0,0.0,0.0,0.0,0.0,0.0,0.0,0.0,0.0,0.0,0.0,0.0,0.0,0.0,0.0,0.0,0.0,0.0,0.0,0.0,0.0,0.0,0.0,0.0,0.0,0.0,0.0,0.0,0.0,0.0,0.0,0.0,0.0,0.0,0.0,0.0,0.0,0.0,0.0,0.0,0.0,0.0,0.0,0.0,0.0,0.0,0.0,0.0,0.0,0.0,0.0,0.0,0.0,0.0,0.0,0.0,0.0,0.0,0.0,0.0,0.0,0.0,0.0,0.0,0.0,0.0,0.0,0.0,0.0,0.0,0.0,0.0,0.0,0.0,0.0,0.0,0.0,0.0,0.0,0.0,0.0,0.0,0.0,0.0,0.0,0.0,0.0,0.2,0.0,0.0,0.0,0.0,0.0,0.0,0.0,0.0,0.0,0.0,0.0,0.0,0.0,0.0,0.0,0.0,0.0,0.0,0.0,0.0,0.0,0.0,0.0,0.0,0.0,0.0,0.0,0.0,0.0,0.0,0.0,0.0,0.0,0.0,0.0,0.0,0.0,0.0,0.0,0.0,0.0,0.0,0.2,0.0,0.0,0.0,0.0,0.0,0.0,0.0,0.0,0.0,0.0,0.0,0.0,0.0,0.0,0.0,0.0,0.0,0.0,0.0,0.0,0.0,0.0,0.0,0.0,0.0,0.0,0.0,0.0,0.0,0.0,0.0,0.0,0.0,0.0,0.0,0.0,0.0,0.0,0.0,0.0,0.0,0.0,0.0,0.0,0.0,0.0,0.0,0.0,0.0,0.0,0.0,0.0,0.0,0.0,0.0,0.0,0.0,0.0,0.0,0.0,0.0,0.0,0.0,0.0,0.0,0.0,0.0,0.0,0.0,0.0,0.0,0.0,0.0,0.0,0.0,0.0,0.2,0.0,0.0,0.0,0.0,0.0,0.0,0.0,0.0,0.0,0.0,0.0,0.0,0.0,0.0,0.0,0.0,0.0,0.0,0.0,0.0,0.0,0.0,0.0,0.0,0.0,0.0,0.0,0.0,0.0,0.0,0.0,0.0,0.0,0.0,0.0,0.0,0.0,0.0,0.0,0.0,0.0,0.0,0.0,0.0,0.0,0.0,0.0,0.0,0.0,0.0,0.0,0.0,0.0,0.0,0.0,0.0,0.0,0.0,0.0,0.0,0.0,0.0,0.0,0.0,0.0,0.0,0.0,0.0,0.0,0.0,0.0,0.0,0.0,0.0,0.0,0.0,0.0,0.0,0.0,0.0,0.0,0.0,0.0,0.0,0.0,0.0,0.0,0.0,0.0,0.0,0.0,0.0,0.0,0.0,0.0,0.0,0.0,0.0,0.0,0.0,0.0,0.0,0.0,0.0,0.0,0.0,0.0,0.0,0.0,0.0,0.0,0.0,0.0,0.0,0.0,0.0,0.0,0.0,0.0,0.054875917511359666,0.010136315973435861,0.008738203425375743,0.01083537224746592,0.004543865781195386,0.008039147151345682,0.004543865781195386,0.003844809507165327,0.006291506466270535,0.0031457532331352674,0.004543865781195386,0.003495281370150297,0.0031457532331352674,0.005242922055225445,0.004893393918210416,0.0017476406850751485,0.004194337644180357,0.004893393918210416,0.006641034603285564,0.003495281370150297,0.0031457532331352674,0.003844809507165327,0.006291506466270535,0.004543865781195386,0.004543865781195386,0.004194337644180357,0.003844809507165327,0.003495281370150297,0.0027962250961202375,0.002446696959105208,0.0027962250961202375,0.0031457532331352674,0.005242922055225445,0.003495281370150297,0.0031457532331352674,0.005592450192240475,0.003844809507165327,0.0031457532331352674,0.0031457532331352674,0.004893393918210416,0.003844809507165327,0.004194337644180357,0.003495281370150297,0.0020971688220901784,0.003495281370150297,0.002446696959105208,0.003844809507165327,0.005941978329255505,0.003844809507165327,0.004543865781195386,0.004543865781195386,0.004194337644180357,0.003844809507165327,0.005941978329255505,0.005592450192240475,0.002446696959105208,0.002446696959105208,0.004893393918210416,0.0031457532331352674,0.0020971688220901784,0.003495281370150297,0.005242922055225445,0.004543865781195386,0.003495281370150297,0.0031457532331352674,0.004893393918210416,0.003844809507165327,0.0020971688220901784,0.003844809507165327,0.002446696959105208,0.0027962250961202375,0.002446696959105208,0.0031457532331352674,0.002446696959105208,0.0031457532331352674,0.004543865781195386,0.004543865781195386,0.002446696959105208,0.004543865781195386,0.0017476406850751485,0.0017476406850751485,0.004194337644180357,0.003844809507165327,0.0031457532331352674,0.003495281370150297,0.006291506466270535,0.0031457532331352674,0.003495281370150297,0.003495281370150297,0.002446696959105208,0.003495281370150297,0.0027962250961202375,0.0031457532331352674,0.003844809507165327,0.004543865781195386,0.004194337644180357,0.002446696959105208,0.002446696959105208,0.004194337644180357,0.0031457532331352674,0.004194337644180357,0.004194337644180357,0.002446696959105208,0.003495281370150297,0.004194337644180357,0.0017476406850751485,0.004543865781195386,0.004543865781195386,0.0027962250961202375,0.003844809507165327,0.002446696959105208,0.004893393918210416,0.005941978329255505,0.0017476406850751485,0.005242922055225445,0.003495281370150297,0.006641034603285564,0.0031457532331352674,0.003844809507165327,0.004893393918210416,0.002446696959105208,0.003495281370150297,0.0027962250961202375,0.002446696959105208,0.002446696959105208,0.002446696959105208,0.003844809507165327,0.0020971688220901784,0.004543865781195386,0.003844809507165327,0.0031457532331352674,0.0031457532331352674,0.002446696959105208,0.0027962250961202375,0.004893393918210416,0.004893393918210416,0.004194337644180357,0.002446696959105208,0.0031457532331352674,0.0031457532331352674,0.0027962250961202375,0.0013981125480601187,0.003495281370150297,0.0027962250961202375,0.004194337644180357,0.003844809507165327,0.003844809507165327,0.004194337644180357,0.0017476406850751485,0.003495281370150297,0.003495281370150297,0.005592450192240475,0.0027962250961202375,0.0020971688220901784,0.0031457532331352674,0.002446696959105208,0.004893393918210416,0.004194337644180357,0.0031457532331352674,0.003844809507165327,0.004543865781195386,0.003495281370150297,0.0020971688220901784,0.004543865781195386,0.002446696959105208,0.003844809507165327,0.003495281370150297,0.0013981125480601187,0.0031457532331352674,0.002446696959105208,0.0031457532331352674,0.0027962250961202375,0.003844809507165327,0.002446696959105208,0.0031457532331352674,0.0020971688220901784,0.004194337644180357,0.0031457532331352674,0.005242922055225445,0.002446696959105208,0.005242922055225445,0.002446696959105208,0.003844809507165327,0.0017476406850751485,0.0020971688220901784,0.0017476406850751485,0.003495281370150297,0.004893393918210416,0.0031457532331352674,0.005941978329255505,0.003495281370150297,0.004194337644180357,0.005941978329255505,0.0031457532331352674,0.0027962250961202375,0.0027962250961202375,0.0020971688220901784,0.0020971688220901784,0.004543865781195386,0.0031457532331352674,0.002446696959105208,0.0027962250961202375,0.0027962250961202375,0.0031457532331352674,0.004194337644180357,0.004893393918210416,0.003495281370150297,0.004194337644180357,0.005242922055225445,0.0031457532331352674,0.0031457532331352674,0.004543865781195386,0.004893393918210416,0.002446696959105208,0.004194337644180357,0.0027962250961202375,0.0027962250961202375,0.0017476406850751485,0.003844809507165327,0.004194337644180357,0.003495281370150297,0.003844809507165327,0.004194337644180357,0.004543865781195386,0.004543865781195386,0.003495281370150297,0.0020971688220901784,0.002446696959105208,0.0027962250961202375,0.004893393918210416,0.0027962250961202375,0.003844809507165327,0.004893393918210416,0.005242922055225445,0.005941978329255505,0.0013981125480601187,0.004194337644180357,0.003844809507165327,0.004543865781195386,0.0013981125480601187,0.003844809507165327,0.004543865781195386,0.003844809507165327,0.0027962250961202375,0.004194337644180357,0.005242922055225445,0.003844809507165327,0.004194337644180357,0.003495281370150297,0.004893393918210416,0.0020971688220901784,0.003495281370150297,0.004194337644180357,0.0027962250961202375,0.0020971688220901784,0.005592450192240475,7.781732
105,vimeo1,0,stream,131.202.240.150,72.21.91.187,58049,443,6,c02f,00190000166c69766570617373646c2e636f6e766976612e636f6d,528,http_content_type_NULL,http_user_agent_NULL,http_accept_language_NULL,http_server_NULL,http_code_NULL,livepassdl.conviva.com,86400,1,dns_domain_rank_NULL,185.5,59.5,960.8,471.99932203341143,136,2,5,371,4804,245,126,1338,242,38.0514705882353,25.5,16.5,17.0,20.842264752180842,51,85,42,9,44,0,0.0392156862745098,0.058823529411764705,0.051470588235294115,64,52,0.0,0.0,0.0,0.0,0.0,0.0,0.0,0.0,0.0,0.0,0.0,0.0,0.0,0.16666666666666666,0.0,0.0,0.0,0.0,0.0,0.0,0.0,0.0,0.0,0.0,0.0,0.0,0.0,0.0,0.0,0.0,0.0,0.0,0.0,0.0,0.0,0.0,0.0,0.0,0.0,0.0,0.0,0.0,0.0,0.0,0.0,0.0,0.0,0.0,0.0,0.0,0.0,0.0,0.0,0.0,0.0,0.0,0.0,0.0,0.0,0.0,0.0,0.0,0.0,0.0,0.0,0.0,0.0,0.0,0.0,0.0,0.0,0.0,0.0,0.0,0.0,0.0,0.0,0.0,0.0,0.0,0.0,0.0,0.0,0.0,0.0,0.0,0.0,0.0,0.0,0.0,0.0,0.0,0.0,0.0,0.0,0.0,0.0,0.0,0.0,0.0,0.0,0.0,0.0,0.0,0.0,0.0,0.0,0.0,0.0,0.0,0.0,0.0,0.0,0.0,0.0,0.0,0.0,0.0,0.0,0.0,0.0,0.0,0.0,0.0,0.0,0.0,0.0,0.0,0.0,0.0,0.0,0.0,0.0,0.0,0.0,0.0,0.0,0.0,0.0,0.0,0.0,0.0,0.0,0.0,0.0,0.0,0.0,0.0,0.0,0.0,0.0,0.0,0.0,0.0,0.0,0.0,0.0,0.0,0.0,0.0,0.0,0.0,0.0,0.0,0.0,0.0,0.0,0.0,0.0,0.0,0.0,0.0,0.0,0.0,0.0,0.0,0.0,0.0,0.0,0.0,0.0,0.0,0.0,0.0,0.0,0.0,0.0,0.0,0.0,0.0,0.0,0.0,0.0,0.0,0.0,0.0,0.0,0.0,0.0,0.0,0.0,0.0,0.0,0.0,0.0,0.0,0.0,0.0,0.0,0.0,0.0,0.0,0.0,0.0,0.0,0.0,0.0,0.0,0.0,0.0,0.16666666666666666,0.0,0.0,0.0,0.0,0.0,0.0,0.0,0.0,0.0,0.0,0.0,0.0,0.0,0.0,0.0,0.0,0.0,0.0,0.0,0.0,0.0,0.0,0.0,0.0,0.0,0.0,0.0,0.0,0.0,0.0,0.0,0.0,0.0,0.0,0.0,0.0,0.0,0.0,0.0,0.0,0.0,0.0,0.0,0.0,0.0,0.0,0.0,0.0,0.0,0.0,0.0,0.0,0.0,0.0,0.0,0.0,0.0,0.16666666666666666,0.0,0.0,0.0,0.0,0.0,0.0,0.0,0.0,0.0,0.0,0.0,0.0,0.0,0.0,0.0,0.0,0.0,0.0,0.0,0.0,0.0,0.0,0.0,0.0,0.0,0.0,0.0,0.0,0.0,0.0,0.0,0.0,0.0,0.0,0.0,0.0,0.0,0.0,0.0,0.0,0.0,0.0,0.0,0.0,0.0,0.0,0.0,0.0,0.0,0.0,0.0,0.0,0.0,0.0,0.0,0.0,0.0,0.0,0.0,0.0,0.0,0.0,0.0,0.0,0.0,0.0,0.0,0.0,0.0,0.0,0.0,0.0,0.0,0.0,0.0,0.0,0.0,0.0,0.0,0.0,0.0,0.0,0.16666666666666666,0.0,0.0,0.0,0.0,0.0,0.0,0.0,0.0,0.0,0.0,0.0,0.0,0.0,0.0,0.0,0.0,0.3333333333333333,0.0,0.0,0.0,0.0,0.0,0.0,0.0,0.0,0.0,0.0,0.0,0.0,0.0,0.0,0.0,0.0,0.0,0.0,0.0,0.0,0.0,0.025507246376811593,0.022995169082125604,0.009855072463768115,0.018743961352657004,0.012946859903381642,0.010241545893719806,0.01603864734299517,0.005797101449275362,0.005990338164251208,0.005603864734299517,0.00463768115942029,0.0052173913043478265,0.0030917874396135265,0.004830917874396135,0.002898550724637681,0.003864734299516908,0.003671497584541063,0.003285024154589372,0.003864734299516908,0.006956521739130435,0.004057971014492754,0.002318840579710145,0.007729468599033816,0.003864734299516908,0.003864734299516908,0.003285024154589372,0.002705314009661836,0.001932367149758454,0.002705314009661836,0.005410628019323672,0.0017391304347826088,0.002318840579710145,0.00676328502415459,0.0011594202898550724,0.0017391304347826088,0.0034782608695652175,0.001932367149758454,0.001932367149758454,0.002318840579710145,0.0011594202898550724,0.002898550724637681,0.0030917874396135265,0.0034782608695652175,0.005990338164251208,0.0017391304347826088,0.00502415458937198,0.03130434782608696,0.006956521739130435,0.02666666666666667,0.010821256038647344,0.00714975845410628,0.003864734299516908,0.003285024154589372,0.002705314009661836,0.0021256038647342996,0.0021256038647342996,0.001932367149758454,0.001932367149758454,0.003285024154589372,0.003671497584541063,0.001932367149758454,0.0011594202898550724,0.00251207729468599,0.0011594202898550724,0.002898550724637681,0.004830917874396135,0.00251207729468599,0.004830917874396135,0.00463768115942029,0.002318840579710145,0.001352657004830918,0.0011594202898550724,0.0044444444444444444,0.0034782608695652175,0.0021256038647342996,0.0011594202898550724,0.0017391304347826088,0.00251207729468599,0.0021256038647342996,0.0015458937198067632,0.002318840579710145,0.0017391304347826088,0.0015458937198067632,0.004057971014492754,0.001352657004830918,0.008115942028985508,0.001932367149758454,0.0015458937198067632,0.0011594202898550724,0.00251207729468599,0.0021256038647342996,0.0011594202898550724,0.001932367149758454,0.000966183574879227,0.0017391304347826088,0.0015458937198067632,0.0021256038647342996,0.01642512077294686,0.004830917874396135,0.029371980676328503,0.01565217391304348,0.02396135265700483,0.002318840579710145,0.010821256038647344,0.006376811594202898,0.02009661835748792,0.0017391304347826088,0.001932367149758454,0.008309178743961353,0.01816425120772947,0.01642512077294686,0.022222222222222223,0.010434782608695653,0.0021256038647342996,0.017391304347826087,0.01932367149758454,0.01971014492753623,0.008502415458937198,0.005990338164251208,0.006956521739130435,0.002705314009661836,0.002705314009661836,0.0017391304347826088,0.000966183574879227,0.000966183574879227,0.002318840579710145,0.0017391304347826088,0.001352657004830918,0.00251207729468599,0.002318840579710145,0.017391304347826087,0.0021256038647342996,0.0015458937198067632,0.002318840579710145,0.006376811594202898,0.0015458937198067632,0.001352657004830918,0.000966183574879227,0.00251207729468599,0.001352657004830918,0.001932367149758454,0.000966183574879227,0.0011594202898550724,0.0017391304347826088,0.002898550724637681,0.000966183574879227,0.001352657004830918,0.0007729468599033816,0.0015458937198067632,0.0017391304347826088,0.0011594202898550724,0.000966183574879227,0.0017391304347826088,0.00251207729468599,0.002705314009661836,0.001352657004830918,0.002318840579710145,0.001352657004830918,0.00251207729468599,0.00251207729468599,0.003864734299516908,0.0015458937198067632,0.0021256038647342996,0.002318840579710145,0.0017391304347826088,0.0011594202898550724,0.001932367149758454,0.0007729468599033816,0.0017391304347826088,0.0011594202898550724,0.002318840579710145,0.0017391304347826088,0.002705314009661836,0.0021256038647342996,0.00251207729468599,0.002705314009661836,0.0017391304347826088,0.001932367149758454,0.001352657004830918,0.0021256038647342996,0.0015458937198067632,0.000966183574879227,0.0011594202898550724,0.0017391304347826088,0.002705314009661836,0.001352657004830918,0.002318840579710145,0.0015458937198067632,0.001352657004830918,0.000966183574879227,0.0017391304347826088,0.00251207729468599,0.00251207729468599,0.0017391304347826088,0.002705314009661836,0.0015458937198067632,0.001932367149758454,0.000966183574879227,0.0011594202898550724,0.0021256038647342996,0.001352657004830918,0.001352657004830918,0.0015458937198067632,0.001352657004830918,0.0034782608695652175,0.0015458937198067632,0.0011594202898550724,0.0007729468599033816,0.001932367149758454,0.001352657004830918,0.0015458937198067632,0.00251207729468599,0.0007729468599033816,0.002318840579710145,0.0017391304347826088,0.001352657004830918,0.0007729468599033816,0.0021256038647342996,0.001932367149758454,0.001352657004830918,0.0017391304347826088,0.0015458937198067632,0.0011594202898550724,0.002318840579710145,0.000966183574879227,0.0021256038647342996,0.001932367149758454,0.0005797101449275362,0.0007729468599033816,0.001352657004830918,0.0015458937198067632,0.001352657004830918,0.0011594202898550724,0.0015458937198067632,0.001932367149758454,0.0011594202898550724,0.000966183574879227,0.001932367149758454,0.0021256038647342996,0.002318840579710145,0.0005797101449275362,0.0005797101449275362,0.0017391304347826088,0.0011594202898550724,0.0007729468599033816,0.002898550724637681,0.000966183574879227,0.00251207729468599,0.0011594202898550724,0.0007729468599033816,0.000966183574879227,0.0017391304347826088,0.002705314009661836,0.002898550724637681,0.0015458937198067632,0.0030917874396135265,7.227055
106,vimeo1,0,stream,131.202.240.150,72.21.91.187,58050,443,6,c02f,00190000166c69766570617373646c2e636f6e766976612e636f6d,528,http_content_type_NULL,http_user_agent_NULL,http_accept_language_NULL,http_server_NULL,http_code_NULL,livepassdl.conviva.com,86400,1,dns_domain_rank_NULL,306.3333333333333,177.65572198934532,807.5714285714286,468.7002871597941,173,3,7,919,5653,548,126,1338,242,37.98843930635838,16.0,17.90716802475106,17.857142857142858,20.621961742822844,48,125,41,0,42,0,0.0625,0.056,0.057803468208092484,64,52,0.0,0.0,0.0,0.0,0.0,0.0,0.0,0.0,0.0,0.0,0.0,0.0,0.0,0.1111111111111111,0.0,0.0,0.0,0.0,0.0,0.0,0.0,0.0,0.0,0.0,0.0,0.0,0.0,0.0,0.0,0.0,0.0,0.0,0.0,0.0,0.0,0.0,0.0,0.0,0.0,0.0,0.0,0.0,0.0,0.0,0.0,0.0,0.0,0.0,0.0,0.0,0.0,0.0,0.0,0.0,0.0,0.0,0.0,0.0,0.0,0.0,0.0,0.0,0.0,0.0,0.0,0.0,0.0,0.0,0.0,0.0,0.0,0.1111111111111111,0.0,0.0,0.0,0.0,0.0,0.0,0.0,0.0,0.0,0.0,0.0,0.0,0.0,0.0,0.0,0.0,0.0,0.0,0.0,0.0,0.0,0.0,0.0,0.0,0.0,0.0,0.0,0.0,0.0,0.0,0.0,0.0,0.0,0.0,0.0,0.0,0.0,0.0,0.0,0.0,0.0,0.0,0.0,0.0,0.0,0.0,0.0,0.0,0.0,0.0,0.0,0.0,0.0,0.0,0.0,0.0,0.0,0.0,0.0,0.0,0.0,0.0,0.0,0.0,0.0,0.0,0.0,0.0,0.0,0.0,0.0,0.0,0.0,0.0,0.0,0.0,0.0,0.0,0.0,0.0,0.0,0.0,0.0,0.0,0.0,0.0,0.0,0.0,0.0,0.0,0.0,0.0,0.0,0.0,0.0,0.0,0.0,0.0,0.0,0.0,0.0,0.0,0.0,0.0,0.0,0.0,0.0,0.0,0.0,0.0,0.0,0.0,0.0,0.0,0.0,0.0,0.0,0.0,0.0,0.0,0.0,0.0,0.0,0.0,0.0,0.0,0.0,0.0,0.0,0.0,0.0,0.0,0.0,0.0,0.0,0.0,0.0,0.0,0.0,0.0,0.0,0.0,0.0,0.0,0.0,0.0,0.0,0.0,0.1111111111111111,0.0,0.0,0.0,0.0,0.0,0.0,0.0,0.0,0.0,0.0,0.0,0.0,0.0,0.0,0.0,0.0,0.0,0.0,0.0,0.0,0.0,0.0,0.1111111111111111,0.0,0.0,0.0,0.0,0.0,0.0,0.0,0.0,0.0,0.0,0.0,0.0,0.0,0.0,0.0,0.0,0.0,0.0,0.0,0.0,0.0,0.0,0.0,0.0,0.0,0.0,0.0,0.0,0.1111111111111111,0.0,0.0,0.0,0.0,0.0,0.1111111111111111,0.0,0.0,0.0,0.0,0.0,0.0,0.0,0.0,0.0,0.0,0.0,0.0,0.0,0.0,0.0,0.0,0.0,0.0,0.0,0.0,0.0,0.0,0.0,0.0,0.0,0.0,0.0,0.0,0.0,0.0,0.0,0.0,0.0,0.0,0.0,0.0,0.0,0.0,0.0,0.0,0.0,0.0,0.0,0.0,0.0,0.0,0.0,0.0,0.0,0.0,0.0,0.0,0.0,0.0,0.0,0.0,0.0,0.0,0.0,0.0,0.0,0.0,0.0,0.0,0.0,0.0,0.0,0.0,0.0,0.0,0.0,0.0,0.0,0.0,0.0,0.0,0.0,0.0,0.0,0.0,0.0,0.0,0.1111111111111111,0.0,0.0,0.0,0.0,0.0,0.0,0.0,0.0,0.0,0.0,0.0,0.0,0.0,0.0,0.0,0.0,0.2222222222222222,0.0,0.0,0.0,0.0,0.0,0.0,0.0,0.0,0.0,0.0,0.0,0.0,0.0,0.0,0.0,0.0,0.0,0.0,0.0,0.0,0.0,0.022215459525258673,0.019628727936701156,0.008825319537431528,0.01658551430310408,0.011107729762629337,0.008673158855751673,0.013694461351186854,0.004869141813755326,0.005477784540474742,0.004564820450395618,0.0047169811320754715,0.004869141813755326,0.0033475349969567863,0.0047169811320754715,0.0028910529519172246,0.0036518563603164943,0.0030432136335970784,0.0025867315885575166,0.004108338405356056,0.006238587948874011,0.0047169811320754715,0.002282410225197809,0.006695069993913573,0.0033475349969567863,0.0036518563603164943,0.004564820450395618,0.003956177723676202,0.002282410225197809,0.002738892270237371,0.005477784540474742,0.002282410225197809,0.00349969567863664,0.0065429093122337184,0.0018259281801582471,0.0031953743152769326,0.0036518563603164943,0.0015216068167985392,0.002434570906877663,0.002738892270237371,0.0016737674984783932,0.0030432136335970784,0.0031953743152769326,0.00349969567863664,0.005477784540474742,0.0016737674984783932,0.00502130249543518,0.024497869750456484,0.005934266585514303,0.022215459525258673,0.008673158855751673,0.006238587948874011,0.00502130249543518,0.00349969567863664,0.0028910529519172246,0.002282410225197809,0.002434570906877663,0.002434570906877663,0.001978088861838101,0.004108338405356056,0.004108338405356056,0.0030432136335970784,0.002434570906877663,0.0031953743152769326,0.002282410225197809,0.0028910529519172246,0.00502130249543518,0.002434570906877663,0.00426049908703591,0.004412659768715764,0.002738892270237371,0.0013694461351186854,0.0015216068167985392,0.0047169811320754715,0.00349969567863664,0.002130249543517955,0.0018259281801582471,0.0018259281801582471,0.0025867315885575166,0.002738892270237371,0.001978088861838101,0.002130249543517955,0.0030432136335970784,0.0018259281801582471,0.0031953743152769326,0.001978088861838101,0.007151552038953134,0.002738892270237371,0.0025867315885575166,0.0015216068167985392,0.0030432136335970784,0.002434570906877663,0.002282410225197809,0.002282410225197809,0.0018259281801582471,0.00349969567863664,0.002282410225197809,0.002282410225197809,0.013237979306147292,0.00426049908703591,0.02358490566037736,0.012933657942787584,0.020237370663420573,0.0030432136335970784,0.009586122945830798,0.005477784540474742,0.016129032258064516,0.002434570906877663,0.002738892270237371,0.008368837492391966,0.01475958612294583,0.013085818624467437,0.017346317711503346,0.008977480219111381,0.002282410225197809,0.01399878271454656,0.015672550213024956,0.016889835666463786,0.007912355447352405,0.004869141813755326,0.007303712720632989,0.003804017041996348,0.002434570906877663,0.0018259281801582471,0.0012172854534388314,0.002130249543517955,0.0036518563603164943,0.0016737674984783932,0.002282410225197809,0.0033475349969567863,0.002130249543517955,0.014150943396226415,0.002130249543517955,0.002130249543517955,0.001978088861838101,0.005934266585514303,0.0028910529519172246,0.0015216068167985392,0.0009129640900791236,0.0025867315885575166,0.002282410225197809,0.0016737674984783932,0.002130249543517955,0.0018259281801582471,0.0013694461351186854,0.002434570906877663,0.0012172854534388314,0.0028910529519172246,0.0016737674984783932,0.0016737674984783932,0.0016737674984783932,0.0010651247717589774,0.0015216068167985392,0.0015216068167985392,0.0030432136335970784,0.001978088861838101,0.0012172854534388314,0.0018259281801582471,0.0018259281801582471,0.002434570906877663,0.0018259281801582471,0.0033475349969567863,0.001978088861838101,0.0025867315885575166,0.0025867315885575166,0.002434570906877663,0.002282410225197809,0.0025867315885575166,0.002282410225197809,0.0015216068167985392,0.0013694461351186854,0.002738892270237371,0.002282410225197809,0.002130249543517955,0.002282410225197809,0.002130249543517955,0.002738892270237371,0.0025867315885575166,0.001978088861838101,0.002434570906877663,0.002434570906877663,0.0013694461351186854,0.0016737674984783932,0.0025867315885575166,0.002282410225197809,0.002434570906877663,0.002282410225197809,0.0028910529519172246,0.0016737674984783932,0.0016737674984783932,0.0015216068167985392,0.0010651247717589774,0.002738892270237371,0.0025867315885575166,0.002130249543517955,0.0033475349969567863,0.001978088861838101,0.002130249543517955,0.0013694461351186854,0.002130249543517955,0.0018259281801582471,0.001978088861838101,0.002130249543517955,0.0016737674984783932,0.002282410225197809,0.0025867315885575166,0.002434570906877663,0.0015216068167985392,0.0007608034083992696,0.002130249543517955,0.001978088861838101,0.002434570906877663,0.0031953743152769326,0.0016737674984783932,0.002738892270237371,0.001978088861838101,0.0018259281801582471,0.001978088861838101,0.002282410225197809,0.002434570906877663,0.0018259281801582471,0.0015216068167985392,0.0015216068167985392,0.0016737674984783932,0.002282410225197809,0.0015216068167985392,0.002738892270237371,0.0028910529519172246,0.002130249543517955,0.001978088861838101,0.001978088861838101,0.001978088861838101,0.001978088861838101,0.0018259281801582471,0.0018259281801582471,0.0025867315885575166,0.002130249543517955,0.0018259281801582471,0.0033475349969567863,0.0013694461351186854,0.0030432136335970784,0.0015216068167985392,0.0015216068167985392,0.0033475349969567863,0.0018259281801582471,0.002282410225197809,0.0030432136335970784,0.0015216068167985392,0.002738892270237371,0.0013694461351186854,0.0013694461351186854,0.0028910529519172246,0.003804017041996348,0.0028910529519172246,0.002738892270237371,0.002738892270237371,0.0028910529519172246,7.491343
107,vimeo1,0,stream,131.202.240.150,72.21.91.187,58051,443,6,c02f,00190000166c69766570617373646c2e636f6e766976612e636f6d,528,http_content_type_NULL,http_user_agent_NULL,http_accept_language_NULL,http_server_NULL,http_code_NULL,livepassdl.conviva.com,86400,1,dns_domain_rank_NULL,185.5,59.5,960.8,471.99932203341143,132,2,5,371,4804,245,126,1338,242,39.20454545454545,24.5,16.5,16.6,20.35288677313368,49,83,41,8,43,0,0.04081632653061224,0.060240963855421686,0.05303030303030303,64,52,0.0,0.0,0.0,0.0,0.0,0.0,0.0,0.0,0.0,0.0,0.0,0.0,0.0,0.16666666666666666,0.0,0.0,0.0,0.0,0.0,0.0,0.0,0.0,0.0,0.0,0.0,0.0,0.0,0.0,0.0,0.0,0.0,0.0,0.0,0.0,0.0,0.0,0.0,0.0,0.0,0.0,0.0,0.0,0.0,0.0,0.0,0.0,0.0,0.0,0.0,0.0,0.0,0.0,0.0,0.0,0.0,0.0,0.0,0.0,0.0,0.0,0.0,0.0,0.0,0.0,0.0,0.0,0.0,0.0,0.0,0.0,0.0,0.0,0.0,0.0,0.0,0.0,0.0,0.0,0.0,0.0,0.0,0.0,0.0,0.0,0.0,0.0,0.0,0.0,0.0,0.0,0.0,0.0,0.0,0.0,0.0,0.0,0.0,0.0,0.0,0.0,0.0,0.0,0.0,0.0,0.0,0.0,0.0,0.0,0.0,0.0,0.0,0.0,0.0,0.0,0.0,0.0,0.0,0.0,0.0,0.0,0.0,0.0,0.0,0.0,0.0,0.0,0.0,0.0,0.0,0.0,0.0,0.0,0.0,0.0,0.0,0.0,0.0,0.0,0.0,0.0,0.0,0.0,0.0,0.0,0.0,0.0,0.0,0.0,0.0,0.0,0.0,0.0,0.0,0.0,0.0,0.0,0.0,0.0,0.0,0.0,0.0,0.0,0.0,0.0,0.0,0.0,0.0,0.0,0.0,0.0,0.0,0.0,0.0,0.0,0.0,0.0,0.0,0.0,0.0,0.0,0.0,0.0,0.0,0.0,0.0,0.0,0.0,0.0,0.0,0.0,0.0,0.0,0.0,0.0,0.0,0.0,0.0,0.0,0.0,0.0,0.0,0.0,0.0,0.0,0.0,0.0,0.0,0.0,0.0,0.0,0.0,0.0,0.0,0.0,0.0,0.0,0.0,0.0,0.0,0.0,0.16666666666666666,0.0,0.0,0.0,0.0,0.0,0.0,0.0,0.0,0.0,0.0,0.0,0.0,0.0,0.0,0.0,0.0,0.0,0.0,0.0,0.0,0.0,0.0,0.0,0.0,0.0,0.0,0.0,0.0,0.0,0.0,0.0,0.0,0.0,0.0,0.0,0.0,0.0,0.0,0.0,0.0,0.0,0.0,0.0,0.0,0.0,0.0,0.0,0.0,0.0,0.0,0.0,0.0,0.0,0.0,0.0,0.0,0.0,0.16666666666666666,0.0,0.0,0.0,0.0,0.0,0.0,0.0,0.0,0.0,0.0,0.0,0.0,0.0,0.0,0.0,0.0,0.0,0.0,0.0,0.0,0.0,0.0,0.0,0.0,0.0,0.0,0.0,0.0,0.0,0.0,0.0,0.0,0.0,0.0,0.0,0.0,0.0,0.0,0.0,0.0,0.0,0.0,0.0,0.0,0.0,0.0,0.0,0.0,0.0,0.0,0.0,0.0,0.0,0.0,0.0,0.0,0.0,0.0,0.0,0.0,0.0,0.0,0.0,0.0,0.0,0.0,0.0,0.0,0.0,0.0,0.0,0.0,0.0,0.0,0.0,0.0,0.0,0.0,0.0,0.0,0.0,0.0,0.16666666666666666,0.0,0.0,0.0,0.0,0.0,0.0,0.0,0.0,0.0,0.0,0.0,0.0,0.0,0.0,0.0,0.0,0.3333333333333333,0.0,0.0,0.0,0.0,0.0,0.0,0.0,0.0,0.0,0.0,0.0,0.0,0.0,0.0,0.0,0.0,0.0,0.0,0.0,0.0,0.0,0.02666666666666667,0.022995169082125604,0.009855072463768115,0.01816425120772947,0.012753623188405797,0.010434782608695653,0.015458937198067632,0.0052173913043478265,0.005990338164251208,0.00463768115942029,0.004830917874396135,0.00502415458937198,0.002705314009661836,0.004830917874396135,0.003285024154589372,0.004251207729468599,0.003285024154589372,0.003671497584541063,0.0044444444444444444,0.007729468599033816,0.003864734299516908,0.0021256038647342996,0.007536231884057971,0.004251207729468599,0.004057971014492754,0.003864734299516908,0.002318840579710145,0.001352657004830918,0.002318840579710145,0.005797101449275362,0.0015458937198067632,0.002705314009661836,0.007342995169082126,0.0007729468599033816,0.00251207729468599,0.003864734299516908,0.0017391304347826088,0.00251207729468599,0.0021256038647342996,0.001932367149758454,0.002898550724637681,0.0030917874396135265,0.003285024154589372,0.0052173913043478265,0.0017391304347826088,0.0052173913043478265,0.030144927536231884,0.006956521739130435,0.02705314009661836,0.010241545893719806,0.007342995169082126,0.004251207729468599,0.0034782608695652175,0.0030917874396135265,0.0021256038647342996,0.002318840579710145,0.002318840579710145,0.0015458937198067632,0.0030917874396135265,0.0044444444444444444,0.0017391304347826088,0.001352657004830918,0.002318840579710145,0.001352657004830918,0.003671497584541063,0.004830917874396135,0.002705314009661836,0.00463768115942029,0.003864734299516908,0.0021256038647342996,0.0011594202898550724,0.000966183574879227,0.004830917874396135,0.002898550724637681,0.001932367149758454,0.000966183574879227,0.000966183574879227,0.002705314009661836,0.00251207729468599,0.0017391304347826088,0.0015458937198067632,0.001932367149758454,0.001352657004830918,0.003671497584541063,0.0015458937198067632,0.008115942028985508,0.001932367149758454,0.001932367149758454,0.0011594202898550724,0.003285024154589372,0.00251207729468599,0.0007729468599033816,0.001932367149758454,0.0015458937198067632,0.002318840579710145,0.0015458937198067632,0.001352657004830918,0.01642512077294686,0.004251207729468599,0.029178743961352657,0.01603864734299517,0.024541062801932367,0.0021256038647342996,0.011014492753623189,0.00676328502415459,0.01932367149758454,0.0015458937198067632,0.001932367149758454,0.008695652173913044,0.017971014492753623,0.015845410628019325,0.021835748792270532,0.01004830917874396,0.0021256038647342996,0.017198067632850242,0.019903381642512076,0.01932367149758454,0.007729468599033816,0.005797101449275362,0.007536231884057971,0.0030917874396135265,0.00251207729468599,0.002318840579710145,0.0005797101449275362,0.0011594202898550724,0.002898550724637681,0.0015458937198067632,0.002318840579710145,0.002318840579710145,0.002898550724637681,0.017198067632850242,0.001932367149758454,0.0017391304347826088,0.0017391304347826088,0.006376811594202898,0.001352657004830918,0.0011594202898550724,0.0003864734299516908,0.001932367149758454,0.001932367149758454,0.0015458937198067632,0.001352657004830918,0.0015458937198067632,0.000966183574879227,0.002705314009661836,0.000966183574879227,0.0015458937198067632,0.0011594202898550724,0.000966183574879227,0.0017391304347826088,0.0011594202898550724,0.0011594202898550724,0.001352657004830918,0.00251207729468599,0.001932367149758454,0.0015458937198067632,0.002318840579710145,0.0015458937198067632,0.002318840579710145,0.0017391304347826088,0.003285024154589372,0.001352657004830918,0.0021256038647342996,0.0021256038647342996,0.00251207729468599,0.0011594202898550724,0.0021256038647342996,0.0011594202898550724,0.000966183574879227,0.0011594202898550724,0.002898550724637681,0.0005797101449275362,0.00251207729468599,0.001352657004830918,0.00251207729468599,0.002318840579710145,0.001352657004830918,0.0017391304347826088,0.0015458937198067632,0.0017391304347826088,0.000966183574879227,0.0011594202898550724,0.0015458937198067632,0.0011594202898550724,0.002318840579710145,0.0015458937198067632,0.0015458937198067632,0.002898550724637681,0.0003864734299516908,0.0015458937198067632,0.0015458937198067632,0.0021256038647342996,0.0034782608695652175,0.0021256038647342996,0.002318840579710145,0.0017391304347826088,0.002705314009661836,0.0015458937198067632,0.000966183574879227,0.001932367149758454,0.0015458937198067632,0.0017391304347826088,0.000966183574879227,0.001352657004830918,0.003285024154589372,0.00251207729468599,0.0011594202898550724,0.000966183574879227,0.001352657004830918,0.001352657004830918,0.001352657004830918,0.002705314009661836,0.0011594202898550724,0.0021256038647342996,0.0015458937198067632,0.001932367149758454,0.0007729468599033816,0.0021256038647342996,0.001932367149758454,0.0011594202898550724,0.001932367149758454,0.001932367149758454,0.0015458937198067632,0.001932367149758454,0.000966183574879227,0.003671497584541063,0.0017391304347826088,0.000966183574879227,0.0015458937198067632,0.0015458937198067632,0.0015458937198067632,0.0011594202898550724,0.000966183574879227,0.0005797101449275362,0.0017391304347826088,0.0017391304347826088,0.0011594202898550724,0.001932367149758454,0.0021256038647342996,0.002898550724637681,0.0003864734299516908,0.0007729468599033816,0.001352657004830918,0.0021256038647342996,0.0011594202898550724,0.003285024154589372,0.0011594202898550724,0.001932367149758454,0.0011594202898550724,0.0007729468599033816,0.0011594202898550724,0.001932367149758454,0.001932367149758454,0.00251207729468599,0.001352657004830918,0.003285024154589372,7.228612
108,vimeo1,0,stream,131.202.240.150,72.21.91.187,58052,443,6,c02f,00190000166c69766570617373646c2e636f6e766976612e636f6d,528,http_content_type_NULL,http_user_agent_NULL,http_accept_language_NULL,http_server_NULL,http_code_NULL,livepassdl.conviva.com,86400,1,dns_domain_rank_NULL,185.5,59.5,960.8,471.99932203341143,136,2,5,371,4804,245,126,1338,242,38.0514705882353,25.0,16.0,17.2,21.103554203024665,50,86,41,9,45,0,0.04,0.05813953488372093,0.051470588235294115,64,52,0.0,0.0,0.0,0.0,0.0,0.0,0.0,0.0,0.0,0.0,0.0,0.0,0.0,0.16666666666666666,0.0,0.0,0.0,0.0,0.0,0.0,0.0,0.0,0.0,0.0,0.0,0.0,0.0,0.0,0.0,0.0,0.0,0.0,0.0,0.0,0.0,0.0,0.0,0.0,0.0,0.0,0.0,0.0,0.0,0.0,0.0,0.0,0.0,0.0,0.0,0.0,0.0,0.0,0.0,0.0,0.0,0.0,0.0,0.0,0.0,0.0,0.0,0.0,0.0,0.0,0.0,0.0,0.0,0.0,0.0,0.0,0.0,0.0,0.0,0.0,0.0,0.0,0.0,0.0,0.0,0.0,0.0,0.0,0.0,0.0,0.0,0.0,0.0,0.0,0.0,0.0,0.0,0.0,0.0,0.0,0.0,0.0,0.0,0.0,0.0,0.0,0.0,0.0,0.0,0.0,0.0,0.0,0.0,0.0,0.0,0.0,0.0,0.0,0.0,0.0,0.0,0.0,0.0,0.0,0.0,0.0,0.0,0.0,0.0,0.0,0.0,0.0,0.0,0.0,0.0,0.0,0.0,0.0,0.0,0.0,0.0,0.0,0.0,0.0,0.0,0.0,0.0,0.0,0.0,0.0,0.0,0.0,0.0,0.0,0.0,0.0,0.0,0.0,0.0,0.0,0.0,0.0,0.0,0.0,0.0,0.0,0.0,0.0,0.0,0.0,0.0,0.0,0.0,0.0,0.0,0.0,0.0,0.0,0.0,0.0,0.0,0.0,0.0,0.0,0.0,0.0,0.0,0.0,0.0,0.0,0.0,0.0,0.0,0.0,0.0,0.0,0.0,0.0,0.0,0.0,0.0,0.0,0.0,0.0,0.0,0.0,0.0,0.0,0.0,0.0,0.0,0.0,0.0,0.0,0.0,0.0,0.0,0.0,0.0,0.0,0.0,0.0,0.0,0.0,0.0,0.0,0.16666666666666666,0.0,0.0,0.0,0.0,0.0,0.0,0.0,0.0,0.0,0.0,0.0,0.0,0.0,0.0,0.0,0.0,0.0,0.0,0.0,0.0,0.0,0.0,0.0,0.0,0.0,0.0,0.0,0.0,0.0,0.0,0.0,0.0,0.0,0.0,0.0,0.0,0.0,0.0,0.0,0.0,0.0,0.0,0.0,0.0,0.0,0.0,0.0,0.0,0.0,0.0,0.0,0.0,0.0,0.0,0.0,0.0,0.0,0.16666666666666666,0.0,0.0,0.0,0.0,0.0,0.0,0.0,0.0,0.0,0.0,0.0,0.0,0.0,0.0,0.0,0.0,0.0,0.0,0.0,0.0,0.0,0.0,0.0,0.0,0.0,0.0,0.0,0.0,0.0,0.0,0.0,0.0,0.0,0.0,0.0,0.0,0.0,0.0,0.0,0.0,0.0,0.0,0.0,0.0,0.0,0.0,0.0,0.0,0.0,0.0,0.0,0.0,0.0,0.0,0.0,0.0,0.0,0.0,0.0,0.0,0.0,0.0,0.0,0.0,0.0,0.0,0.0,0.0,0.0,0.0,0.0,0.0,0.0,0.0,0.0,0.0,0.0,0.0,0.0,0.0,0.0,0.0,0.16666666666666666,0.0,0.0,0.0,0.0,0.0,0.0,0.0,0.0,0.0,0.0,0.0,0.0,0.0,0.0,0.0,0.0,0.3333333333333333,0.0,0.0,0.0,0.0,0.0,0.0,0.0,0.0,0.0,0.0,0.0,0.0,0.0,0.0,0.0,0.0,0.0,0.0,0.0,0.0,0.0,0.02570048309178744,0.02357487922705314,0.009855072463768115,0.01855072463768116,0.012753623188405797,0.010821256038647344,0.016231884057971015,0.004830917874396135,0.006376811594202898,0.0052173913043478265,0.00463768115942029,0.0052173913043478265,0.0030917874396135265,0.00463768115942029,0.002898550724637681,0.0034782608695652175,0.0034782608695652175,0.0034782608695652175,0.0044444444444444444,0.006570048309178744,0.003285024154589372,0.002898550724637681,0.006956521739130435,0.0034782608695652175,0.0034782608695652175,0.003671497584541063,0.00251207729468599,0.0015458937198067632,0.002898550724637681,0.0052173913043478265,0.0015458937198067632,0.002318840579710145,0.007342995169082126,0.000966183574879227,0.0017391304347826088,0.003864734299516908,0.0021256038647342996,0.001932367149758454,0.002705314009661836,0.0021256038647342996,0.002705314009661836,0.0030917874396135265,0.0030917874396135265,0.005603864734299517,0.0021256038647342996,0.00463768115942029,0.02995169082125604,0.00714975845410628,0.02647342995169082,0.010821256038647344,0.006956521739130435,0.0034782608695652175,0.003285024154589372,0.0034782608695652175,0.002318840579710145,0.00251207729468599,0.0017391304347826088,0.0015458937198067632,0.002705314009661836,0.003671497584541063,0.0021256038647342996,0.0007729468599033816,0.0021256038647342996,0.0017391304347826088,0.002898550724637681,0.00502415458937198,0.0030917874396135265,0.0052173913043478265,0.003864734299516908,0.001352657004830918,0.0015458937198067632,0.0017391304347826088,0.0044444444444444444,0.0034782608695652175,0.0021256038647342996,0.0011594202898550724,0.0015458937198067632,0.002318840579710145,0.002705314009661836,0.0015458937198067632,0.0015458937198067632,0.001932367149758454,0.0021256038647342996,0.004057971014492754,0.001352657004830918,0.008502415458937198,0.0017391304347826088,0.0017391304347826088,0.001352657004830918,0.0030917874396135265,0.001932367149758454,0.000966183574879227,0.002318840579710145,0.000966183574879227,0.002318840579710145,0.0017391304347826088,0.0015458937198067632,0.01642512077294686,0.0044444444444444444,0.029178743961352657,0.015458937198067632,0.024734299516908212,0.001932367149758454,0.010241545893719806,0.006570048309178744,0.019516908212560385,0.001352657004830918,0.002318840579710145,0.008695652173913044,0.018357487922705314,0.015265700483091787,0.022222222222222223,0.010241545893719806,0.0021256038647342996,0.017198067632850242,0.02009661835748792,0.01971014492753623,0.008115942028985508,0.005990338164251208,0.00676328502415459,0.0030917874396135265,0.0021256038647342996,0.001932367149758454,0.0011594202898550724,0.001352657004830918,0.00251207729468599,0.001932367149758454,0.0017391304347826088,0.001932367149758454,0.00251207729468599,0.01681159420289855,0.001352657004830918,0.0017391304347826088,0.0021256038647342996,0.005797101449275362,0.001932367149758454,0.0011594202898550724,0.0001932367149758454,0.001932367149758454,0.001932367149758454,0.0017391304347826088,0.001352657004830918,0.0017391304347826088,0.0011594202898550724,0.002705314009661836,0.0005797101449275362,0.0017391304347826088,0.001352657004830918,0.001352657004830918,0.0021256038647342996,0.0011594202898550724,0.000966183574879227,0.001932367149758454,0.0021256038647342996,0.00251207729468599,0.0017391304347826088,0.001932367149758454,0.001932367149758454,0.00251207729468599,0.001932367149758454,0.0030917874396135265,0.0021256038647342996,0.0021256038647342996,0.001932367149758454,0.002318840579710145,0.000966183574879227,0.0021256038647342996,0.0007729468599033816,0.0011594202898550724,0.000966183574879227,0.0021256038647342996,0.000966183574879227,0.001932367149758454,0.001352657004830918,0.00251207729468599,0.00251207729468599,0.001352657004830918,0.001932367149758454,0.002318840579710145,0.0021256038647342996,0.001352657004830918,0.0011594202898550724,0.0015458937198067632,0.0017391304347826088,0.002318840579710145,0.000966183574879227,0.0021256038647342996,0.0017391304347826088,0.0007729468599033816,0.0011594202898550724,0.001932367149758454,0.00251207729468599,0.003285024154589372,0.001932367149758454,0.001932367149758454,0.001352657004830918,0.001352657004830918,0.001352657004830918,0.001352657004830918,0.001932367149758454,0.002318840579710145,0.002318840579710145,0.001352657004830918,0.0017391304347826088,0.002705314009661836,0.0021256038647342996,0.0017391304347826088,0.000966183574879227,0.0015458937198067632,0.0015458937198067632,0.0015458937198067632,0.002705314009661836,0.0011594202898550724,0.0015458937198067632,0.001932367149758454,0.0021256038647342996,0.0007729468599033816,0.002318840579710145,0.0021256038647342996,0.001352657004830918,0.0017391304347826088,0.001352657004830918,0.0021256038647342996,0.0017391304347826088,0.0007729468599033816,0.002318840579710145,0.001932367149758454,0.000966183574879227,0.0003864734299516908,0.001352657004830918,0.0017391304347826088,0.0003864734299516908,0.001352657004830918,0.002318840579710145,0.0015458937198067632,0.0017391304347826088,0.001352657004830918,0.001932367149758454,0.0021256038647342996,0.002318840579710145,0.0011594202898550724,0.001932367149758454,0.0015458937198067632,0.001352657004830918,0.001352657004830918,0.0030917874396135265,0.000966183574879227,0.001932367149758454,0.0007729468599033816,0.001352657004830918,0.0017391304347826088,0.0021256038647342996,0.001932367149758454,0.002705314009661836,0.001932367149758454,0.0034782608695652175,7.242819
109,vimeo1,0,stream,131.202.240.150,131.202.244.3,12827,53,17,scs_str_NULL,server_name_str_NULL,0,http_content_type_NULL,http_user_agent_NULL,http_accept_language_NULL,http_server_NULL,http_code_NULL,dns_domain_name_NULL,dns_ttl_NULL,dns_num_ip_NULL,dns_domain_rank_NULL,34.0,0.0,298.0,0.0,47,1,1,34,298,34,34,298,298,7.0638297872340425,0.0,0,47.0,0.0,0,47,0,0,47,47,0,0.02127659574468085,0.0425531914893617,64,63,0.0,0.0,0.0,0.0,0.0,0.0,0.0,0.0,0.0,0.0,0.0,0.0,0.0,0.0,0.0,0.0,0.0,0.0,0.0,0.0,0.0,0.0,0.0,0.0,0.0,0.0,0.0,0.0,0.0,0.0,0.0,0.0,0.0,0.0,0.0,0.0,0.0,0.0,0.0,0.0,0.0,0.0,0.0,0.0,0.0,0.0,0.0,0.0,0.0,0.0,0.0,0.0,0.0,0.0,0.0,0.0,0.0,0.0,0.0,0.0,0.0,0.0,0.0,0.0,0.0,0.0,0.0,0.0,0.0,0.0,0.0,0.0,0.0,0.0,0.0,0.0,0.0,0.0,0.0,0.0,0.0,0.0,0.0,0.0,0.0,0.0,0.0,0.0,0.0,0.0,0.0,0.0,0.0,0.0,0.0,0.0,0.0,0.0,0.0,0.0,0.0,0.0,0.0,0.0,0.0,0.0,0.0,0.0,0.0,0.0,0.0,0.0,0.0,0.0,0.0,0.0,0.0,0.0,0.0,0.0,0.0,0.0,0.0,0.0,0.0,0.0,0.0,0.0,0.0,0.0,0.0,0.0,0.0,0.0,0.0,0.0,0.0,0.0,0.0,0.0,0.0,0.0,0.0,0.0,0.0,0.0,0.0,0.0,0.0,0.0,0.0,0.0,0.0,0.0,0.0,0.0,0.0,0.0,0.0,0.0,0.0,0.0,0.0,0.0,0.0,0.0,0.0,0.0,0.0,0.0,0.0,0.0,0.0,0.0,0.0,0.0,0.0,0.0,0.0,0.0,0.0,0.0,0.0,0.0,0.0,0.0,0.0,0.0,0.0,0.0,0.0,0.0,0.0,0.0,0.0,0.0,0.0,0.0,0.0,0.0,0.0,0.0,0.0,0.0,0.0,0.0,0.0,0.0,0.0,0.0,0.0,0.0,0.0,0.0,0.0,0.0,0.0,0.0,0.0,0.0,1.0,0.0,0.0,0.0,0.0,0.0,0.0,0.0,0.0,0.0,0.0,0.0,0.0,0.0,0.0,0.0,0.0,0.0,0.0,0.0,0.0,0.0,0.0,0.0,0.0,0.0,0.0,0.0,0.0,0.0,0.0,0.0,0.0,0.0,0.0,0.0,0.0,0.0,0.0,0.0,0.0,0.0,0.0,0.0,0.0,0.0,0.0,0.0,0.0,0.0,0.0,0.0,0.0,0.0,0.0,0.0,0.0,0.0,0.0,0.0,0.0,0.0,0.0,0.0,0.0,0.0,0.0,0.0,0.0,0.0,0.0,0.0,0.0,0.0,0.0,0.0,0.0,0.0,0.0,0.0,0.0,0.0,0.0,0.0,0.0,0.0,0.0,0.0,0.0,0.0,0.0,0.0,0.0,0.0,0.0,0.0,0.0,0.0,0.0,0.0,0.0,0.0,0.0,0.0,0.0,0.0,0.0,0.0,0.0,0.0,0.0,0.0,0.0,0.0,0.0,0.0,0.0,0.0,0.0,0.0,0.0,0.0,0.0,0.0,0.0,0.0,0.0,0.0,0.0,0.0,0.0,0.0,0.0,0.0,0.0,0.0,0.0,0.0,0.0,0.0,0.0,0.0,0.0,0.0,0.0,0.0,0.0,0.0,0.0,0.0,0.0,0.0,0.0,0.0,0.0,0.0,0.0,0.0,0.0,0.0,0.0,0.0,0.0,0.0,0.0,0.0,0.0,0.0,0.0,0.0,0.0,0.0,0.0,0.0,0.0,0.0,0.0,0.0,0.0,0.0,0.2319277108433735,0.10542168674698796,0.018072289156626505,0.012048192771084338,0.03313253012048193,0.009036144578313253,0.009036144578313253,0.006024096385542169,0.0,0.012048192771084338,0.0,0.0,0.012048192771084338,0.0,0.0,0.0,0.0,0.0,0.0030120481927710845,0.012048192771084338,0.0,0.0,0.0030120481927710845,0.009036144578313253,0.0,0.006024096385542169,0.0,0.0,0.0,0.0,0.012048192771084338,0.0030120481927710845,0.0,0.024096385542168676,0.0,0.0,0.0,0.0030120481927710845,0.0,0.0,0.0,0.0,0.0,0.0,0.0,0.024096385542168676,0.0,0.0,0.006024096385542169,0.009036144578313253,0.006024096385542169,0.006024096385542169,0.009036144578313253,0.0030120481927710845,0.009036144578313253,0.0030120481927710845,0.012048192771084338,0.0,0.0,0.0,0.0,0.0,0.0,0.0,0.0,0.0,0.0,0.0,0.0,0.0,0.0030120481927710845,0.0,0.0,0.0,0.0,0.0,0.0,0.0,0.0,0.0,0.0,0.0030120481927710845,0.0,0.0,0.0,0.0030120481927710845,0.0,0.0,0.0,0.0,0.0,0.0,0.0,0.0,0.0030120481927710845,0.0,0.0,0.018072289156626505,0.0,0.009036144578313253,0.012048192771084338,0.015060240963855422,0.0,0.0030120481927710845,0.006024096385542169,0.006024096385542169,0.0,0.0030120481927710845,0.006024096385542169,0.018072289156626505,0.030120481927710843,0.018072289156626505,0.006024096385542169,0.0,0.009036144578313253,0.05120481927710843,0.009036144578313253,0.0030120481927710845,0.006024096385542169,0.012048192771084338,0.0,0.006024096385542169,0.0,0.0,0.0,0.0,0.0,0.0,0.0030120481927710845,0.0030120481927710845,0.0,0.0,0.0,0.0,0.0,0.0,0.0,0.0,0.0,0.0,0.0,0.0,0.0,0.0,0.0030120481927710845,0.0,0.0,0.0,0.0,0.0,0.0,0.0,0.0,0.0,0.0,0.0,0.006024096385542169,0.0,0.0,0.0,0.0,0.0,0.0,0.0,0.0,0.0,0.0,0.0,0.0,0.0,0.0030120481927710845,0.0,0.0,0.0,0.0030120481927710845,0.0,0.0,0.0,0.0,0.0,0.0,0.0,0.006024096385542169,0.0030120481927710845,0.0,0.0,0.0,0.0,0.0,0.0,0.0,0.0,0.04216867469879518,0.0,0.0030120481927710845,0.0,0.0,0.0030120481927710845,0.0,0.0030120481927710845,0.0,0.0,0.0,0.0,0.0,0.012048192771084338,0.0,0.0,0.0,0.0030120481927710845,0.0,0.0,0.0,0.0,0.0,0.0,0.0,0.012048192771084338,0.0,0.0,0.0,0.0,0.0,0.0,0.0,0.0,0.0,0.0,0.0,0.0,0.0,0.0,0.0,0.0,0.0,0.006024096385542169,0.0,0.0,0.0,0.0,0.0,0.0,0.0030120481927710845,0.0,0.0,0.0,0.0,0.0,0.0,0.0,0.0,0.012048192771084338,0.0,0.0,0.0,0.0,4.951629
110,vimeo1,0,stream,131.202.240.150,131.202.244.5,12827,53,17,scs_str_NULL,server_name_str_NULL,0,http_content_type_NULL,http_user_agent_NULL,http_accept_language_NULL,http_server_NULL,http_code_NULL,dns_domain_name_NULL,dns_ttl_NULL,dns_num_ip_NULL,dns_domain_rank_NULL,34.0,0.0,298.0,0.0,47,1,1,34,298,34,34,298,298,7.0638297872340425,0.0,0,47.0,0.0,0,47,0,0,47,47,0,0.02127659574468085,0.0425531914893617,64,63,0.0,0.0,0.0,0.0,0.0,0.0,0.0,0.0,0.0,0.0,0.0,0.0,0.0,0.0,0.0,0.0,0.0,0.0,0.0,0.0,0.0,0.0,0.0,0.0,0.0,0.0,0.0,0.0,0.0,0.0,0.0,0.0,0.0,0.0,0.0,0.0,0.0,0.0,0.0,0.0,0.0,0.0,0.0,0.0,0.0,0.0,0.0,0.0,0.0,0.0,0.0,0.0,0.0,0.0,0.0,0.0,0.0,0.0,0.0,0.0,0.0,0.0,0.0,0.0,0.0,0.0,0.0,0.0,0.0,0.0,0.0,0.0,0.0,0.0,0.0,0.0,0.0,0.0,0.0,0.0,0.0,0.0,0.0,0.0,0.0,0.0,0.0,0.0,0.0,0.0,0.0,0.0,0.0,0.0,0.0,0.0,0.0,0.0,0.0,0.0,0.0,0.0,0.0,0.0,0.0,0.0,0.0,0.0,0.0,0.0,0.0,0.0,0.0,0.0,0.0,0.0,0.0,0.0,0.0,0.0,0.0,0.0,0.0,0.0,0.0,0.0,0.0,0.0,0.0,0.0,0.0,0.0,0.0,0.0,0.0,0.0,0.0,0.0,0.0,0.0,0.0,0.0,0.0,0.0,0.0,0.0,0.0,0.0,0.0,0.0,0.0,0.0,0.0,0.0,0.0,0.0,0.0,0.0,0.0,0.0,0.0,0.0,0.0,0.0,0.0,0.0,0.0,0.0,0.0,0.0,0.0,0.0,0.0,0.0,0.0,0.0,0.0,0.0,0.0,0.0,0.0,0.0,0.0,0.0,0.0,0.0,0.0,0.0,0.0,0.0,0.0,0.0,0.0,0.0,0.0,0.0,0.0,0.0,0.0,0.0,0.0,0.0,0.0,0.0,0.0,0.0,0.0,0.0,0.0,0.0,0.0,0.0,0.0,0.0,0.0,0.0,0.0,0.0,0.0,0.0,1.0,0.0,0.0,0.0,0.0,0.0,0.0,0.0,0.0,0.0,0.0,0.0,0.0,0.0,0.0,0.0,0.0,0.0,0.0,0.0,0.0,0.0,0.0,0.0,0.0,0.0,0.0,0.0,0.0,0.0,0.0,0.0,0.0,0.0,0.0,0.0,0.0,0.0,0.0,0.0,0.0,0.0,0.0,0.0,0.0,0.0,0.0,0.0,0.0,0.0,0.0,0.0,0.0,0.0,0.0,0.0,0.0,0.0,0.0,0.0,0.0,0.0,0.0,0.0,0.0,0.0,0.0,0.0,0.0,0.0,0.0,0.0,0.0,0.0,0.0,0.0,0.0,0.0,0.0,0.0,0.0,0.0,0.0,0.0,0.0,0.0,0.0,0.0,0.0,0.0,0.0,0.0,0.0,0.0,0.0,0.0,0.0,0.0,0.0,0.0,0.0,0.0,0.0,0.0,0.0,0.0,0.0,0.0,0.0,0.0,0.0,0.0,0.0,0.0,0.0,0.0,0.0,0.0,0.0,0.0,0.0,0.0,0.0,0.0,0.0,0.0,0.0,0.0,0.0,0.0,0.0,0.0,0.0,0.0,0.0,0.0,0.0,0.0,0.0,0.0,0.0,0.0,0.0,0.0,0.0,0.0,0.0,0.0,0.0,0.0,0.0,0.0,0.0,0.0,0.0,0.0,0.0,0.0,0.0,0.0,0.0,0.0,0.0,0.0,0.0,0.0,0.0,0.0,0.0,0.0,0.0,0.0,0.0,0.0,0.0,0.0,0.0,0.0,0.0,0.0,0.2319277108433735,0.10542168674698796,0.018072289156626505,0.012048192771084338,0.03313253012048193,0.009036144578313253,0.009036144578313253,0.006024096385542169,0.0,0.012048192771084338,0.0,0.0,0.012048192771084338,0.0,0.0,0.0,0.0,0.0,0.0030120481927710845,0.012048192771084338,0.0,0.0,0.0030120481927710845,0.009036144578313253,0.0,0.006024096385542169,0.0,0.0,0.0,0.0,0.012048192771084338,0.0,0.0,0.0030120481927710845,0.0,0.0,0.0,0.0030120481927710845,0.0,0.0,0.0,0.0,0.0,0.0,0.0,0.024096385542168676,0.0,0.0,0.006024096385542169,0.009036144578313253,0.006024096385542169,0.006024096385542169,0.009036144578313253,0.0030120481927710845,0.009036144578313253,0.0030120481927710845,0.012048192771084338,0.0,0.0,0.0030120481927710845,0.0,0.0,0.0,0.0,0.0,0.0,0.0030120481927710845,0.0,0.0,0.0,0.0030120481927710845,0.0,0.0,0.0,0.0,0.0,0.0,0.0,0.0,0.0,0.0,0.0030120481927710845,0.0,0.0,0.0,0.0030120481927710845,0.0,0.0,0.0030120481927710845,0.0,0.0,0.0,0.0,0.0,0.0030120481927710845,0.0,0.0,0.018072289156626505,0.0,0.009036144578313253,0.012048192771084338,0.015060240963855422,0.0,0.0030120481927710845,0.006024096385542169,0.006024096385542169,0.0,0.0030120481927710845,0.006024096385542169,0.018072289156626505,0.04819277108433735,0.018072289156626505,0.006024096385542169,0.0,0.009036144578313253,0.03614457831325301,0.0030120481927710845,0.0030120481927710845,0.006024096385542169,0.012048192771084338,0.0,0.006024096385542169,0.0,0.0,0.0,0.0,0.0,0.0,0.0030120481927710845,0.0030120481927710845,0.0,0.0,0.0,0.0,0.0,0.0,0.0,0.0,0.0,0.0,0.0,0.0,0.0,0.0,0.0030120481927710845,0.0,0.0,0.0,0.0,0.0,0.0,0.0,0.0,0.0,0.0,0.0,0.006024096385542169,0.0,0.0,0.0,0.0,0.0,0.0,0.0,0.0,0.0,0.0,0.0,0.0,0.0,0.0030120481927710845,0.0,0.0,0.0,0.0,0.0,0.0030120481927710845,0.0,0.0,0.0030120481927710845,0.0,0.0,0.006024096385542169,0.0030120481927710845,0.0,0.0,0.0,0.0,0.0,0.0,0.0,0.0,0.04216867469879518,0.0,0.0030120481927710845,0.0,0.0,0.0030120481927710845,0.0,0.0030120481927710845,0.0,0.0,0.0,0.0,0.0,0.012048192771084338,0.0,0.0,0.0,0.0,0.018072289156626505,0.0,0.0,0.0,0.0,0.0,0.0030120481927710845,0.012048192771084338,0.0,0.0,0.0,0.0,0.0,0.0,0.0,0.0,0.0,0.0,0.0,0.0,0.0,0.0,0.0,0.0,0.0,0.006024096385542169,0.0,0.0,0.0,0.0,0.0,0.0,0.0,0.0,0.0,0.0,0.0,0.0,0.0,0.0,0.0,0.012048192771084338,0.0,0.0,0.0,0.0,4.978531
111,vimeo1,0,stream,131.202.240.150,131.202.6.3,12827,53,17,scs_str_NULL,server_name_str_NULL,0,http_content_type_NULL,http_user_agent_NULL,http_accept_language_NULL,http_server_NULL,http_code_NULL,dns_domain_name_NULL,dns_ttl_NULL,dns_num_ip_NULL,dns_domain_rank_NULL,34.0,0.0,250.0,0.0,94,1,1,34,250,34,34,250,250,3.021276595744681,0.0,0,94.0,0.0,0,94,0,0,94,94,0,0.010638297872340425,0.02127659574468085,64,60,0.0,0.0,0.0,0.0,0.0,0.0,0.0,0.0,0.0,0.0,0.0,0.0,0.0,0.0,0.0,0.0,0.0,0.0,0.0,0.0,0.0,0.0,0.0,0.0,0.0,0.0,0.0,0.0,0.0,0.0,0.0,0.0,0.0,0.0,0.0,0.0,0.0,0.0,0.0,0.0,0.0,0.0,0.0,0.0,0.0,0.0,0.0,0.0,0.0,0.0,0.0,0.0,0.0,0.0,0.0,0.0,0.0,0.0,0.0,0.0,0.0,0.0,0.0,0.0,0.0,0.0,0.0,0.0,0.0,0.0,0.0,0.0,0.0,0.0,0.0,0.0,0.0,0.0,0.0,0.0,0.0,0.0,0.0,0.0,0.0,0.0,0.0,0.0,0.0,0.0,0.0,0.0,0.0,0.0,0.0,0.0,0.0,0.0,0.0,0.0,0.0,0.0,0.0,0.0,0.0,0.0,0.0,0.0,0.0,0.0,0.0,0.0,0.0,0.0,0.0,0.0,0.0,0.0,0.0,0.0,0.0,0.0,0.0,0.0,0.0,0.0,0.0,0.0,0.0,0.0,0.0,0.0,0.0,0.0,0.0,0.0,0.0,0.0,0.0,0.0,0.0,0.0,0.0,0.0,0.0,0.0,0.0,0.0,0.0,0.0,0.0,0.0,0.0,0.0,0.0,0.0,0.0,0.0,0.0,0.0,0.0,0.0,0.0,0.0,0.0,0.0,0.0,0.0,0.0,0.0,0.0,0.0,0.0,0.0,0.0,0.0,0.0,0.0,0.0,0.0,0.0,0.0,0.0,0.0,0.0,0.0,0.0,0.0,0.0,0.0,0.0,0.0,0.0,0.0,0.0,0.0,0.0,0.0,0.0,0.0,0.0,0.0,0.0,0.0,0.0,0.0,0.0,0.0,0.0,0.0,0.0,0.0,0.0,0.0,0.0,0.0,0.0,0.0,0.0,0.0,1.0,0.0,0.0,0.0,0.0,0.0,0.0,0.0,0.0,0.0,0.0,0.0,0.0,0.0,0.0,0.0,0.0,0.0,0.0,0.0,0.0,0.0,0.0,0.0,0.0,0.0,0.0,0.0,0.0,0.0,0.0,0.0,0.0,0.0,0.0,0.0,0.0,0.0,0.0,0.0,0.0,0.0,0.0,0.0,0.0,0.0,0.0,0.0,0.0,0.0,0.0,0.0,0.0,0.0,0.0,0.0,0.0,0.0,0.0,0.0,0.0,0.0,0.0,0.0,0.0,0.0,0.0,0.0,0.0,0.0,0.0,0.0,0.0,0.0,0.0,0.0,0.0,0.0,0.0,0.0,0.0,0.0,0.0,0.0,0.0,0.0,0.0,0.0,0.0,0.0,0.0,0.0,0.0,0.0,0.0,0.0,0.0,0.0,0.0,0.0,0.0,0.0,0.0,0.0,0.0,0.0,0.0,0.0,0.0,0.0,0.0,0.0,0.0,0.0,0.0,0.0,0.0,0.0,0.0,0.0,0.0,0.0,0.0,0.0,0.0,0.0,0.0,0.0,0.0,0.0,0.0,0.0,0.0,0.0,0.0,0.0,0.0,0.0,0.0,0.0,0.0,0.0,0.0,0.0,0.0,0.0,0.0,0.0,0.0,0.0,0.0,0.0,0.0,0.0,0.0,0.0,0.0,0.0,0.0,0.0,0.0,0.0,0.0,0.0,0.0,0.0,0.0,0.0,0.0,0.0,0.0,0.0,0.0,0.0,0.0,0.0,0.0,0.0,0.0,0.0,0.22887323943661972,0.09507042253521127,0.02112676056338028,0.014084507042253521,0.02464788732394366,0.01056338028169014,0.01056338028169014,0.007042253521126761,0.0,0.014084507042253521,0.0,0.0,0.014084507042253521,0.0,0.0,0.0,0.0,0.0,0.0035211267605633804,0.014084507042253521,0.0,0.0,0.0035211267605633804,0.01056338028169014,0.0,0.007042253521126761,0.0,0.0,0.0,0.0,0.014084507042253521,0.0,0.0,0.0035211267605633804,0.0,0.0,0.0,0.0035211267605633804,0.0,0.0,0.0,0.0,0.0,0.0,0.0,0.028169014084507043,0.0,0.0,0.007042253521126761,0.01056338028169014,0.007042253521126761,0.007042253521126761,0.01056338028169014,0.0035211267605633804,0.01056338028169014,0.0035211267605633804,0.014084507042253521,0.0,0.0,0.0,0.0,0.0,0.0,0.0,0.0,0.0,0.0,0.0,0.0,0.0,0.0035211267605633804,0.0,0.0,0.0,0.0,0.0,0.0,0.0,0.0,0.0,0.0,0.0035211267605633804,0.0,0.0,0.0,0.0035211267605633804,0.0,0.0,0.0,0.0,0.0,0.0,0.0,0.0,0.0,0.0,0.0,0.02112676056338028,0.0,0.01056338028169014,0.014084507042253521,0.017605633802816902,0.0,0.0035211267605633804,0.007042253521126761,0.007042253521126761,0.0,0.0035211267605633804,0.007042253521126761,0.02112676056338028,0.04929577464788732,0.02112676056338028,0.007042253521126761,0.0,0.01056338028169014,0.04225352112676056,0.0035211267605633804,0.0035211267605633804,0.007042253521126761,0.014084507042253521,0.0,0.007042253521126761,0.0,0.0,0.0,0.0,0.0,0.0,0.0035211267605633804,0.0035211267605633804,0.0,0.0,0.0,0.0,0.0,0.0,0.0,0.0,0.0,0.0,0.0,0.0,0.0,0.0,0.0,0.0,0.0,0.0,0.0,0.0,0.0,0.0,0.0,0.0,0.0,0.0,0.007042253521126761,0.0,0.0,0.0,0.0,0.0,0.0,0.0,0.0,0.0,0.0,0.0,0.0,0.0,0.0,0.0,0.0,0.0,0.0,0.0,0.0,0.0,0.0,0.0,0.0,0.0,0.007042253521126761,0.0,0.0,0.0,0.0,0.0,0.0,0.0,0.0,0.0,0.03873239436619718,0.0,0.0,0.0,0.0,0.0,0.0,0.0,0.0,0.0,0.0,0.0,0.0,0.0035211267605633804,0.0,0.0,0.0,0.0,0.017605633802816902,0.0,0.0,0.0,0.0,0.0,0.0035211267605633804,0.014084507042253521,0.0,0.0,0.0,0.0,0.0,0.0,0.0,0.0,0.0,0.0,0.0,0.0,0.0,0.0,0.0,0.0,0.0,0.007042253521126761,0.0,0.0,0.0,0.0,0.0,0.0,0.0,0.0,0.0,0.0,0.0,0.0,0.0,0.0,0.0,0.0035211267605633804,0.0,0.0,0.0,0.0,4.906223
112,vimeo1,0,stream,131.202.240.150,23.235.33.217,40254,443,6,c02f,0013000010706c617965722e76696d656f2e636f6d,0,http_content_type_NULL,http_user_agent_NULL,http_accept_language_NULL,http_server_NULL,http_code_NULL,player.vimeo.com,dns_ttl_NULL,4,dns_domain_rank_NULL,497.75,518.733734684761,435.0,294.0,193,4,2,1991,870,1338,51,729,141,14.823834196891191,11.0,19.05255888325765,74.5,30.5,44,149,44,0,105,44,0.09090909090909091,0.013422818791946308,0.031088082901554404,64,52,0.0,0.0,0.0,0.0,0.0,0.0,0.0,0.0,0.2,0.0,0.2,0.0,0.0,0.0,0.0,0.0,0.0,0.0,0.0,0.0,0.0,0.0,0.0,0.0,0.0,0.0,0.0,0.0,0.0,0.0,0.0,0.0,0.0,0.0,0.0,0.0,0.0,0.0,0.0,0.0,0.0,0.0,0.0,0.0,0.0,0.0,0.0,0.0,0.0,0.0,0.0,0.0,0.0,0.0,0.0,0.0,0.0,0.0,0.0,0.0,0.0,0.0,0.0,0.0,0.0,0.0,0.0,0.0,0.0,0.0,0.0,0.0,0.0,0.0,0.0,0.0,0.0,0.0,0.0,0.0,0.0,0.0,0.0,0.0,0.0,0.0,0.0,0.0,0.0,0.0,0.0,0.0,0.0,0.0,0.0,0.0,0.0,0.0,0.0,0.0,0.0,0.0,0.0,0.0,0.0,0.0,0.0,0.0,0.0,0.0,0.0,0.0,0.0,0.0,0.0,0.0,0.0,0.0,0.0,0.0,0.0,0.0,0.0,0.0,0.0,0.0,0.0,0.0,0.0,0.0,0.0,0.0,0.0,0.0,0.0,0.0,0.0,0.0,0.0,0.0,0.0,0.0,0.0,0.0,0.0,0.0,0.0,0.0,0.0,0.0,0.0,0.0,0.0,0.0,0.0,0.0,0.0,0.0,0.0,0.0,0.2,0.0,0.0,0.0,0.0,0.0,0.0,0.0,0.0,0.0,0.0,0.0,0.0,0.0,0.0,0.0,0.0,0.0,0.0,0.0,0.0,0.0,0.0,0.0,0.0,0.0,0.0,0.0,0.0,0.0,0.0,0.0,0.0,0.0,0.0,0.0,0.0,0.0,0.0,0.0,0.0,0.0,0.0,0.2,0.0,0.0,0.0,0.0,0.0,0.0,0.0,0.0,0.0,0.0,0.0,0.0,0.0,0.0,0.0,0.0,0.0,0.0,0.0,0.0,0.0,0.0,0.0,0.0,0.0,0.0,0.0,0.0,0.0,0.0,0.0,0.0,0.0,0.0,0.0,0.0,0.0,0.0,0.0,0.0,0.0,0.0,0.0,0.0,0.0,0.0,0.0,0.0,0.0,0.0,0.0,0.0,0.0,0.0,0.0,0.0,0.0,0.0,0.0,0.0,0.0,0.0,0.0,0.0,0.0,0.0,0.0,0.0,0.0,0.0,0.0,0.0,0.0,0.0,0.0,0.0,0.2,0.0,0.0,0.0,0.0,0.0,0.0,0.0,0.0,0.0,0.0,0.0,0.0,0.0,0.0,0.0,0.0,0.0,0.0,0.0,0.0,0.0,0.0,0.0,0.0,0.0,0.0,0.0,0.0,0.0,0.0,0.0,0.0,0.0,0.0,0.0,0.0,0.0,0.0,0.0,0.0,0.0,0.0,0.0,0.0,0.0,0.0,0.0,0.0,0.0,0.0,0.0,0.0,0.0,0.0,0.0,0.0,0.0,0.0,0.0,0.0,0.0,0.0,0.0,0.0,0.0,0.0,0.0,0.0,0.0,0.0,0.0,0.0,0.0,0.0,0.0,0.0,0.0,0.0,0.0,0.0,0.0,0.0,0.0,0.0,0.0,0.0,0.0,0.0,0.0,0.0,0.0,0.0,0.0,0.0,0.0,0.0,0.0,0.0,0.0,0.0,0.0,0.0,0.0,0.0,0.0,0.0,0.0,0.0,0.0,0.0,0.0,0.0,0.0,0.0,0.0,0.0,0.0,0.0,0.0,0.054875917511359666,0.009437259699405802,0.005242922055225445,0.009437259699405802,0.005592450192240475,0.005592450192240475,0.0010485844110450892,0.003844809507165327,0.003844809507165327,0.006291506466270535,0.005242922055225445,0.003495281370150297,0.0031457532331352674,0.003844809507165327,0.0027962250961202375,0.0020971688220901784,0.004893393918210416,0.005242922055225445,0.005592450192240475,0.004543865781195386,0.005941978329255505,0.005242922055225445,0.004543865781195386,0.004543865781195386,0.004194337644180357,0.005592450192240475,0.003844809507165327,0.002446696959105208,0.0017476406850751485,0.0031457532331352674,0.0020971688220901784,0.003844809507165327,0.004194337644180357,0.0027962250961202375,0.003844809507165327,0.002446696959105208,0.005242922055225445,0.0027962250961202375,0.002446696959105208,0.002446696959105208,0.0027962250961202375,0.002446696959105208,0.004543865781195386,0.002446696959105208,0.003844809507165327,0.003495281370150297,0.003844809507165327,0.003844809507165327,0.003844809507165327,0.004543865781195386,0.003844809507165327,0.004543865781195386,0.004543865781195386,0.0031457532331352674,0.004543865781195386,0.004543865781195386,0.0031457532331352674,0.003844809507165327,0.0027962250961202375,0.006990562740300594,0.0020971688220901784,0.004194337644180357,0.0031457532331352674,0.003844809507165327,0.0020971688220901784,0.004893393918210416,0.006641034603285564,0.0027962250961202375,0.003495281370150297,0.003844809507165327,0.005242922055225445,0.004194337644180357,0.002446696959105208,0.005592450192240475,0.0031457532331352674,0.003495281370150297,0.003844809507165327,0.0020971688220901784,0.002446696959105208,0.0031457532331352674,0.004194337644180357,0.004194337644180357,0.004194337644180357,0.0027962250961202375,0.005592450192240475,0.002446696959105208,0.0020971688220901784,0.0017476406850751485,0.004194337644180357,0.0020971688220901784,0.0031457532331352674,0.004543865781195386,0.0031457532331352674,0.0031457532331352674,0.005242922055225445,0.0017476406850751485,0.003495281370150297,0.007689619014330654,0.002446696959105208,0.005242922055225445,0.004543865781195386,0.005242922055225445,0.002446696959105208,0.0020971688220901784,0.003844809507165327,0.003495281370150297,0.0020971688220901784,0.0013981125480601187,0.0027962250961202375,0.003495281370150297,0.0027962250961202375,0.007340090877315624,0.006990562740300594,0.006291506466270535,0.004543865781195386,0.004194337644180357,0.003844809507165327,0.004194337644180357,0.005242922055225445,0.004543865781195386,0.003495281370150297,0.004893393918210416,0.004893393918210416,0.004893393918210416,0.0031457532331352674,0.005242922055225445,0.005242922055225445,0.003495281370150297,0.004543865781195386,0.003844809507165327,0.0013981125480601187,0.003844809507165327,0.004194337644180357,0.0013981125480601187,0.003844809507165327,0.0020971688220901784,0.0013981125480601187,0.003844809507165327,0.0006990562740300594,0.0031457532331352674,0.002446696959105208,0.0027962250961202375,0.0031457532331352674,0.003495281370150297,0.0013981125480601187,0.0020971688220901784,0.0020971688220901784,0.003844809507165327,0.004893393918210416,0.003495281370150297,0.003495281370150297,0.004543865781195386,0.0020971688220901784,0.003844809507165327,0.002446696959105208,0.0020971688220901784,0.0020971688220901784,0.003844809507165327,0.004893393918210416,0.003495281370150297,0.0027962250961202375,0.003844809507165327,0.004893393918210416,0.0020971688220901784,0.0027962250961202375,0.003844809507165327,0.004543865781195386,0.0031457532331352674,0.002446696959105208,0.003495281370150297,0.0017476406850751485,0.003495281370150297,0.0031457532331352674,0.006291506466270535,0.0027962250961202375,0.004893393918210416,0.002446696959105208,0.003495281370150297,0.0031457532331352674,0.004893393918210416,0.005592450192240475,0.002446696959105208,0.004194337644180357,0.0031457532331352674,0.002446696959105208,0.0031457532331352674,0.003844809507165327,0.004543865781195386,0.0027962250961202375,0.003844809507165327,0.003844809507165327,0.0027962250961202375,0.008388675288360714,0.005242922055225445,0.0010485844110450892,0.003495281370150297,0.004194337644180357,0.0017476406850751485,0.0031457532331352674,0.002446696959105208,0.003844809507165327,0.004543865781195386,0.0020971688220901784,0.003844809507165327,0.003495281370150297,0.002446696959105208,0.003844809507165327,0.003495281370150297,0.006291506466270535,0.0027962250961202375,0.004893393918210416,0.005592450192240475,0.0020971688220901784,0.004194337644180357,0.004543865781195386,0.0017476406850751485,0.0031457532331352674,0.003844809507165327,0.004893393918210416,0.0031457532331352674,0.002446696959105208,0.003844809507165327,0.002446696959105208,0.0031457532331352674,0.003495281370150297,0.005941978329255505,0.002446696959105208,0.004194337644180357,0.002446696959105208,0.002446696959105208,0.0031457532331352674,0.0027962250961202375,0.003495281370150297,0.004194337644180357,0.005242922055225445,0.002446696959105208,0.004194337644180357,0.0031457532331352674,0.004543865781195386,0.002446696959105208,0.004543865781195386,0.003495281370150297,0.003495281370150297,0.004893393918210416,0.0020971688220901784,0.0031457532331352674,0.0027962250961202375,0.0020971688220901784,0.004194337644180357,0.0027962250961202375,0.003495281370150297,0.004194337644180357,0.003495281370150297,0.0017476406850751485,0.006641034603285564,0.004194337644180357,7.770539
113,vimeo1,0,stream,131.202.240.150,23.235.33.217,40255,443,6,c02f,0013000010706c617965722e76696d656f2e636f6d,0,http_content_type_NULL,http_user_agent_NULL,http_accept_language_NULL,http_server_NULL,http_code_NULL,player.vimeo.com,dns_ttl_NULL,4,dns_domain_rank_NULL,497.75,518.733734684761,435.0,294.0,192,4,2,1991,870,1338,51,729,141,14.901041666666666,11.25,18.91262805640718,73.5,30.5,45,147,44,0,104,43,0.08888888888888889,0.013605442176870748,0.03125,64,52,0.0,0.0,0.0,0.0,0.0,0.0,0.0,0.0,0.2,0.0,0.2,0.0,0.0,0.0,0.0,0.0,0.0,0.0,0.0,0.0,0.0,0.0,0.0,0.0,0.0,0.0,0.0,0.0,0.0,0.0,0.0,0.0,0.0,0.0,0.0,0.0,0.0,0.0,0.0,0.0,0.0,0.0,0.0,0.0,0.0,0.0,0.0,0.0,0.0,0.0,0.0,0.0,0.0,0.0,0.0,0.0,0.0,0.0,0.0,0.0,0.0,0.0,0.0,0.0,0.0,0.0,0.0,0.0,0.0,0.0,0.0,0.0,0.0,0.0,0.0,0.0,0.0,0.0,0.0,0.0,0.0,0.0,0.0,0.0,0.0,0.0,0.0,0.0,0.0,0.0,0.0,0.0,0.0,0.0,0.0,0.0,0.0,0.0,0.0,0.0,0.0,0.0,0.0,0.0,0.0,0.0,0.0,0.0,0.0,0.0,0.0,0.0,0.0,0.0,0.0,0.0,0.0,0.0,0.0,0.0,0.0,0.0,0.0,0.0,0.0,0.0,0.0,0.0,0.0,0.0,0.0,0.0,0.0,0.0,0.0,0.0,0.0,0.0,0.0,0.0,0.0,0.0,0.0,0.0,0.0,0.0,0.0,0.0,0.0,0.0,0.0,0.0,0.0,0.0,0.0,0.0,0.0,0.0,0.0,0.0,0.2,0.0,0.0,0.0,0.0,0.0,0.0,0.0,0.0,0.0,0.0,0.0,0.0,0.0,0.0,0.0,0.0,0.0,0.0,0.0,0.0,0.0,0.0,0.0,0.0,0.0,0.0,0.0,0.0,0.0,0.0,0.0,0.0,0.0,0.0,0.0,0.0,0.0,0.0,0.0,0.0,0.0,0.0,0.2,0.0,0.0,0.0,0.0,0.0,0.0,0.0,0.0,0.0,0.0,0.0,0.0,0.0,0.0,0.0,0.0,0.0,0.0,0.0,0.0,0.0,0.0,0.0,0.0,0.0,0.0,0.0,0.0,0.0,0.0,0.0,0.0,0.0,0.0,0.0,0.0,0.0,0.0,0.0,0.0,0.0,0.0,0.0,0.0,0.0,0.0,0.0,0.0,0.0,0.0,0.0,0.0,0.0,0.0,0.0,0.0,0.0,0.0,0.0,0.0,0.0,0.0,0.0,0.0,0.0,0.0,0.0,0.0,0.0,0.0,0.0,0.0,0.0,0.0,0.0,0.0,0.2,0.0,0.0,0.0,0.0,0.0,0.0,0.0,0.0,0.0,0.0,0.0,0.0,0.0,0.0,0.0,0.0,0.0,0.0,0.0,0.0,0.0,0.0,0.0,0.0,0.0,0.0,0.0,0.0,0.0,0.0,0.0,0.0,0.0,0.0,0.0,0.0,0.0,0.0,0.0,0.0,0.0,0.0,0.0,0.0,0.0,0.0,0.0,0.0,0.0,0.0,0.0,0.0,0.0,0.0,0.0,0.0,0.0,0.0,0.0,0.0,0.0,0.0,0.0,0.0,0.0,0.0,0.0,0.0,0.0,0.0,0.0,0.0,0.0,0.0,0.0,0.0,0.0,0.0,0.0,0.0,0.0,0.0,0.0,0.0,0.0,0.0,0.0,0.0,0.0,0.0,0.0,0.0,0.0,0.0,0.0,0.0,0.0,0.0,0.0,0.0,0.0,0.0,0.0,0.0,0.0,0.0,0.0,0.0,0.0,0.0,0.0,0.0,0.0,0.0,0.0,0.0,0.0,0.0,0.0,0.055574973785389725,0.009786787836420832,0.006641034603285564,0.01258301293254107,0.003495281370150297,0.004543865781195386,0.005592450192240475,0.005592450192240475,0.0031457532331352674,0.003495281370150297,0.005242922055225445,0.003495281370150297,0.003495281370150297,0.004893393918210416,0.003844809507165327,0.002446696959105208,0.004543865781195386,0.004194337644180357,0.005941978329255505,0.004194337644180357,0.005242922055225445,0.002446696959105208,0.003495281370150297,0.003495281370150297,0.0017476406850751485,0.003844809507165327,0.003844809507165327,0.004543865781195386,0.004543865781195386,0.002446696959105208,0.0027962250961202375,0.003495281370150297,0.003844809507165327,0.0020971688220901784,0.004543865781195386,0.006291506466270535,0.004194337644180357,0.003495281370150297,0.005242922055225445,0.004543865781195386,0.003844809507165327,0.0020971688220901784,0.004194337644180357,0.004893393918210416,0.0031457532331352674,0.003495281370150297,0.003844809507165327,0.004543865781195386,0.006641034603285564,0.0031457532331352674,0.004194337644180357,0.0027962250961202375,0.0027962250961202375,0.0027962250961202375,0.004893393918210416,0.004194337644180357,0.002446696959105208,0.0031457532331352674,0.005592450192240475,0.004543865781195386,0.0013981125480601187,0.005242922055225445,0.004543865781195386,0.004543865781195386,0.002446696959105208,0.004194337644180357,0.005941978329255505,0.003495281370150297,0.004543865781195386,0.003844809507165327,0.003495281370150297,0.004893393918210416,0.0027962250961202375,0.004194337644180357,0.0027962250961202375,0.0027962250961202375,0.004194337644180357,0.002446696959105208,0.003495281370150297,0.006641034603285564,0.0031457532331352674,0.0027962250961202375,0.004543865781195386,0.002446696959105208,0.003844809507165327,0.0013981125480601187,0.0031457532331352674,0.0031457532331352674,0.005242922055225445,0.002446696959105208,0.003495281370150297,0.002446696959105208,0.002446696959105208,0.0031457532331352674,0.0027962250961202375,0.003495281370150297,0.0020971688220901784,0.0027962250961202375,0.003844809507165327,0.003844809507165327,0.005242922055225445,0.0031457532331352674,0.003844809507165327,0.002446696959105208,0.0027962250961202375,0.0020971688220901784,0.0013981125480601187,0.006641034603285564,0.004194337644180357,0.0027962250961202375,0.004194337644180357,0.0031457532331352674,0.004543865781195386,0.004194337644180357,0.004194337644180357,0.005592450192240475,0.004543865781195386,0.003844809507165327,0.005592450192240475,0.005941978329255505,0.0031457532331352674,0.004893393918210416,0.003495281370150297,0.0020971688220901784,0.003844809507165327,0.005242922055225445,0.004194337644180357,0.004543865781195386,0.0031457532331352674,0.003495281370150297,0.002446696959105208,0.003495281370150297,0.0013981125480601187,0.0020971688220901784,0.004893393918210416,0.005941978329255505,0.0031457532331352674,0.002446696959105208,0.005242922055225445,0.0013981125480601187,0.0031457532331352674,0.003495281370150297,0.0031457532331352674,0.006291506466270535,0.004543865781195386,0.0031457532331352674,0.003844809507165327,0.003495281370150297,0.004194337644180357,0.0031457532331352674,0.003495281370150297,0.0017476406850751485,0.0031457532331352674,0.003495281370150297,0.002446696959105208,0.0031457532331352674,0.003844809507165327,0.0027962250961202375,0.0017476406850751485,0.004194337644180357,0.0017476406850751485,0.0027962250961202375,0.0027962250961202375,0.003495281370150297,0.0031457532331352674,0.002446696959105208,0.0031457532331352674,0.002446696959105208,0.002446696959105208,0.004194337644180357,0.0031457532331352674,0.0017476406850751485,0.0017476406850751485,0.004194337644180357,0.0027962250961202375,0.005592450192240475,0.0017476406850751485,0.0031457532331352674,0.002446696959105208,0.006990562740300594,0.0027962250961202375,0.003495281370150297,0.003495281370150297,0.004194337644180357,0.003844809507165327,0.004543865781195386,0.002446696959105208,0.004893393918210416,0.0031457532331352674,0.004543865781195386,0.005941978329255505,0.005242922055225445,0.006291506466270535,0.004543865781195386,0.003844809507165327,0.0031457532331352674,0.0031457532331352674,0.005592450192240475,0.0031457532331352674,0.0020971688220901784,0.003844809507165327,0.003495281370150297,0.002446696959105208,0.0013981125480601187,0.003495281370150297,0.0027962250961202375,0.004194337644180357,0.003495281370150297,0.0031457532331352674,0.005242922055225445,0.007340090877315624,0.003844809507165327,0.0027962250961202375,0.003844809507165327,0.003495281370150297,0.0031457532331352674,0.002446696959105208,0.004194337644180357,0.0020971688220901784,0.004194337644180357,0.004194337644180357,0.003495281370150297,0.0013981125480601187,0.003495281370150297,0.0031457532331352674,0.0027962250961202375,0.002446696959105208,0.003844809507165327,0.004194337644180357,0.002446696959105208,0.0017476406850751485,0.0031457532331352674,0.003495281370150297,0.003495281370150297,0.003844809507165327,0.0020971688220901784,0.004543865781195386,0.003495281370150297,0.004893393918210416,0.003495281370150297,0.004194337644180357,0.006990562740300594,0.004194337644180357,0.0027962250961202375,0.0013981125480601187,0.003495281370150297,0.0020971688220901784,0.0017476406850751485,0.0031457532331352674,0.0031457532331352674,0.0020971688220901784,0.002446696959105208,0.004194337644180357,0.003844809507165327,0.004194337644180357,0.004543865781195386,7.772635
114,vimeo1,0,stream,131.202.240.150,23.235.33.217,40256,443,6,c02f,0013000010706c617965722e76696d656f2e636f6d,0,http_content_type_NULL,http_user_agent_NULL,http_accept_language_NULL,http_server_NULL,http_code_NULL,player.vimeo.com,dns_ttl_NULL,4,dns_domain_rank_NULL,497.75,518.733734684761,435.0,294.0,192,4,2,1991,870,1338,51,729,141,14.901041666666666,10.75,18.619546181365433,74.5,30.5,43,149,43,0,105,44,0.09302325581395349,0.013422818791946308,0.03125,64,52,0.0,0.0,0.0,0.0,0.0,0.0,0.0,0.0,0.2,0.0,0.2,0.0,0.0,0.0,0.0,0.0,0.0,0.0,0.0,0.0,0.0,0.0,0.0,0.0,0.0,0.0,0.0,0.0,0.0,0.0,0.0,0.0,0.0,0.0,0.0,0.0,0.0,0.0,0.0,0.0,0.0,0.0,0.0,0.0,0.0,0.0,0.0,0.0,0.0,0.0,0.0,0.0,0.0,0.0,0.0,0.0,0.0,0.0,0.0,0.0,0.0,0.0,0.0,0.0,0.0,0.0,0.0,0.0,0.0,0.0,0.0,0.0,0.0,0.0,0.0,0.0,0.0,0.0,0.0,0.0,0.0,0.0,0.0,0.0,0.0,0.0,0.0,0.0,0.0,0.0,0.0,0.0,0.0,0.0,0.0,0.0,0.0,0.0,0.0,0.0,0.0,0.0,0.0,0.0,0.0,0.0,0.0,0.0,0.0,0.0,0.0,0.0,0.0,0.0,0.0,0.0,0.0,0.0,0.0,0.0,0.0,0.0,0.0,0.0,0.0,0.0,0.0,0.0,0.0,0.0,0.0,0.0,0.0,0.0,0.0,0.0,0.0,0.0,0.0,0.0,0.0,0.0,0.0,0.0,0.0,0.0,0.0,0.0,0.0,0.0,0.0,0.0,0.0,0.0,0.0,0.0,0.0,0.0,0.0,0.0,0.2,0.0,0.0,0.0,0.0,0.0,0.0,0.0,0.0,0.0,0.0,0.0,0.0,0.0,0.0,0.0,0.0,0.0,0.0,0.0,0.0,0.0,0.0,0.0,0.0,0.0,0.0,0.0,0.0,0.0,0.0,0.0,0.0,0.0,0.0,0.0,0.0,0.0,0.0,0.0,0.0,0.0,0.0,0.2,0.0,0.0,0.0,0.0,0.0,0.0,0.0,0.0,0.0,0.0,0.0,0.0,0.0,0.0,0.0,0.0,0.0,0.0,0.0,0.0,0.0,0.0,0.0,0.0,0.0,0.0,0.0,0.0,0.0,0.0,0.0,0.0,0.0,0.0,0.0,0.0,0.0,0.0,0.0,0.0,0.0,0.0,0.0,0.0,0.0,0.0,0.0,0.0,0.0,0.0,0.0,0.0,0.0,0.0,0.0,0.0,0.0,0.0,0.0,0.0,0.0,0.0,0.0,0.0,0.0,0.0,0.0,0.0,0.0,0.0,0.0,0.0,0.0,0.0,0.0,0.0,0.2,0.0,0.0,0.0,0.0,0.0,0.0,0.0,0.0,0.0,0.0,0.0,0.0,0.0,0.0,0.0,0.0,0.0,0.0,0.0,0.0,0.0,0.0,0.0,0.0,0.0,0.0,0.0,0.0,0.0,0.0,0.0,0.0,0.0,0.0,0.0,0.0,0.0,0.0,0.0,0.0,0.0,0.0,0.0,0.0,0.0,0.0,0.0,0.0,0.0,0.0,0.0,0.0,0.0,0.0,0.0,0.0,0.0,0.0,0.0,0.0,0.0,0.0,0.0,0.0,0.0,0.0,0.0,0.0,0.0,0.0,0.0,0.0,0.0,0.0,0.0,0.0,0.0,0.0,0.0,0.0,0.0,0.0,0.0,0.0,0.0,0.0,0.0,0.0,0.0,0.0,0.0,0.0,0.0,0.0,0.0,0.0,0.0,0.0,0.0,0.0,0.0,0.0,0.0,0.0,0.0,0.0,0.0,0.0,0.0,0.0,0.0,0.0,0.0,0.0,0.0,0.0,0.0,0.0,0.0,0.056274030059419784,0.013631597343586158,0.007340090877315624,0.01118490038448095,0.004194337644180357,0.007689619014330654,0.004893393918210416,0.004194337644180357,0.003844809507165327,0.006990562740300594,0.005941978329255505,0.0031457532331352674,0.0031457532331352674,0.002446696959105208,0.0031457532331352674,0.0027962250961202375,0.003495281370150297,0.0031457532331352674,0.005592450192240475,0.006291506466270535,0.005242922055225445,0.004194337644180357,0.005941978329255505,0.003844809507165327,0.0031457532331352674,0.003844809507165327,0.002446696959105208,0.003844809507165327,0.002446696959105208,0.0027962250961202375,0.0031457532331352674,0.004893393918210416,0.004194337644180357,0.0027962250961202375,0.003495281370150297,0.004194337644180357,0.004543865781195386,0.003844809507165327,0.004543865781195386,0.003844809507165327,0.004194337644180357,0.0027962250961202375,0.0031457532331352674,0.004543865781195386,0.0027962250961202375,0.004543865781195386,0.003495281370150297,0.004543865781195386,0.004194337644180357,0.0031457532331352674,0.004543865781195386,0.004194337644180357,0.0031457532331352674,0.003495281370150297,0.003844809507165327,0.005592450192240475,0.003844809507165327,0.0031457532331352674,0.004194337644180357,0.006990562740300594,0.0031457532331352674,0.004543865781195386,0.003844809507165327,0.002446696959105208,0.004194337644180357,0.002446696959105208,0.003844809507165327,0.0031457532331352674,0.004893393918210416,0.004194337644180357,0.002446696959105208,0.003844809507165327,0.0020971688220901784,0.003495281370150297,0.005242922055225445,0.003495281370150297,0.0031457532331352674,0.0031457532331352674,0.002446696959105208,0.0031457532331352674,0.0017476406850751485,0.004194337644180357,0.0027962250961202375,0.0027962250961202375,0.003844809507165327,0.0031457532331352674,0.004543865781195386,0.0020971688220901784,0.003844809507165327,0.0020971688220901784,0.0017476406850751485,0.004194337644180357,0.002446696959105208,0.005941978329255505,0.003844809507165327,0.0031457532331352674,0.002446696959105208,0.004194337644180357,0.0020971688220901784,0.004543865781195386,0.004543865781195386,0.002446696959105208,0.003844809507165327,0.0027962250961202375,0.002446696959105208,0.004543865781195386,0.0027962250961202375,0.006291506466270535,0.003844809507165327,0.0027962250961202375,0.0031457532331352674,0.004543865781195386,0.006641034603285564,0.003844809507165327,0.003495281370150297,0.005941978329255505,0.0027962250961202375,0.0031457532331352674,0.003495281370150297,0.0031457532331352674,0.0020971688220901784,0.004194337644180357,0.002446696959105208,0.0027962250961202375,0.003495281370150297,0.005941978329255505,0.0031457532331352674,0.004194337644180357,0.0027962250961202375,0.0031457532331352674,0.0027962250961202375,0.004893393918210416,0.0027962250961202375,0.003495281370150297,0.003844809507165327,0.003844809507165327,0.003495281370150297,0.004194337644180357,0.0027962250961202375,0.0027962250961202375,0.004543865781195386,0.0027962250961202375,0.0031457532331352674,0.004194337644180357,0.0031457532331352674,0.004893393918210416,0.0031457532331352674,0.003495281370150297,0.004893393918210416,0.002446696959105208,0.0017476406850751485,0.003844809507165327,0.0027962250961202375,0.002446696959105208,0.004194337644180357,0.0031457532331352674,0.003495281370150297,0.003844809507165327,0.0031457532331352674,0.003495281370150297,0.002446696959105208,0.0017476406850751485,0.0031457532331352674,0.0027962250961202375,0.0020971688220901784,0.0031457532331352674,0.004893393918210416,0.0017476406850751485,0.003495281370150297,0.003495281370150297,0.0017476406850751485,0.0020971688220901784,0.002446696959105208,0.0031457532331352674,0.0020971688220901784,0.004543865781195386,0.003844809507165327,0.002446696959105208,0.004543865781195386,0.004543865781195386,0.004194337644180357,0.003844809507165327,0.0031457532331352674,0.0027962250961202375,0.0017476406850751485,0.005592450192240475,0.005941978329255505,0.003495281370150297,0.0010485844110450892,0.003495281370150297,0.003495281370150297,0.004543865781195386,0.005941978329255505,0.0027962250961202375,0.002446696959105208,0.0031457532331352674,0.004543865781195386,0.003844809507165327,0.0017476406850751485,0.0017476406850751485,0.005592450192240475,0.004543865781195386,0.0027962250961202375,0.003844809507165327,0.0027962250961202375,0.0031457532331352674,0.003495281370150297,0.002446696959105208,0.004194337644180357,0.004543865781195386,0.005242922055225445,0.0031457532331352674,0.004194337644180357,0.004194337644180357,0.0031457532331352674,0.0020971688220901784,0.002446696959105208,0.0031457532331352674,0.005592450192240475,0.003844809507165327,0.005592450192240475,0.0017476406850751485,0.003495281370150297,0.003844809507165327,0.0031457532331352674,0.0031457532331352674,0.004194337644180357,0.0020971688220901784,0.0017476406850751485,0.0020971688220901784,0.004893393918210416,0.005242922055225445,0.0027962250961202375,0.003844809507165327,0.0027962250961202375,0.004543865781195386,0.005242922055225445,0.0013981125480601187,0.004543865781195386,0.0027962250961202375,0.004194337644180357,0.004893393918210416,0.005242922055225445,0.002446696959105208,0.002446696959105208,0.0027962250961202375,0.003844809507165327,0.003495281370150297,0.005242922055225445,0.005242922055225445,0.0027962250961202375,0.0031457532331352674,0.0027962250961202375,0.004893393918210416,0.0017476406850751485,0.004543865781195386,7.771475
115,vimeo1,0,stream,131.202.240.150,131.202.244.3,47243,53,17,scs_str_NULL,server_name_str_NULL,0,http_content_type_NULL,http_user_agent_NULL,http_accept_language_NULL,http_server_NULL,http_code_NULL,dns_domain_name_NULL,dns_ttl_NULL,dns_num_ip_NULL,dns_domain_rank_NULL,34.0,0.0,250.0,0.0,150,1,1,34,250,34,34,250,250,1.8933333333333333,0.0,0,150.0,0.0,0,150,0,0,150,150,0,0.006666666666666667,0.013333333333333334,64,63,0.0,0.0,0.0,0.0,0.0,0.0,0.0,0.0,0.0,0.0,0.0,0.0,0.0,0.0,0.0,0.0,0.0,0.0,0.0,0.0,0.0,0.0,0.0,0.0,0.0,0.0,0.0,0.0,0.0,0.0,0.0,0.0,0.0,0.0,0.0,0.0,0.0,0.0,0.0,0.0,0.0,0.0,0.0,0.0,0.0,0.0,0.0,0.0,0.0,0.0,0.0,0.0,0.0,0.0,0.0,0.0,0.0,0.0,0.0,0.0,0.0,0.0,0.0,0.0,0.0,0.0,0.0,0.0,0.0,0.0,0.0,0.0,0.0,0.0,0.0,0.0,0.0,0.0,0.0,0.0,0.0,0.0,0.0,0.0,0.0,0.0,0.0,0.0,0.0,0.0,0.0,0.0,0.0,0.0,0.0,0.0,0.0,0.0,0.0,0.0,0.0,0.0,0.0,0.0,0.0,0.0,0.0,0.0,0.0,0.0,0.0,0.0,0.0,0.0,0.0,0.0,0.0,0.0,0.0,0.0,0.0,0.0,0.0,0.0,0.0,0.0,0.0,0.0,0.0,0.0,0.0,0.0,0.0,0.0,0.0,0.0,0.0,0.0,0.0,0.0,0.0,0.0,0.0,0.0,0.0,0.0,0.0,0.0,0.0,0.0,0.0,0.0,0.0,0.0,0.0,0.0,0.0,0.0,0.0,0.0,0.0,0.0,0.0,0.0,0.0,0.0,0.0,0.0,0.0,0.0,0.0,0.0,0.0,0.0,0.0,0.0,0.0,0.0,0.0,0.0,0.0,0.0,0.0,0.0,0.0,0.0,0.0,0.0,0.0,0.0,0.0,0.0,0.0,0.0,0.0,0.0,0.0,0.0,0.0,0.0,0.0,0.0,0.0,0.0,0.0,0.0,0.0,0.0,0.0,0.0,0.0,0.0,0.0,0.0,0.0,0.0,0.0,0.0,0.0,0.0,1.0,0.0,0.0,0.0,0.0,0.0,0.0,0.0,0.0,0.0,0.0,0.0,0.0,0.0,0.0,0.0,0.0,0.0,0.0,0.0,0.0,0.0,0.0,0.0,0.0,0.0,0.0,0.0,0.0,0.0,0.0,0.0,0.0,0.0,0.0,0.0,0.0,0.0,0.0,0.0,0.0,0.0,0.0,0.0,0.0,0.0,0.0,0.0,0.0,0.0,0.0,0.0,0.0,0.0,0.0,0.0,0.0,0.0,0.0,0.0,0.0,0.0,0.0,0.0,0.0,0.0,0.0,0.0,0.0,0.0,0.0,0.0,0.0,0.0,0.0,0.0,0.0,0.0,0.0,0.0,0.0,0.0,0.0,0.0,0.0,0.0,0.0,0.0,0.0,0.0,0.0,0.0,0.0,0.0,0.0,0.0,0.0,0.0,0.0,0.0,0.0,0.0,0.0,0.0,0.0,0.0,0.0,0.0,0.0,0.0,0.0,0.0,0.0,0.0,0.0,0.0,0.0,0.0,0.0,0.0,0.0,0.0,0.0,0.0,0.0,0.0,0.0,0.0,0.0,0.0,0.0,0.0,0.0,0.0,0.0,0.0,0.0,0.0,0.0,0.0,0.0,0.0,0.0,0.0,0.0,0.0,0.0,0.0,0.0,0.0,0.0,0.0,0.0,0.0,0.0,0.0,0.0,0.0,0.0,0.0,0.0,0.0,0.0,0.0,0.0,0.0,0.0,0.0,0.0,0.0,0.0,0.0,0.0,0.0,0.0,0.0,0.0,0.0,0.0,0.0,0.24647887323943662,0.07746478873239436,0.03873239436619718,0.014084507042253521,0.02464788732394366,0.01056338028169014,0.01056338028169014,0.007042253521126761,0.0,0.014084507042253521,0.007042253521126761,0.0,0.014084507042253521,0.0,0.0,0.0,0.0,0.0,0.0035211267605633804,0.014084507042253521,0.0,0.0,0.0035211267605633804,0.01056338028169014,0.0,0.007042253521126761,0.0,0.0,0.0,0.0,0.014084507042253521,0.0,0.0,0.0035211267605633804,0.0,0.0,0.0,0.0035211267605633804,0.0,0.0,0.0,0.0,0.0,0.0,0.0,0.028169014084507043,0.0,0.0,0.007042253521126761,0.01056338028169014,0.007042253521126761,0.007042253521126761,0.01056338028169014,0.0035211267605633804,0.01056338028169014,0.0035211267605633804,0.014084507042253521,0.0,0.0,0.0,0.0,0.0,0.0,0.0,0.0,0.0,0.0,0.0,0.0,0.0,0.0035211267605633804,0.0,0.0,0.0,0.0,0.0,0.0,0.0,0.0,0.0,0.0,0.0035211267605633804,0.0,0.0,0.0,0.0035211267605633804,0.0,0.0,0.0,0.0,0.0,0.0,0.0,0.0,0.0,0.0,0.0,0.02112676056338028,0.0,0.01056338028169014,0.014084507042253521,0.017605633802816902,0.0,0.0035211267605633804,0.007042253521126761,0.007042253521126761,0.0,0.0035211267605633804,0.007042253521126761,0.014084507042253521,0.035211267605633804,0.02112676056338028,0.007042253521126761,0.0,0.01056338028169014,0.04225352112676056,0.0035211267605633804,0.0035211267605633804,0.007042253521126761,0.014084507042253521,0.0,0.007042253521126761,0.0,0.0,0.0,0.0,0.0,0.0,0.0035211267605633804,0.0035211267605633804,0.0,0.0,0.0,0.0,0.0,0.0,0.0,0.0,0.0,0.0,0.0,0.0,0.0,0.0,0.0,0.0,0.0,0.0,0.0,0.0,0.0,0.0,0.0,0.0,0.0,0.0,0.007042253521126761,0.007042253521126761,0.0,0.0,0.0,0.0,0.0,0.017605633802816902,0.0,0.0,0.0,0.0,0.0,0.0,0.0,0.0,0.0,0.0,0.0,0.0,0.0,0.0,0.0,0.0,0.0,0.0,0.0,0.0,0.0,0.0,0.0,0.0,0.0,0.0,0.0,0.0,0.03873239436619718,0.0,0.0,0.0,0.0,0.0,0.0,0.0,0.0,0.0,0.0,0.0,0.0,0.0035211267605633804,0.0,0.0,0.0,0.0,0.0,0.0,0.0,0.0,0.0,0.0,0.0,0.014084507042253521,0.0,0.0,0.0,0.0,0.0,0.0,0.0,0.0,0.0,0.0,0.0,0.0,0.0,0.0,0.0,0.0,0.0,0.007042253521126761,0.0,0.0,0.0,0.0,0.0,0.0,0.0,0.0,0.0,0.0,0.0,0.0,0.0,0.0,0.0,0.0035211267605633804,0.0,0.0,0.0,0.0,4.891181
116,vimeo1,0,stream,131.202.240.150,131.202.244.5,47243,53,17,scs_str_NULL,server_name_str_NULL,0,http_content_type_NULL,http_user_agent_NULL,http_accept_language_NULL,http_server_NULL,http_code_NULL,dns_domain_name_NULL,dns_ttl_NULL,dns_num_ip_NULL,dns_domain_rank_NULL,34.0,0.0,298.0,0.0,46,1,1,34,298,34,34,298,298,7.217391304347826,0.0,0,46.0,0.0,0,46,0,0,46,46,0,0.021739130434782608,0.043478260869565216,64,63,0.0,0.0,0.0,0.0,0.0,0.0,0.0,0.0,0.0,0.0,0.0,0.0,0.0,0.0,0.0,0.0,0.0,0.0,0.0,0.0,0.0,0.0,0.0,0.0,0.0,0.0,0.0,0.0,0.0,0.0,0.0,0.0,0.0,0.0,0.0,0.0,0.0,0.0,0.0,0.0,0.0,0.0,0.0,0.0,0.0,0.0,0.0,0.0,0.0,0.0,0.0,0.0,0.0,0.0,0.0,0.0,0.0,0.0,0.0,0.0,0.0,0.0,0.0,0.0,0.0,0.0,0.0,0.0,0.0,0.0,0.0,0.0,0.0,0.0,0.0,0.0,0.0,0.0,0.0,0.0,0.0,0.0,0.0,0.0,0.0,0.0,0.0,0.0,0.0,0.0,0.0,0.0,0.0,0.0,0.0,0.0,0.0,0.0,0.0,0.0,0.0,0.0,0.0,0.0,0.0,0.0,0.0,0.0,0.0,0.0,0.0,0.0,0.0,0.0,0.0,0.0,0.0,0.0,0.0,0.0,0.0,0.0,0.0,0.0,0.0,0.0,0.0,0.0,0.0,0.0,0.0,0.0,0.0,0.0,0.0,0.0,0.0,0.0,0.0,0.0,0.0,0.0,0.0,0.0,0.0,0.0,0.0,0.0,0.0,0.0,0.0,0.0,0.0,0.0,0.0,0.0,0.0,0.0,0.0,0.0,0.0,0.0,0.0,0.0,0.0,0.0,0.0,0.0,0.0,0.0,0.0,0.0,0.0,0.0,0.0,0.0,0.0,0.0,0.0,0.0,0.0,0.0,0.0,0.0,0.0,0.0,0.0,0.0,0.0,0.0,0.0,0.0,0.0,0.0,0.0,0.0,0.0,0.0,0.0,0.0,0.0,0.0,0.0,0.0,0.0,0.0,0.0,0.0,0.0,0.0,0.0,0.0,0.0,0.0,0.0,0.0,0.0,0.0,0.0,0.0,1.0,0.0,0.0,0.0,0.0,0.0,0.0,0.0,0.0,0.0,0.0,0.0,0.0,0.0,0.0,0.0,0.0,0.0,0.0,0.0,0.0,0.0,0.0,0.0,0.0,0.0,0.0,0.0,0.0,0.0,0.0,0.0,0.0,0.0,0.0,0.0,0.0,0.0,0.0,0.0,0.0,0.0,0.0,0.0,0.0,0.0,0.0,0.0,0.0,0.0,0.0,0.0,0.0,0.0,0.0,0.0,0.0,0.0,0.0,0.0,0.0,0.0,0.0,0.0,0.0,0.0,0.0,0.0,0.0,0.0,0.0,0.0,0.0,0.0,0.0,0.0,0.0,0.0,0.0,0.0,0.0,0.0,0.0,0.0,0.0,0.0,0.0,0.0,0.0,0.0,0.0,0.0,0.0,0.0,0.0,0.0,0.0,0.0,0.0,0.0,0.0,0.0,0.0,0.0,0.0,0.0,0.0,0.0,0.0,0.0,0.0,0.0,0.0,0.0,0.0,0.0,0.0,0.0,0.0,0.0,0.0,0.0,0.0,0.0,0.0,0.0,0.0,0.0,0.0,0.0,0.0,0.0,0.0,0.0,0.0,0.0,0.0,0.0,0.0,0.0,0.0,0.0,0.0,0.0,0.0,0.0,0.0,0.0,0.0,0.0,0.0,0.0,0.0,0.0,0.0,0.0,0.0,0.0,0.0,0.0,0.0,0.0,0.0,0.0,0.0,0.0,0.0,0.0,0.0,0.0,0.0,0.0,0.0,0.0,0.0,0.0,0.0,0.0,0.0,0.0,0.2319277108433735,0.10542168674698796,0.018072289156626505,0.012048192771084338,0.03313253012048193,0.009036144578313253,0.009036144578313253,0.006024096385542169,0.0,0.012048192771084338,0.006024096385542169,0.0,0.012048192771084338,0.0,0.0,0.0,0.0,0.0,0.0030120481927710845,0.012048192771084338,0.0,0.0,0.0030120481927710845,0.009036144578313253,0.0,0.006024096385542169,0.0,0.0,0.0,0.0,0.012048192771084338,0.0,0.0,0.0030120481927710845,0.0,0.0,0.0,0.0030120481927710845,0.0,0.0,0.0,0.0,0.0,0.0,0.0,0.024096385542168676,0.0,0.0,0.006024096385542169,0.009036144578313253,0.006024096385542169,0.006024096385542169,0.009036144578313253,0.0030120481927710845,0.009036144578313253,0.0030120481927710845,0.012048192771084338,0.0,0.0,0.0,0.0,0.0,0.0,0.0,0.0,0.0030120481927710845,0.0,0.0,0.0,0.0,0.0030120481927710845,0.0,0.0,0.0,0.0,0.0,0.0,0.0,0.0,0.0,0.0,0.0030120481927710845,0.0,0.0,0.0,0.0030120481927710845,0.0030120481927710845,0.0,0.0030120481927710845,0.0,0.0,0.0,0.0,0.0,0.0030120481927710845,0.0,0.0,0.018072289156626505,0.0,0.009036144578313253,0.012048192771084338,0.015060240963855422,0.0,0.0030120481927710845,0.006024096385542169,0.006024096385542169,0.0,0.0030120481927710845,0.006024096385542169,0.012048192771084338,0.04819277108433735,0.018072289156626505,0.006024096385542169,0.0,0.009036144578313253,0.03614457831325301,0.0030120481927710845,0.0030120481927710845,0.006024096385542169,0.012048192771084338,0.018072289156626505,0.006024096385542169,0.0,0.0,0.0,0.0,0.0,0.0,0.0030120481927710845,0.0030120481927710845,0.0,0.0,0.0,0.0,0.0,0.0,0.0,0.0,0.0,0.0,0.0,0.0,0.0,0.0,0.0,0.0,0.0,0.0030120481927710845,0.0,0.0,0.0,0.0,0.0,0.0,0.0,0.0,0.006024096385542169,0.006024096385542169,0.0,0.0,0.0,0.0,0.0,0.0,0.0,0.0,0.0,0.0,0.0,0.0,0.0030120481927710845,0.0,0.0,0.0,0.0,0.0,0.0,0.0,0.0,0.0,0.0,0.0030120481927710845,0.0,0.0030120481927710845,0.0,0.0,0.0,0.0,0.0,0.0,0.0,0.0,0.04216867469879518,0.0,0.0030120481927710845,0.0,0.0,0.0030120481927710845,0.0,0.0030120481927710845,0.0,0.0,0.0,0.0,0.0,0.012048192771084338,0.0,0.0,0.0,0.0,0.0,0.0030120481927710845,0.0,0.0,0.0,0.0,0.0,0.012048192771084338,0.0,0.0,0.0,0.0,0.0,0.0,0.0,0.0030120481927710845,0.0,0.0,0.0,0.0,0.0,0.0,0.0,0.0,0.0,0.006024096385542169,0.0,0.0,0.0,0.0,0.0,0.0,0.0,0.0,0.0,0.0,0.0,0.0,0.0,0.0,0.0,0.012048192771084338,0.0,0.0,0.0,0.0,4.995127
117,vimeo1,0,stream,131.202.240.150,131.202.6.3,47243,53,17,scs_str_NULL,server_name_str_NULL,0,http_content_type_NULL,http_user_agent_NULL,http_accept_language_NULL,http_server_NULL,http_code_NULL,dns_domain_name_NULL,dns_ttl_NULL,dns_num_ip_NULL,dns_domain_rank_NULL,34.0,0.0,250.0,0.0,47,1,1,34,250,34,34,250,250,6.042553191489362,0.0,0,47.0,0.0,0,47,0,0,47,47,0,0.02127659574468085,0.0425531914893617,64,60,0.0,0.0,0.0,0.0,0.0,0.0,0.0,0.0,0.0,0.0,0.0,0.0,0.0,0.0,0.0,0.0,0.0,0.0,0.0,0.0,0.0,0.0,0.0,0.0,0.0,0.0,0.0,0.0,0.0,0.0,0.0,0.0,0.0,0.0,0.0,0.0,0.0,0.0,0.0,0.0,0.0,0.0,0.0,0.0,0.0,0.0,0.0,0.0,0.0,0.0,0.0,0.0,0.0,0.0,0.0,0.0,0.0,0.0,0.0,0.0,0.0,0.0,0.0,0.0,0.0,0.0,0.0,0.0,0.0,0.0,0.0,0.0,0.0,0.0,0.0,0.0,0.0,0.0,0.0,0.0,0.0,0.0,0.0,0.0,0.0,0.0,0.0,0.0,0.0,0.0,0.0,0.0,0.0,0.0,0.0,0.0,0.0,0.0,0.0,0.0,0.0,0.0,0.0,0.0,0.0,0.0,0.0,0.0,0.0,0.0,0.0,0.0,0.0,0.0,0.0,0.0,0.0,0.0,0.0,0.0,0.0,0.0,0.0,0.0,0.0,0.0,0.0,0.0,0.0,0.0,0.0,0.0,0.0,0.0,0.0,0.0,0.0,0.0,0.0,0.0,0.0,0.0,0.0,0.0,0.0,0.0,0.0,0.0,0.0,0.0,0.0,0.0,0.0,0.0,0.0,0.0,0.0,0.0,0.0,0.0,0.0,0.0,0.0,0.0,0.0,0.0,0.0,0.0,0.0,0.0,0.0,0.0,0.0,0.0,0.0,0.0,0.0,0.0,0.0,0.0,0.0,0.0,0.0,0.0,0.0,0.0,0.0,0.0,0.0,0.0,0.0,0.0,0.0,0.0,0.0,0.0,0.0,0.0,0.0,0.0,0.0,0.0,0.0,0.0,0.0,0.0,0.0,0.0,0.0,0.0,0.0,0.0,0.0,0.0,0.0,0.0,0.0,0.0,0.0,0.0,1.0,0.0,0.0,0.0,0.0,0.0,0.0,0.0,0.0,0.0,0.0,0.0,0.0,0.0,0.0,0.0,0.0,0.0,0.0,0.0,0.0,0.0,0.0,0.0,0.0,0.0,0.0,0.0,0.0,0.0,0.0,0.0,0.0,0.0,0.0,0.0,0.0,0.0,0.0,0.0,0.0,0.0,0.0,0.0,0.0,0.0,0.0,0.0,0.0,0.0,0.0,0.0,0.0,0.0,0.0,0.0,0.0,0.0,0.0,0.0,0.0,0.0,0.0,0.0,0.0,0.0,0.0,0.0,0.0,0.0,0.0,0.0,0.0,0.0,0.0,0.0,0.0,0.0,0.0,0.0,0.0,0.0,0.0,0.0,0.0,0.0,0.0,0.0,0.0,0.0,0.0,0.0,0.0,0.0,0.0,0.0,0.0,0.0,0.0,0.0,0.0,0.0,0.0,0.0,0.0,0.0,0.0,0.0,0.0,0.0,0.0,0.0,0.0,0.0,0.0,0.0,0.0,0.0,0.0,0.0,0.0,0.0,0.0,0.0,0.0,0.0,0.0,0.0,0.0,0.0,0.0,0.0,0.0,0.0,0.0,0.0,0.0,0.0,0.0,0.0,0.0,0.0,0.0,0.0,0.0,0.0,0.0,0.0,0.0,0.0,0.0,0.0,0.0,0.0,0.0,0.0,0.0,0.0,0.0,0.0,0.0,0.0,0.0,0.0,0.0,0.0,0.0,0.0,0.0,0.0,0.0,0.0,0.0,0.0,0.0,0.0,0.0,0.0,0.0,0.0,0.22887323943661972,0.09507042253521127,0.02112676056338028,0.014084507042253521,0.02464788732394366,0.01056338028169014,0.01056338028169014,0.007042253521126761,0.0,0.014084507042253521,0.007042253521126761,0.0,0.014084507042253521,0.0,0.0,0.0,0.0,0.0,0.0035211267605633804,0.014084507042253521,0.0,0.0,0.0035211267605633804,0.01056338028169014,0.0,0.007042253521126761,0.0,0.0,0.0,0.0,0.014084507042253521,0.0,0.0,0.0035211267605633804,0.0,0.0,0.0,0.0035211267605633804,0.0,0.0,0.0,0.0,0.0,0.0,0.0,0.028169014084507043,0.0,0.0,0.007042253521126761,0.01056338028169014,0.007042253521126761,0.007042253521126761,0.01056338028169014,0.0035211267605633804,0.01056338028169014,0.0035211267605633804,0.014084507042253521,0.0,0.0,0.0,0.0,0.0,0.0,0.0,0.0,0.0,0.0,0.0,0.0,0.0,0.0035211267605633804,0.0,0.0,0.0,0.0,0.0,0.0,0.0,0.0,0.0,0.0,0.0035211267605633804,0.0,0.0,0.0,0.0035211267605633804,0.0,0.0,0.0,0.0,0.0,0.0,0.0,0.0,0.0,0.0,0.0,0.02112676056338028,0.0,0.01056338028169014,0.014084507042253521,0.017605633802816902,0.0,0.0035211267605633804,0.007042253521126761,0.007042253521126761,0.0,0.0035211267605633804,0.007042253521126761,0.014084507042253521,0.04929577464788732,0.02112676056338028,0.007042253521126761,0.0,0.01056338028169014,0.04225352112676056,0.0035211267605633804,0.0035211267605633804,0.007042253521126761,0.014084507042253521,0.017605633802816902,0.007042253521126761,0.0,0.0,0.0,0.0,0.0,0.0,0.0035211267605633804,0.0035211267605633804,0.0,0.0,0.0,0.0,0.0,0.0,0.0,0.0,0.0,0.0,0.0,0.0,0.0,0.0,0.0,0.0,0.0,0.0,0.0,0.0,0.0,0.0,0.0,0.0,0.0,0.0,0.007042253521126761,0.007042253521126761,0.0,0.0,0.0,0.0,0.0,0.0,0.0,0.0,0.0,0.0,0.0,0.0,0.0,0.0,0.0,0.0,0.0,0.0,0.0,0.0,0.0,0.0,0.0,0.0,0.0,0.0,0.0,0.0,0.0,0.0,0.0,0.0,0.0,0.0,0.03873239436619718,0.0,0.0,0.0,0.0,0.0,0.0,0.0,0.0,0.0,0.0,0.0,0.0,0.0035211267605633804,0.0,0.0,0.0,0.0,0.0,0.0,0.0,0.0,0.0,0.0,0.0035211267605633804,0.014084507042253521,0.0,0.0,0.0,0.0,0.0,0.0,0.0,0.0,0.0,0.0,0.0,0.0,0.0,0.0,0.0,0.0,0.0,0.007042253521126761,0.0,0.0,0.0,0.0,0.0,0.0,0.0,0.0,0.0,0.0,0.0,0.0,0.0,0.0,0.0,0.0035211267605633804,0.0,0.0,0.0,0.0,4.925624
118,vimeo1,0,stream,131.202.240.150,23.235.33.217,40257,443,6,c02f,0013000010706c617965722e76696d656f2e636f6d,0,http_content_type_NULL,http_user_agent_NULL,http_accept_language_NULL,http_server_NULL,http_code_NULL,player.vimeo.com,dns_ttl_NULL,4,dns_domain_rank_NULL,497.5,518.9327991175736,435.0,294.0,195,4,2,1990,870,1338,51,729,141,14.666666666666666,11.0,19.05255888325765,75.5,32.5,44,151,44,0,108,43,0.09090909090909091,0.013245033112582781,0.03076923076923077,64,52,0.0,0.0,0.0,0.0,0.0,0.0,0.0,0.0,0.2,0.0,0.2,0.0,0.0,0.0,0.0,0.0,0.0,0.0,0.0,0.0,0.0,0.0,0.0,0.0,0.0,0.0,0.0,0.0,0.0,0.0,0.0,0.0,0.0,0.0,0.0,0.0,0.0,0.0,0.0,0.0,0.0,0.0,0.0,0.0,0.0,0.0,0.0,0.0,0.0,0.0,0.0,0.0,0.0,0.0,0.0,0.0,0.0,0.0,0.0,0.0,0.0,0.0,0.0,0.0,0.0,0.0,0.0,0.0,0.0,0.0,0.0,0.0,0.0,0.0,0.0,0.0,0.0,0.0,0.0,0.0,0.0,0.0,0.0,0.0,0.0,0.0,0.0,0.0,0.0,0.0,0.0,0.0,0.0,0.0,0.0,0.0,0.0,0.0,0.0,0.0,0.0,0.0,0.0,0.0,0.0,0.0,0.0,0.0,0.0,0.0,0.0,0.0,0.0,0.0,0.0,0.0,0.0,0.0,0.0,0.0,0.0,0.0,0.0,0.0,0.0,0.0,0.0,0.0,0.0,0.0,0.0,0.0,0.0,0.0,0.0,0.0,0.0,0.0,0.0,0.0,0.0,0.0,0.0,0.0,0.0,0.0,0.0,0.0,0.0,0.0,0.0,0.0,0.0,0.0,0.0,0.0,0.0,0.0,0.0,0.0,0.2,0.0,0.0,0.0,0.0,0.0,0.0,0.0,0.0,0.0,0.0,0.0,0.0,0.0,0.0,0.0,0.0,0.0,0.0,0.0,0.0,0.0,0.0,0.0,0.0,0.0,0.0,0.0,0.0,0.0,0.0,0.0,0.0,0.0,0.0,0.0,0.0,0.0,0.0,0.0,0.0,0.0,0.0,0.2,0.0,0.0,0.0,0.0,0.0,0.0,0.0,0.0,0.0,0.0,0.0,0.0,0.0,0.0,0.0,0.0,0.0,0.0,0.0,0.0,0.0,0.0,0.0,0.0,0.0,0.0,0.0,0.0,0.0,0.0,0.0,0.0,0.0,0.0,0.0,0.0,0.0,0.0,0.0,0.0,0.0,0.0,0.0,0.0,0.0,0.0,0.0,0.0,0.0,0.0,0.0,0.0,0.0,0.0,0.0,0.0,0.0,0.0,0.0,0.0,0.0,0.0,0.0,0.0,0.0,0.0,0.0,0.0,0.0,0.0,0.0,0.0,0.0,0.0,0.0,0.0,0.2,0.0,0.0,0.0,0.0,0.0,0.0,0.0,0.0,0.0,0.0,0.0,0.0,0.0,0.0,0.0,0.0,0.0,0.0,0.0,0.0,0.0,0.0,0.0,0.0,0.0,0.0,0.0,0.0,0.0,0.0,0.0,0.0,0.0,0.0,0.0,0.0,0.0,0.0,0.0,0.0,0.0,0.0,0.0,0.0,0.0,0.0,0.0,0.0,0.0,0.0,0.0,0.0,0.0,0.0,0.0,0.0,0.0,0.0,0.0,0.0,0.0,0.0,0.0,0.0,0.0,0.0,0.0,0.0,0.0,0.0,0.0,0.0,0.0,0.0,0.0,0.0,0.0,0.0,0.0,0.0,0.0,0.0,0.0,0.0,0.0,0.0,0.0,0.0,0.0,0.0,0.0,0.0,0.0,0.0,0.0,0.0,0.0,0.0,0.0,0.0,0.0,0.0,0.0,0.0,0.0,0.0,0.0,0.0,0.0,0.0,0.0,0.0,0.0,0.0,0.0,0.0,0.0,0.0,0.0,0.05524475524475524,0.009790209790209791,0.00909090909090909,0.01048951048951049,0.0048951048951048955,0.005944055944055944,0.003146853146853147,0.004195804195804196,0.004195804195804196,0.004195804195804196,0.0038461538461538464,0.004545454545454545,0.0017482517482517483,0.002097902097902098,0.002797202797202797,0.0034965034965034965,0.0038461538461538464,0.003146853146853147,0.004195804195804196,0.008391608391608392,0.008391608391608392,0.004195804195804196,0.005244755244755245,0.0038461538461538464,0.004545454545454545,0.005594405594405594,0.004545454545454545,0.0017482517482517483,0.005244755244755245,0.004195804195804196,0.004545454545454545,0.0034965034965034965,0.004545454545454545,0.003146853146853147,0.0038461538461538464,0.003146853146853147,0.003146853146853147,0.003146853146853147,0.0034965034965034965,0.003146853146853147,0.0048951048951048955,0.0034965034965034965,0.004195804195804196,0.0024475524475524478,0.0038461538461538464,0.0038461538461538464,0.004545454545454545,0.004545454545454545,0.005244755244755245,0.0034965034965034965,0.004195804195804196,0.004195804195804196,0.004195804195804196,0.004545454545454545,0.0034965034965034965,0.0038461538461538464,0.003146853146853147,0.0024475524475524478,0.004545454545454545,0.004545454545454545,0.004195804195804196,0.0024475524475524478,0.004195804195804196,0.004545454545454545,0.004195804195804196,0.002097902097902098,0.003146853146853147,0.0034965034965034965,0.004195804195804196,0.0038461538461538464,0.002797202797202797,0.004195804195804196,0.0024475524475524478,0.0034965034965034965,0.002797202797202797,0.0024475524475524478,0.0048951048951048955,0.0038461538461538464,0.004545454545454545,0.005594405594405594,0.0038461538461538464,0.004545454545454545,0.003146853146853147,0.004195804195804196,0.0034965034965034965,0.005244755244755245,0.002097902097902098,0.0024475524475524478,0.0038461538461538464,0.0013986013986013986,0.003146853146853147,0.0034965034965034965,0.003146853146853147,0.003146853146853147,0.002797202797202797,0.0038461538461538464,0.0034965034965034965,0.005244755244755245,0.004195804195804196,0.004195804195804196,0.005244755244755245,0.003146853146853147,0.0024475524475524478,0.0024475524475524478,0.004545454545454545,0.0034965034965034965,0.002797202797202797,0.0034965034965034965,0.0048951048951048955,0.0038461538461538464,0.0034965034965034965,0.0034965034965034965,0.005244755244755245,0.005594405594405594,0.002797202797202797,0.002097902097902098,0.002797202797202797,0.003146853146853147,0.0038461538461538464,0.0034965034965034965,0.003146853146853147,0.004195804195804196,0.003146853146853147,0.0038461538461538464,0.003146853146853147,0.0048951048951048955,0.0024475524475524478,0.0048951048951048955,0.0048951048951048955,0.0034965034965034965,0.003146853146853147,0.002797202797202797,0.0034965034965034965,0.003146853146853147,0.0038461538461538464,0.002797202797202797,0.0017482517482517483,0.0038461538461538464,0.0017482517482517483,0.005944055944055944,0.0024475524475524478,0.002797202797202797,0.004195804195804196,0.0034965034965034965,0.0038461538461538464,0.0017482517482517483,0.0038461538461538464,0.0034965034965034965,0.0034965034965034965,0.0038461538461538464,0.0017482517482517483,0.0024475524475524478,0.002097902097902098,0.0038461538461538464,0.002797202797202797,0.002097902097902098,0.0038461538461538464,0.0048951048951048955,0.006643356643356644,0.004195804195804196,0.0034965034965034965,0.004195804195804196,0.004195804195804196,0.0017482517482517483,0.0024475524475524478,0.0034965034965034965,0.002797202797202797,0.0034965034965034965,0.0024475524475524478,0.002797202797202797,0.005244755244755245,0.002797202797202797,0.0017482517482517483,0.002097902097902098,0.004545454545454545,0.002797202797202797,0.002097902097902098,0.0038461538461538464,0.003146853146853147,0.004545454545454545,0.004545454545454545,0.004545454545454545,0.002797202797202797,0.0048951048951048955,0.0024475524475524478,0.005594405594405594,0.003146853146853147,0.004195804195804196,0.004195804195804196,0.002797202797202797,0.0017482517482517483,0.0038461538461538464,0.007692307692307693,0.004195804195804196,0.0034965034965034965,0.004195804195804196,0.0017482517482517483,0.003146853146853147,0.002097902097902098,0.0024475524475524478,0.003146853146853147,0.0024475524475524478,0.0034965034965034965,0.003146853146853147,0.0024475524475524478,0.004545454545454545,0.0034965034965034965,0.004195804195804196,0.0048951048951048955,0.0024475524475524478,0.005944055944055944,0.004195804195804196,0.005594405594405594,0.003146853146853147,0.002797202797202797,0.003146853146853147,0.0038461538461538464,0.0017482517482517483,0.0024475524475524478,0.0034965034965034965,0.004195804195804196,0.002797202797202797,0.0024475524475524478,0.0048951048951048955,0.0034965034965034965,0.0017482517482517483,0.004195804195804196,0.0024475524475524478,0.0034965034965034965,0.004545454545454545,0.0013986013986013986,0.002797202797202797,0.003146853146853147,0.002797202797202797,0.0038461538461538464,0.003146853146853147,0.0048951048951048955,0.0034965034965034965,0.0038461538461538464,0.004195804195804196,0.003146853146853147,0.004545454545454545,0.002797202797202797,0.003146853146853147,0.004195804195804196,0.004545454545454545,0.0038461538461538464,0.002797202797202797,0.002797202797202797,0.0034965034965034965,0.0038461538461538464,0.0017482517482517483,0.004195804195804196,0.0038461538461538464,0.003146853146853147,0.004195804195804196,7.785782
119,vimeo1,0,stream,131.202.240.150,23.235.33.217,40258,443,6,c02f,0013000010706c617965722e76696d656f2e636f6d,0,http_content_type_NULL,http_user_agent_NULL,http_accept_language_NULL,http_server_NULL,http_code_NULL,player.vimeo.com,dns_ttl_NULL,4,dns_domain_rank_NULL,497.75,518.733734684761,435.0,294.0,191,4,2,1991,870,1338,51,729,141,14.979057591623036,11.0,19.05255888325765,73.5,29.5,44,147,44,0,103,44,0.09090909090909091,0.013605442176870748,0.031413612565445025,64,52,0.0,0.0,0.0,0.0,0.0,0.0,0.0,0.0,0.2,0.0,0.2,0.0,0.0,0.0,0.0,0.0,0.0,0.0,0.0,0.0,0.0,0.0,0.0,0.0,0.0,0.0,0.0,0.0,0.0,0.0,0.0,0.0,0.0,0.0,0.0,0.0,0.0,0.0,0.0,0.0,0.0,0.0,0.0,0.0,0.0,0.0,0.0,0.0,0.0,0.0,0.0,0.0,0.0,0.0,0.0,0.0,0.0,0.0,0.0,0.0,0.0,0.0,0.0,0.0,0.0,0.0,0.0,0.0,0.0,0.0,0.0,0.0,0.0,0.0,0.0,0.0,0.0,0.0,0.0,0.0,0.0,0.0,0.0,0.0,0.0,0.0,0.0,0.0,0.0,0.0,0.0,0.0,0.0,0.0,0.0,0.0,0.0,0.0,0.0,0.0,0.0,0.0,0.0,0.0,0.0,0.0,0.0,0.0,0.0,0.0,0.0,0.0,0.0,0.0,0.0,0.0,0.0,0.0,0.0,0.0,0.0,0.0,0.0,0.0,0.0,0.0,0.0,0.0,0.0,0.0,0.0,0.0,0.0,0.0,0.0,0.0,0.0,0.0,0.0,0.0,0.0,0.0,0.0,0.0,0.0,0.0,0.0,0.0,0.0,0.0,0.0,0.0,0.0,0.0,0.0,0.0,0.0,0.0,0.0,0.0,0.2,0.0,0.0,0.0,0.0,0.0,0.0,0.0,0.0,0.0,0.0,0.0,0.0,0.0,0.0,0.0,0.0,0.0,0.0,0.0,0.0,0.0,0.0,0.0,0.0,0.0,0.0,0.0,0.0,0.0,0.0,0.0,0.0,0.0,0.0,0.0,0.0,0.0,0.0,0.0,0.0,0.0,0.0,0.2,0.0,0.0,0.0,0.0,0.0,0.0,0.0,0.0,0.0,0.0,0.0,0.0,0.0,0.0,0.0,0.0,0.0,0.0,0.0,0.0,0.0,0.0,0.0,0.0,0.0,0.0,0.0,0.0,0.0,0.0,0.0,0.0,0.0,0.0,0.0,0.0,0.0,0.0,0.0,0.0,0.0,0.0,0.0,0.0,0.0,0.0,0.0,0.0,0.0,0.0,0.0,0.0,0.0,0.0,0.0,0.0,0.0,0.0,0.0,0.0,0.0,0.0,0.0,0.0,0.0,0.0,0.0,0.0,0.0,0.0,0.0,0.0,0.0,0.0,0.0,0.0,0.2,0.0,0.0,0.0,0.0,0.0,0.0,0.0,0.0,0.0,0.0,0.0,0.0,0.0,0.0,0.0,0.0,0.0,0.0,0.0,0.0,0.0,0.0,0.0,0.0,0.0,0.0,0.0,0.0,0.0,0.0,0.0,0.0,0.0,0.0,0.0,0.0,0.0,0.0,0.0,0.0,0.0,0.0,0.0,0.0,0.0,0.0,0.0,0.0,0.0,0.0,0.0,0.0,0.0,0.0,0.0,0.0,0.0,0.0,0.0,0.0,0.0,0.0,0.0,0.0,0.0,0.0,0.0,0.0,0.0,0.0,0.0,0.0,0.0,0.0,0.0,0.0,0.0,0.0,0.0,0.0,0.0,0.0,0.0,0.0,0.0,0.0,0.0,0.0,0.0,0.0,0.0,0.0,0.0,0.0,0.0,0.0,0.0,0.0,0.0,0.0,0.0,0.0,0.0,0.0,0.0,0.0,0.0,0.0,0.0,0.0,0.0,0.0,0.0,0.0,0.0,0.0,0.0,0.0,0.0,0.05592450192240475,0.009437259699405802,0.006641034603285564,0.009437259699405802,0.004194337644180357,0.004893393918210416,0.004893393918210416,0.005941978329255505,0.004543865781195386,0.003844809507165327,0.003495281370150297,0.003495281370150297,0.002446696959105208,0.003495281370150297,0.004893393918210416,0.003495281370150297,0.004194337644180357,0.0027962250961202375,0.003495281370150297,0.004543865781195386,0.004543865781195386,0.003495281370150297,0.005941978329255505,0.005592450192240475,0.0027962250961202375,0.005941978329255505,0.005242922055225445,0.002446696959105208,0.005242922055225445,0.0031457532331352674,0.0027962250961202375,0.004194337644180357,0.0031457532331352674,0.003495281370150297,0.002446696959105208,0.006291506466270535,0.0020971688220901784,0.002446696959105208,0.004194337644180357,0.005242922055225445,0.004893393918210416,0.002446696959105208,0.0020971688220901784,0.0017476406850751485,0.005592450192240475,0.003495281370150297,0.0031457532331352674,0.006990562740300594,0.002446696959105208,0.004893393918210416,0.004194337644180357,0.004543865781195386,0.004194337644180357,0.003844809507165327,0.0020971688220901784,0.004893393918210416,0.0027962250961202375,0.004543865781195386,0.005592450192240475,0.004893393918210416,0.0031457532331352674,0.002446696959105208,0.0031457532331352674,0.004543865781195386,0.003844809507165327,0.0017476406850751485,0.004543865781195386,0.0027962250961202375,0.004543865781195386,0.005592450192240475,0.004893393918210416,0.003844809507165327,0.004893393918210416,0.0020971688220901784,0.003495281370150297,0.0027962250961202375,0.0017476406850751485,0.004543865781195386,0.003844809507165327,0.004194337644180357,0.0020971688220901784,0.0020971688220901784,0.0013981125480601187,0.0031457532331352674,0.003844809507165327,0.003844809507165327,0.004194337644180357,0.0017476406850751485,0.003495281370150297,0.004194337644180357,0.004194337644180357,0.0013981125480601187,0.0020971688220901784,0.004893393918210416,0.0020971688220901784,0.004194337644180357,0.003844809507165327,0.003495281370150297,0.004543865781195386,0.004893393918210416,0.004194337644180357,0.004893393918210416,0.002446696959105208,0.004543865781195386,0.003844809507165327,0.004194337644180357,0.003844809507165327,0.006291506466270535,0.005242922055225445,0.004194337644180357,0.0031457532331352674,0.003844809507165327,0.004893393918210416,0.003844809507165327,0.003495281370150297,0.003495281370150297,0.005592450192240475,0.005242922055225445,0.005941978329255505,0.004893393918210416,0.003844809507165327,0.005592450192240475,0.0027962250961202375,0.0031457532331352674,0.0027962250961202375,0.003844809507165327,0.004194337644180357,0.003844809507165327,0.0020971688220901784,0.003495281370150297,0.0020971688220901784,0.0020971688220901784,0.002446696959105208,0.0027962250961202375,0.002446696959105208,0.0020971688220901784,0.005242922055225445,0.002446696959105208,0.0020971688220901784,0.004893393918210416,0.0017476406850751485,0.0031457532331352674,0.002446696959105208,0.004543865781195386,0.003495281370150297,0.0027962250961202375,0.004543865781195386,0.004893393918210416,0.004893393918210416,0.003495281370150297,0.003844809507165327,0.004194337644180357,0.0031457532331352674,0.0027962250961202375,0.0027962250961202375,0.0027962250961202375,0.003844809507165327,0.002446696959105208,0.004194337644180357,0.006291506466270535,0.002446696959105208,0.0031457532331352674,0.0017476406850751485,0.0027962250961202375,0.003495281370150297,0.002446696959105208,0.0027962250961202375,0.005242922055225445,0.0020971688220901784,0.004893393918210416,0.003495281370150297,0.005592450192240475,0.0031457532331352674,0.003844809507165327,0.002446696959105208,0.004893393918210416,0.003495281370150297,0.002446696959105208,0.004543865781195386,0.004893393918210416,0.0020971688220901784,0.0017476406850751485,0.003495281370150297,0.0031457532331352674,0.003495281370150297,0.003495281370150297,0.0027962250961202375,0.0027962250961202375,0.0027962250961202375,0.0017476406850751485,0.003495281370150297,0.0013981125480601187,0.007689619014330654,0.003495281370150297,0.003844809507165327,0.002446696959105208,0.0027962250961202375,0.0031457532331352674,0.0020971688220901784,0.003495281370150297,0.003844809507165327,0.004893393918210416,0.005242922055225445,0.003495281370150297,0.004194337644180357,0.0031457532331352674,0.003495281370150297,0.005592450192240475,0.003495281370150297,0.002446696959105208,0.004194337644180357,0.0027962250961202375,0.0027962250961202375,0.003495281370150297,0.003844809507165327,0.004893393918210416,0.002446696959105208,0.0027962250961202375,0.0013981125480601187,0.002446696959105208,0.0027962250961202375,0.004543865781195386,0.004893393918210416,0.004194337644180357,0.0010485844110450892,0.002446696959105208,0.003495281370150297,0.003844809507165327,0.002446696959105208,0.003495281370150297,0.0031457532331352674,0.004194337644180357,0.003844809507165327,0.0020971688220901784,0.0027962250961202375,0.002446696959105208,0.006291506466270535,0.004194337644180357,0.003844809507165327,0.003844809507165327,0.004893393918210416,0.005592450192240475,0.004194337644180357,0.0027962250961202375,0.0031457532331352674,0.006291506466270535,0.003844809507165327,0.003495281370150297,0.0010485844110450892,0.0027962250961202375,0.003495281370150297,0.0031457532331352674,0.0031457532331352674,0.0017476406850751485,0.004194337644180357,0.004543865781195386,7.775206
120,vimeo1,0,stream,131.202.240.150,23.235.33.217,40259,443,6,c02f,0013000010706c617965722e76696d656f2e636f6d,0,http_content_type_NULL,http_user_agent_NULL,http_accept_language_NULL,http_server_NULL,http_code_NULL,player.vimeo.com,dns_ttl_NULL,4,dns_domain_rank_NULL,497.75,518.733734684761,435.0,294.0,206,4,2,1991,870,1338,51,729,141,13.888349514563107,11.25,18.34904629674251,80.5,31.5,45,161,43,0,112,49,0.08888888888888889,0.012422360248447204,0.02912621359223301,64,52,0.0,0.0,0.0,0.0,0.0,0.0,0.0,0.0,0.2,0.0,0.2,0.0,0.0,0.0,0.0,0.0,0.0,0.0,0.0,0.0,0.0,0.0,0.0,0.0,0.0,0.0,0.0,0.0,0.0,0.0,0.0,0.0,0.0,0.0,0.0,0.0,0.0,0.0,0.0,0.0,0.0,0.0,0.0,0.0,0.0,0.0,0.0,0.0,0.0,0.0,0.0,0.0,0.0,0.0,0.0,0.0,0.0,0.0,0.0,0.0,0.0,0.0,0.0,0.0,0.0,0.0,0.0,0.0,0.0,0.0,0.0,0.0,0.0,0.0,0.0,0.0,0.0,0.0,0.0,0.0,0.0,0.0,0.0,0.0,0.0,0.0,0.0,0.0,0.0,0.0,0.0,0.0,0.0,0.0,0.0,0.0,0.0,0.0,0.0,0.0,0.0,0.0,0.0,0.0,0.0,0.0,0.0,0.0,0.0,0.0,0.0,0.0,0.0,0.0,0.0,0.0,0.0,0.0,0.0,0.0,0.0,0.0,0.0,0.0,0.0,0.0,0.0,0.0,0.0,0.0,0.0,0.0,0.0,0.0,0.0,0.0,0.0,0.0,0.0,0.0,0.0,0.0,0.0,0.0,0.0,0.0,0.0,0.0,0.0,0.0,0.0,0.0,0.0,0.0,0.0,0.0,0.0,0.0,0.0,0.0,0.2,0.0,0.0,0.0,0.0,0.0,0.0,0.0,0.0,0.0,0.0,0.0,0.0,0.0,0.0,0.0,0.0,0.0,0.0,0.0,0.0,0.0,0.0,0.0,0.0,0.0,0.0,0.0,0.0,0.0,0.0,0.0,0.0,0.0,0.0,0.0,0.0,0.0,0.0,0.0,0.0,0.0,0.0,0.2,0.0,0.0,0.0,0.0,0.0,0.0,0.0,0.0,0.0,0.0,0.0,0.0,0.0,0.0,0.0,0.0,0.0,0.0,0.0,0.0,0.0,0.0,0.0,0.0,0.0,0.0,0.0,0.0,0.0,0.0,0.0,0.0,0.0,0.0,0.0,0.0,0.0,0.0,0.0,0.0,0.0,0.0,0.0,0.0,0.0,0.0,0.0,0.0,0.0,0.0,0.0,0.0,0.0,0.0,0.0,0.0,0.0,0.0,0.0,0.0,0.0,0.0,0.0,0.0,0.0,0.0,0.0,0.0,0.0,0.0,0.0,0.0,0.0,0.0,0.0,0.0,0.2,0.0,0.0,0.0,0.0,0.0,0.0,0.0,0.0,0.0,0.0,0.0,0.0,0.0,0.0,0.0,0.0,0.0,0.0,0.0,0.0,0.0,0.0,0.0,0.0,0.0,0.0,0.0,0.0,0.0,0.0,0.0,0.0,0.0,0.0,0.0,0.0,0.0,0.0,0.0,0.0,0.0,0.0,0.0,0.0,0.0,0.0,0.0,0.0,0.0,0.0,0.0,0.0,0.0,0.0,0.0,0.0,0.0,0.0,0.0,0.0,0.0,0.0,0.0,0.0,0.0,0.0,0.0,0.0,0.0,0.0,0.0,0.0,0.0,0.0,0.0,0.0,0.0,0.0,0.0,0.0,0.0,0.0,0.0,0.0,0.0,0.0,0.0,0.0,0.0,0.0,0.0,0.0,0.0,0.0,0.0,0.0,0.0,0.0,0.0,0.0,0.0,0.0,0.0,0.0,0.0,0.0,0.0,0.0,0.0,0.0,0.0,0.0,0.0,0.0,0.0,0.0,0.0,0.0,0.0,0.05662355819643481,0.01118490038448095,0.007689619014330654,0.01188395665851101,0.0031457532331352674,0.006990562740300594,0.0031457532331352674,0.003844809507165327,0.003495281370150297,0.003495281370150297,0.003844809507165327,0.003495281370150297,0.005242922055225445,0.003844809507165327,0.0027962250961202375,0.006291506466270535,0.002446696959105208,0.003844809507165327,0.005242922055225445,0.005941978329255505,0.005592450192240475,0.0031457532331352674,0.004194337644180357,0.004543865781195386,0.003844809507165327,0.003844809507165327,0.004194337644180357,0.0027962250961202375,0.003495281370150297,0.0020971688220901784,0.004543865781195386,0.003844809507165327,0.003844809507165327,0.003495281370150297,0.0020971688220901784,0.007689619014330654,0.0027962250961202375,0.003844809507165327,0.003844809507165327,0.004194337644180357,0.004543865781195386,0.0031457532331352674,0.0027962250961202375,0.0020971688220901784,0.003495281370150297,0.005592450192240475,0.005941978329255505,0.004194337644180357,0.005242922055225445,0.004893393918210416,0.004893393918210416,0.003844809507165327,0.002446696959105208,0.0031457532331352674,0.0027962250961202375,0.0027962250961202375,0.0031457532331352674,0.004194337644180357,0.003844809507165327,0.005941978329255505,0.002446696959105208,0.003495281370150297,0.0017476406850751485,0.003495281370150297,0.0017476406850751485,0.003844809507165327,0.004543865781195386,0.002446696959105208,0.004543865781195386,0.005941978329255505,0.0020971688220901784,0.003495281370150297,0.0027962250961202375,0.0020971688220901784,0.005592450192240475,0.0027962250961202375,0.004543865781195386,0.0031457532331352674,0.003844809507165327,0.004194337644180357,0.003495281370150297,0.0031457532331352674,0.0027962250961202375,0.003844809507165327,0.004194337644180357,0.004194337644180357,0.003495281370150297,0.0020971688220901784,0.0031457532331352674,0.0027962250961202375,0.0027962250961202375,0.0017476406850751485,0.0027962250961202375,0.003495281370150297,0.0031457532331352674,0.004893393918210416,0.0027962250961202375,0.003844809507165327,0.0031457532331352674,0.003495281370150297,0.0031457532331352674,0.003844809507165327,0.006641034603285564,0.0027962250961202375,0.003844809507165327,0.003844809507165327,0.0031457532331352674,0.004543865781195386,0.0031457532331352674,0.004194337644180357,0.0031457532331352674,0.003844809507165327,0.004893393918210416,0.003844809507165327,0.004893393918210416,0.0031457532331352674,0.004194337644180357,0.0031457532331352674,0.004194337644180357,0.003844809507165327,0.003495281370150297,0.005242922055225445,0.003844809507165327,0.005592450192240475,0.0031457532331352674,0.005941978329255505,0.002446696959105208,0.004194337644180357,0.005592450192240475,0.003495281370150297,0.003495281370150297,0.004543865781195386,0.0031457532331352674,0.002446696959105208,0.004543865781195386,0.004543865781195386,0.003844809507165327,0.002446696959105208,0.0031457532331352674,0.0020971688220901784,0.003844809507165327,0.0031457532331352674,0.0031457532331352674,0.0031457532331352674,0.003844809507165327,0.002446696959105208,0.002446696959105208,0.004194337644180357,0.004194337644180357,0.0031457532331352674,0.003495281370150297,0.003844809507165327,0.0010485844110450892,0.003844809507165327,0.002446696959105208,0.0031457532331352674,0.003844809507165327,0.004194337644180357,0.003844809507165327,0.0027962250961202375,0.003495281370150297,0.0017476406850751485,0.006291506466270535,0.003495281370150297,0.004543865781195386,0.003495281370150297,0.0013981125480601187,0.003495281370150297,0.002446696959105208,0.003844809507165327,0.003495281370150297,0.003844809507165327,0.004194337644180357,0.0031457532331352674,0.005941978329255505,0.0020971688220901784,0.003495281370150297,0.002446696959105208,0.0031457532331352674,0.004543865781195386,0.003844809507165327,0.0031457532331352674,0.003844809507165327,0.004194337644180357,0.0017476406850751485,0.004194337644180357,0.0020971688220901784,0.005941978329255505,0.0017476406850751485,0.0017476406850751485,0.0027962250961202375,0.005242922055225445,0.007340090877315624,0.004194337644180357,0.004893393918210416,0.003495281370150297,0.003495281370150297,0.0027962250961202375,0.002446696959105208,0.0020971688220901784,0.0031457532331352674,0.0027962250961202375,0.003844809507165327,0.0020971688220901784,0.0020971688220901784,0.005242922055225445,0.005592450192240475,0.0020971688220901784,0.002446696959105208,0.002446696959105208,0.0031457532331352674,0.004543865781195386,0.004543865781195386,0.0031457532331352674,0.004543865781195386,0.0031457532331352674,0.0031457532331352674,0.0013981125480601187,0.0017476406850751485,0.0027962250961202375,0.003495281370150297,0.004893393918210416,0.0031457532331352674,0.004893393918210416,0.003495281370150297,0.003495281370150297,0.004893393918210416,0.0027962250961202375,0.003844809507165327,0.004194337644180357,0.0027962250961202375,0.002446696959105208,0.003495281370150297,0.004194337644180357,0.003495281370150297,0.004194337644180357,0.005941978329255505,0.0027962250961202375,0.0027962250961202375,0.004543865781195386,0.002446696959105208,0.0031457532331352674,0.0027962250961202375,0.0017476406850751485,0.0020971688220901784,0.004194337644180357,0.0020971688220901784,0.0027962250961202375,0.002446696959105208,0.004194337644180357,0.004893393918210416,0.003844809507165327,0.003495281370150297,0.002446696959105208,0.003495281370150297,0.004893393918210416,7.774319
121,vimeo1,0,stream,131.202.240.150,131.202.244.3,1741,53,17,scs_str_NULL,server_name_str_NULL,0,http_content_type_NULL,http_user_agent_NULL,http_accept_language_NULL,http_server_NULL,http_code_NULL,dns_domain_name_NULL,dns_ttl_NULL,dns_num_ip_NULL,dns_domain_rank_NULL,34.0,0.0,298.0,0.0,94,1,1,34,298,34,34,298,298,3.5319148936170213,0.0,0,94.0,0.0,0,94,0,0,94,94,0,0.010638297872340425,0.02127659574468085,64,63,0.0,0.0,0.0,0.0,0.0,0.0,0.0,0.0,0.0,0.0,0.0,0.0,0.0,0.0,0.0,0.0,0.0,0.0,0.0,0.0,0.0,0.0,0.0,0.0,0.0,0.0,0.0,0.0,0.0,0.0,0.0,0.0,0.0,0.0,0.0,0.0,0.0,0.0,0.0,0.0,0.0,0.0,0.0,0.0,0.0,0.0,0.0,0.0,0.0,0.0,0.0,0.0,0.0,0.0,0.0,0.0,0.0,0.0,0.0,0.0,0.0,0.0,0.0,0.0,0.0,0.0,0.0,0.0,0.0,0.0,0.0,0.0,0.0,0.0,0.0,0.0,0.0,0.0,0.0,0.0,0.0,0.0,0.0,0.0,0.0,0.0,0.0,0.0,0.0,0.0,0.0,0.0,0.0,0.0,0.0,0.0,0.0,0.0,0.0,0.0,0.0,0.0,0.0,0.0,0.0,0.0,0.0,0.0,0.0,0.0,0.0,0.0,0.0,0.0,0.0,0.0,0.0,0.0,0.0,0.0,0.0,0.0,0.0,0.0,0.0,0.0,0.0,0.0,0.0,0.0,0.0,0.0,0.0,0.0,0.0,0.0,0.0,0.0,0.0,0.0,0.0,0.0,0.0,0.0,0.0,0.0,0.0,0.0,0.0,0.0,0.0,0.0,0.0,0.0,0.0,0.0,0.0,0.0,0.0,0.0,0.0,0.0,0.0,0.0,0.0,0.0,0.0,0.0,0.0,0.0,0.0,0.0,0.0,0.0,0.0,0.0,0.0,0.0,0.0,0.0,0.0,0.0,0.0,0.0,0.0,0.0,0.0,0.0,0.0,0.0,0.0,0.0,0.0,0.0,0.0,0.0,0.0,0.0,0.0,0.0,0.0,0.0,0.0,0.0,0.0,0.0,0.0,0.0,0.0,0.0,0.0,0.0,0.0,0.0,0.0,0.0,0.0,0.0,0.0,0.0,1.0,0.0,0.0,0.0,0.0,0.0,0.0,0.0,0.0,0.0,0.0,0.0,0.0,0.0,0.0,0.0,0.0,0.0,0.0,0.0,0.0,0.0,0.0,0.0,0.0,0.0,0.0,0.0,0.0,0.0,0.0,0.0,0.0,0.0,0.0,0.0,0.0,0.0,0.0,0.0,0.0,0.0,0.0,0.0,0.0,0.0,0.0,0.0,0.0,0.0,0.0,0.0,0.0,0.0,0.0,0.0,0.0,0.0,0.0,0.0,0.0,0.0,0.0,0.0,0.0,0.0,0.0,0.0,0.0,0.0,0.0,0.0,0.0,0.0,0.0,0.0,0.0,0.0,0.0,0.0,0.0,0.0,0.0,0.0,0.0,0.0,0.0,0.0,0.0,0.0,0.0,0.0,0.0,0.0,0.0,0.0,0.0,0.0,0.0,0.0,0.0,0.0,0.0,0.0,0.0,0.0,0.0,0.0,0.0,0.0,0.0,0.0,0.0,0.0,0.0,0.0,0.0,0.0,0.0,0.0,0.0,0.0,0.0,0.0,0.0,0.0,0.0,0.0,0.0,0.0,0.0,0.0,0.0,0.0,0.0,0.0,0.0,0.0,0.0,0.0,0.0,0.0,0.0,0.0,0.0,0.0,0.0,0.0,0.0,0.0,0.0,0.0,0.0,0.0,0.0,0.0,0.0,0.0,0.0,0.0,0.0,0.0,0.0,0.0,0.0,0.0,0.0,0.0,0.0,0.0,0.0,0.0,0.0,0.0,0.0,0.0,0.0,0.0,0.0,0.0,0.2319277108433735,0.08132530120481928,0.04216867469879518,0.012048192771084338,0.03313253012048193,0.009036144578313253,0.009036144578313253,0.006024096385542169,0.0,0.012048192771084338,0.0,0.0,0.012048192771084338,0.0,0.0,0.0,0.0,0.0,0.0030120481927710845,0.012048192771084338,0.0,0.0,0.0030120481927710845,0.009036144578313253,0.0,0.006024096385542169,0.0,0.0,0.0,0.0,0.012048192771084338,0.0,0.0,0.0030120481927710845,0.0,0.0,0.0,0.0030120481927710845,0.0,0.0,0.0,0.0,0.0,0.0,0.0,0.024096385542168676,0.0,0.0,0.006024096385542169,0.009036144578313253,0.006024096385542169,0.006024096385542169,0.009036144578313253,0.0030120481927710845,0.009036144578313253,0.0030120481927710845,0.012048192771084338,0.0,0.0,0.0,0.0,0.0,0.0,0.0,0.0,0.0,0.0,0.0,0.0,0.0,0.0030120481927710845,0.0,0.0,0.0,0.0,0.0,0.0,0.0,0.0,0.0,0.0,0.0030120481927710845,0.0,0.0,0.0,0.0030120481927710845,0.0,0.0,0.0,0.0,0.0,0.0,0.0,0.0,0.0030120481927710845,0.0,0.0,0.018072289156626505,0.0,0.009036144578313253,0.012048192771084338,0.015060240963855422,0.0,0.0030120481927710845,0.006024096385542169,0.006024096385542169,0.0,0.0030120481927710845,0.006024096385542169,0.012048192771084338,0.030120481927710843,0.018072289156626505,0.006024096385542169,0.0,0.009036144578313253,0.03614457831325301,0.0030120481927710845,0.0030120481927710845,0.006024096385542169,0.012048192771084338,0.0,0.006024096385542169,0.0,0.0,0.0,0.0,0.0,0.0,0.0030120481927710845,0.0030120481927710845,0.0,0.0,0.0,0.0,0.0,0.0,0.0,0.0,0.0,0.0,0.0030120481927710845,0.0,0.0,0.0,0.0,0.0,0.0,0.0,0.0,0.0,0.0,0.0,0.0,0.0,0.0,0.0,0.006024096385542169,0.0,0.0,0.0,0.0,0.0,0.024096385542168676,0.0,0.0,0.0,0.024096385542168676,0.0,0.0,0.0,0.009036144578313253,0.0,0.0,0.0,0.0,0.0,0.0,0.0030120481927710845,0.0,0.0,0.0,0.0,0.0,0.0030120481927710845,0.0,0.0,0.0,0.0,0.0,0.0,0.0,0.0,0.04216867469879518,0.0,0.0030120481927710845,0.0,0.0,0.0030120481927710845,0.0,0.0030120481927710845,0.0,0.0,0.0,0.0,0.0,0.012048192771084338,0.0,0.0,0.0,0.0,0.0,0.0,0.0030120481927710845,0.0,0.0,0.006024096385542169,0.0,0.012048192771084338,0.0,0.0,0.0,0.0,0.0,0.0,0.0,0.0,0.0,0.0,0.0,0.0,0.0,0.0,0.0,0.0,0.0,0.006024096385542169,0.0,0.0,0.0,0.0,0.0,0.0,0.0,0.0,0.0,0.0,0.0,0.0,0.0,0.0,0.0,0.012048192771084338,0.0,0.0,0.0,0.0,5.02189
122,vimeo1,0,stream,131.202.240.150,131.202.244.5,1741,53,17,scs_str_NULL,server_name_str_NULL,0,http_content_type_NULL,http_user_agent_NULL,http_accept_language_NULL,http_server_NULL,http_code_NULL,dns_domain_name_NULL,dns_ttl_NULL,dns_num_ip_NULL,dns_domain_rank_NULL,34.0,0.0,298.0,0.0,42,1,1,34,298,34,34,298,298,7.904761904761905,0.0,0,42.0,0.0,0,42,0,0,42,42,0,0.023809523809523808,0.047619047619047616,64,63,0.0,0.0,0.0,0.0,0.0,0.0,0.0,0.0,0.0,0.0,0.0,0.0,0.0,0.0,0.0,0.0,0.0,0.0,0.0,0.0,0.0,0.0,0.0,0.0,0.0,0.0,0.0,0.0,0.0,0.0,0.0,0.0,0.0,0.0,0.0,0.0,0.0,0.0,0.0,0.0,0.0,0.0,0.0,0.0,0.0,0.0,0.0,0.0,0.0,0.0,0.0,0.0,0.0,0.0,0.0,0.0,0.0,0.0,0.0,0.0,0.0,0.0,0.0,0.0,0.0,0.0,0.0,0.0,0.0,0.0,0.0,0.0,0.0,0.0,0.0,0.0,0.0,0.0,0.0,0.0,0.0,0.0,0.0,0.0,0.0,0.0,0.0,0.0,0.0,0.0,0.0,0.0,0.0,0.0,0.0,0.0,0.0,0.0,0.0,0.0,0.0,0.0,0.0,0.0,0.0,0.0,0.0,0.0,0.0,0.0,0.0,0.0,0.0,0.0,0.0,0.0,0.0,0.0,0.0,0.0,0.0,0.0,0.0,0.0,0.0,0.0,0.0,0.0,0.0,0.0,0.0,0.0,0.0,0.0,0.0,0.0,0.0,0.0,0.0,0.0,0.0,0.0,0.0,0.0,0.0,0.0,0.0,0.0,0.0,0.0,0.0,0.0,0.0,0.0,0.0,0.0,0.0,0.0,0.0,0.0,0.0,0.0,0.0,0.0,0.0,0.0,0.0,0.0,0.0,0.0,0.0,0.0,0.0,0.0,0.0,0.0,0.0,0.0,0.0,0.0,0.0,0.0,0.0,0.0,0.0,0.0,0.0,0.0,0.0,0.0,0.0,0.0,0.0,0.0,0.0,0.0,0.0,0.0,0.0,0.0,0.0,0.0,0.0,0.0,0.0,0.0,0.0,0.0,0.0,0.0,0.0,0.0,0.0,0.0,0.0,0.0,0.0,0.0,0.0,0.0,1.0,0.0,0.0,0.0,0.0,0.0,0.0,0.0,0.0,0.0,0.0,0.0,0.0,0.0,0.0,0.0,0.0,0.0,0.0,0.0,0.0,0.0,0.0,0.0,0.0,0.0,0.0,0.0,0.0,0.0,0.0,0.0,0.0,0.0,0.0,0.0,0.0,0.0,0.0,0.0,0.0,0.0,0.0,0.0,0.0,0.0,0.0,0.0,0.0,0.0,0.0,0.0,0.0,0.0,0.0,0.0,0.0,0.0,0.0,0.0,0.0,0.0,0.0,0.0,0.0,0.0,0.0,0.0,0.0,0.0,0.0,0.0,0.0,0.0,0.0,0.0,0.0,0.0,0.0,0.0,0.0,0.0,0.0,0.0,0.0,0.0,0.0,0.0,0.0,0.0,0.0,0.0,0.0,0.0,0.0,0.0,0.0,0.0,0.0,0.0,0.0,0.0,0.0,0.0,0.0,0.0,0.0,0.0,0.0,0.0,0.0,0.0,0.0,0.0,0.0,0.0,0.0,0.0,0.0,0.0,0.0,0.0,0.0,0.0,0.0,0.0,0.0,0.0,0.0,0.0,0.0,0.0,0.0,0.0,0.0,0.0,0.0,0.0,0.0,0.0,0.0,0.0,0.0,0.0,0.0,0.0,0.0,0.0,0.0,0.0,0.0,0.0,0.0,0.0,0.0,0.0,0.0,0.0,0.0,0.0,0.0,0.0,0.0,0.0,0.0,0.0,0.0,0.0,0.0,0.0,0.0,0.0,0.0,0.0,0.0,0.0,0.0,0.0,0.0,0.0,0.2319277108433735,0.10542168674698796,0.018072289156626505,0.012048192771084338,0.03313253012048193,0.009036144578313253,0.009036144578313253,0.006024096385542169,0.0,0.012048192771084338,0.0,0.0,0.012048192771084338,0.0,0.0,0.0,0.0,0.0,0.0030120481927710845,0.012048192771084338,0.0,0.0,0.0030120481927710845,0.009036144578313253,0.0,0.006024096385542169,0.0,0.0,0.0,0.0,0.030120481927710843,0.0,0.0,0.0030120481927710845,0.0,0.0,0.0,0.0030120481927710845,0.0,0.0,0.0,0.0,0.0,0.0,0.0,0.024096385542168676,0.0,0.0,0.006024096385542169,0.009036144578313253,0.006024096385542169,0.006024096385542169,0.009036144578313253,0.0030120481927710845,0.009036144578313253,0.0030120481927710845,0.012048192771084338,0.0,0.0,0.0,0.0,0.0,0.0,0.0,0.0,0.0030120481927710845,0.0,0.0,0.0,0.0,0.0030120481927710845,0.0,0.0,0.0,0.0,0.0,0.0,0.0,0.0,0.0,0.0,0.0030120481927710845,0.0,0.0,0.0,0.0030120481927710845,0.0,0.0030120481927710845,0.0,0.0,0.0,0.0,0.0,0.0,0.0030120481927710845,0.0,0.0,0.018072289156626505,0.0,0.009036144578313253,0.012048192771084338,0.015060240963855422,0.0,0.0030120481927710845,0.006024096385542169,0.006024096385542169,0.0,0.0030120481927710845,0.006024096385542169,0.012048192771084338,0.04819277108433735,0.018072289156626505,0.006024096385542169,0.0,0.009036144578313253,0.03614457831325301,0.0030120481927710845,0.0030120481927710845,0.006024096385542169,0.012048192771084338,0.0,0.006024096385542169,0.0,0.0,0.0,0.0,0.0,0.0,0.0030120481927710845,0.0030120481927710845,0.0,0.0,0.0,0.0,0.0,0.0030120481927710845,0.0,0.0,0.0,0.0,0.0030120481927710845,0.0,0.0,0.0,0.0,0.0,0.0,0.0,0.0,0.0,0.0,0.0,0.0,0.0,0.0,0.0,0.006024096385542169,0.0,0.0,0.0,0.0,0.0,0.0,0.0,0.0,0.0,0.0,0.0,0.0,0.0,0.009036144578313253,0.0,0.0,0.0,0.0,0.0,0.0,0.0030120481927710845,0.0,0.0,0.0,0.0,0.0,0.0030120481927710845,0.0,0.0,0.0,0.0,0.0,0.0,0.0,0.0,0.04216867469879518,0.0,0.0030120481927710845,0.0,0.0,0.0030120481927710845,0.0,0.0030120481927710845,0.0,0.0,0.0,0.0,0.0,0.012048192771084338,0.0,0.0,0.0,0.0,0.0,0.0030120481927710845,0.0,0.0,0.0,0.006024096385542169,0.0,0.012048192771084338,0.0,0.0,0.0,0.0,0.0,0.0,0.0,0.0,0.0,0.0,0.0,0.0,0.0,0.0,0.0,0.0,0.0,0.006024096385542169,0.0,0.0,0.0,0.0,0.0,0.0,0.0,0.0,0.0,0.0,0.0,0.0,0.0,0.0,0.0,0.012048192771084338,0.0030120481927710845,0.0,0.0,0.0,4.957584
123,vimeo1,0,stream,131.202.240.150,131.202.6.3,1741,53,17,scs_str_NULL,server_name_str_NULL,0,http_content_type_NULL,http_user_agent_NULL,http_accept_language_NULL,http_server_NULL,http_code_NULL,dns_domain_name_NULL,dns_ttl_NULL,dns_num_ip_NULL,dns_domain_rank_NULL,34.0,0.0,250.0,0.0,44,1,1,34,250,34,34,250,250,6.454545454545454,0.0,0,44.0,0.0,0,44,0,0,44,44,0,0.022727272727272728,0.045454545454545456,64,60,0.0,0.0,0.0,0.0,0.0,0.0,0.0,0.0,0.0,0.0,0.0,0.0,0.0,0.0,0.0,0.0,0.0,0.0,0.0,0.0,0.0,0.0,0.0,0.0,0.0,0.0,0.0,0.0,0.0,0.0,0.0,0.0,0.0,0.0,0.0,0.0,0.0,0.0,0.0,0.0,0.0,0.0,0.0,0.0,0.0,0.0,0.0,0.0,0.0,0.0,0.0,0.0,0.0,0.0,0.0,0.0,0.0,0.0,0.0,0.0,0.0,0.0,0.0,0.0,0.0,0.0,0.0,0.0,0.0,0.0,0.0,0.0,0.0,0.0,0.0,0.0,0.0,0.0,0.0,0.0,0.0,0.0,0.0,0.0,0.0,0.0,0.0,0.0,0.0,0.0,0.0,0.0,0.0,0.0,0.0,0.0,0.0,0.0,0.0,0.0,0.0,0.0,0.0,0.0,0.0,0.0,0.0,0.0,0.0,0.0,0.0,0.0,0.0,0.0,0.0,0.0,0.0,0.0,0.0,0.0,0.0,0.0,0.0,0.0,0.0,0.0,0.0,0.0,0.0,0.0,0.0,0.0,0.0,0.0,0.0,0.0,0.0,0.0,0.0,0.0,0.0,0.0,0.0,0.0,0.0,0.0,0.0,0.0,0.0,0.0,0.0,0.0,0.0,0.0,0.0,0.0,0.0,0.0,0.0,0.0,0.0,0.0,0.0,0.0,0.0,0.0,0.0,0.0,0.0,0.0,0.0,0.0,0.0,0.0,0.0,0.0,0.0,0.0,0.0,0.0,0.0,0.0,0.0,0.0,0.0,0.0,0.0,0.0,0.0,0.0,0.0,0.0,0.0,0.0,0.0,0.0,0.0,0.0,0.0,0.0,0.0,0.0,0.0,0.0,0.0,0.0,0.0,0.0,0.0,0.0,0.0,0.0,0.0,0.0,0.0,0.0,0.0,0.0,0.0,0.0,1.0,0.0,0.0,0.0,0.0,0.0,0.0,0.0,0.0,0.0,0.0,0.0,0.0,0.0,0.0,0.0,0.0,0.0,0.0,0.0,0.0,0.0,0.0,0.0,0.0,0.0,0.0,0.0,0.0,0.0,0.0,0.0,0.0,0.0,0.0,0.0,0.0,0.0,0.0,0.0,0.0,0.0,0.0,0.0,0.0,0.0,0.0,0.0,0.0,0.0,0.0,0.0,0.0,0.0,0.0,0.0,0.0,0.0,0.0,0.0,0.0,0.0,0.0,0.0,0.0,0.0,0.0,0.0,0.0,0.0,0.0,0.0,0.0,0.0,0.0,0.0,0.0,0.0,0.0,0.0,0.0,0.0,0.0,0.0,0.0,0.0,0.0,0.0,0.0,0.0,0.0,0.0,0.0,0.0,0.0,0.0,0.0,0.0,0.0,0.0,0.0,0.0,0.0,0.0,0.0,0.0,0.0,0.0,0.0,0.0,0.0,0.0,0.0,0.0,0.0,0.0,0.0,0.0,0.0,0.0,0.0,0.0,0.0,0.0,0.0,0.0,0.0,0.0,0.0,0.0,0.0,0.0,0.0,0.0,0.0,0.0,0.0,0.0,0.0,0.0,0.0,0.0,0.0,0.0,0.0,0.0,0.0,0.0,0.0,0.0,0.0,0.0,0.0,0.0,0.0,0.0,0.0,0.0,0.0,0.0,0.0,0.0,0.0,0.0,0.0,0.0,0.0,0.0,0.0,0.0,0.0,0.0,0.0,0.0,0.0,0.0,0.0,0.0,0.0,0.0,0.22887323943661972,0.09507042253521127,0.02112676056338028,0.014084507042253521,0.02464788732394366,0.01056338028169014,0.01056338028169014,0.007042253521126761,0.0,0.014084507042253521,0.0,0.0,0.014084507042253521,0.0,0.0,0.0,0.0,0.0,0.0035211267605633804,0.014084507042253521,0.0,0.0,0.0035211267605633804,0.01056338028169014,0.0,0.007042253521126761,0.0,0.0,0.0,0.0,0.03169014084507042,0.0,0.0,0.0035211267605633804,0.0,0.0,0.0,0.0035211267605633804,0.0,0.0,0.0,0.0,0.0,0.0,0.0,0.028169014084507043,0.0,0.0,0.007042253521126761,0.01056338028169014,0.007042253521126761,0.007042253521126761,0.01056338028169014,0.0035211267605633804,0.01056338028169014,0.0035211267605633804,0.014084507042253521,0.0,0.0,0.0,0.0,0.0,0.0,0.0,0.0,0.0,0.0,0.0,0.0,0.0,0.0035211267605633804,0.0,0.0,0.0,0.0,0.0,0.0,0.0,0.0,0.0,0.0,0.0035211267605633804,0.0,0.0,0.0,0.0035211267605633804,0.0,0.0,0.0,0.0,0.0,0.0,0.0,0.0,0.0,0.0,0.0,0.02112676056338028,0.0,0.01056338028169014,0.014084507042253521,0.017605633802816902,0.0,0.0035211267605633804,0.007042253521126761,0.007042253521126761,0.0,0.0035211267605633804,0.007042253521126761,0.014084507042253521,0.04929577464788732,0.02112676056338028,0.007042253521126761,0.0,0.01056338028169014,0.04225352112676056,0.0035211267605633804,0.0035211267605633804,0.007042253521126761,0.014084507042253521,0.0,0.007042253521126761,0.0,0.0,0.0,0.0,0.0,0.0,0.0035211267605633804,0.0035211267605633804,0.0,0.0,0.0,0.0,0.0,0.0,0.0,0.0,0.0,0.0,0.0,0.0,0.0,0.0,0.0,0.0,0.0,0.0035211267605633804,0.0,0.0,0.0,0.0,0.0,0.0,0.0,0.0,0.007042253521126761,0.0,0.0,0.0,0.0,0.0,0.0,0.0,0.0,0.0,0.0,0.0,0.0,0.0,0.007042253521126761,0.0,0.0,0.0,0.0,0.0,0.0,0.0,0.0,0.0,0.0,0.0,0.0,0.0,0.0,0.0,0.0,0.0,0.0,0.0,0.0,0.0,0.03873239436619718,0.0,0.0,0.0,0.0,0.0,0.0,0.0,0.0,0.0,0.0,0.0,0.0,0.0035211267605633804,0.0,0.0,0.0,0.0,0.0,0.0,0.0,0.0,0.0,0.007042253521126761,0.0,0.014084507042253521,0.0,0.0,0.0,0.0,0.0,0.0,0.0,0.0,0.0,0.0,0.0,0.0,0.0,0.0,0.0,0.0,0.0,0.007042253521126761,0.0,0.0,0.0,0.0,0.0,0.0,0.0,0.0,0.0,0.0,0.0,0.0,0.0,0.0,0.0,0.0035211267605633804,0.0,0.0,0.0,0.0,4.894217
124,vimeo1,0,stream,131.202.240.150,104.156.85.217,34002,443,6,c02f,0013000010706c617965722e76696d656f2e636f6d,528,http_content_type_NULL,http_user_agent_NULL,http_accept_language_NULL,http_server_NULL,http_code_NULL,player.vimeo.com,dns_ttl_NULL,4,dns_domain_rank_NULL,575.75,591.7029977108448,891.7142857142857,359.529738204034,7513,8,7,4606,6242,1338,85,1338,274,1.4438972447757221,885.75,2236.349802132931,61.0,47.21985054735229,7086,427,6799,0,121,0,0.0011289867344058708,0.01639344262295082,0.001996539331824837,64,52,0.0,0.0,0.0,0.0,0.0,0.0,0.0,0.0,0.21428571428571427,0.0,0.0,0.0,0.0,0.0,0.0,0.0,0.0,0.07142857142857142,0.0,0.0,0.0,0.0,0.0,0.0,0.0,0.0,0.0,0.0,0.0,0.0,0.0,0.0,0.0,0.0,0.0,0.0,0.0,0.0,0.0,0.0,0.0,0.0,0.0,0.0,0.0,0.0,0.0,0.0,0.0,0.0,0.0,0.0,0.0,0.0,0.0,0.0,0.0,0.0,0.0,0.0,0.0,0.0,0.0,0.0,0.0,0.0,0.0,0.0,0.0,0.0,0.0,0.0,0.0,0.0,0.0,0.0,0.0,0.0,0.0,0.0,0.0,0.0,0.0,0.0,0.0,0.0,0.0,0.0,0.0,0.0,0.0,0.0,0.0,0.0,0.0,0.0,0.0,0.0,0.0,0.0,0.0,0.0,0.0,0.0,0.0,0.0,0.0,0.0,0.0,0.0,0.0,0.0,0.0,0.0,0.0,0.0,0.0,0.0,0.0,0.0,0.0,0.0,0.0,0.0,0.0,0.0,0.0,0.0,0.0,0.0,0.0,0.0,0.0,0.0,0.0,0.0,0.0,0.0,0.0,0.0,0.0,0.0,0.0,0.0,0.0,0.0,0.0,0.0,0.0,0.0,0.0,0.0,0.0,0.0,0.0,0.0,0.0,0.0,0.0,0.0,0.0,0.0,0.0,0.0,0.0,0.0,0.0,0.0,0.0,0.0,0.0,0.07142857142857142,0.0,0.0,0.14285714285714285,0.0,0.0,0.0,0.0,0.0,0.0,0.0,0.0,0.0,0.0,0.0,0.0,0.0,0.0,0.0,0.0,0.0,0.0,0.0,0.0,0.0,0.0,0.0,0.0,0.0,0.0,0.0,0.0,0.0,0.0,0.0,0.0,0.0,0.0,0.0,0.0,0.0,0.0,0.0,0.0,0.0,0.0,0.0,0.0,0.0,0.07142857142857142,0.0,0.0,0.0,0.0,0.0,0.0,0.0,0.0,0.0,0.0,0.0,0.0,0.0,0.0,0.0,0.0,0.0,0.0,0.0,0.0,0.0,0.0,0.0,0.0,0.0,0.0,0.0,0.0,0.0,0.0,0.0,0.0,0.0,0.0,0.0,0.0,0.0,0.0,0.0,0.0,0.0,0.0,0.0,0.0,0.0,0.0,0.0,0.0,0.0,0.0,0.0,0.0,0.0,0.0,0.0,0.0,0.0,0.0,0.0,0.21428571428571427,0.0,0.0,0.0,0.0,0.0,0.0,0.0,0.0,0.0,0.0,0.0,0.0,0.0,0.0,0.0,0.0,0.0,0.0,0.0,0.0,0.0,0.0,0.0,0.0,0.0,0.0,0.0,0.0,0.0,0.0,0.0,0.0,0.0,0.0,0.0,0.0,0.0,0.0,0.0,0.0,0.0,0.0,0.0,0.0,0.0,0.0,0.0,0.0,0.0,0.0,0.0,0.0,0.0,0.0,0.0,0.0,0.0,0.0,0.0,0.0,0.0,0.0,0.0,0.0,0.0,0.0,0.0,0.0,0.0,0.0,0.0,0.0,0.0,0.0,0.0,0.0,0.0,0.07142857142857142,0.0,0.0,0.07142857142857142,0.0,0.0,0.0,0.0,0.0,0.0,0.0,0.0,0.0,0.0,0.0,0.0,0.0,0.0,0.0,0.0,0.07142857142857142,0.0,0.0,0.0,0.0,0.0,0.0,0.0,0.0,0.0,0.0,0.0,0.0,0.0,0.0,0.0,0.0,0.0,0.0,0.0,0.0,0.0,0.032630990117471566,0.01379824724967369,0.006712660824165579,0.011747156442289764,0.008017900428864442,0.006712660824165579,0.009696065634905836,0.004102181614767854,0.004475107216110386,0.004475107216110386,0.0033563304120827896,0.004102181614767854,0.0033563304120827896,0.004475107216110386,0.00428864441543912,0.004102181614767854,0.0033563304120827896,0.004102181614767854,0.0031698676114115232,0.005407421219466716,0.003729256013425322,0.0033563304120827896,0.00522095841879545,0.005034495618124185,0.004102181614767854,0.0033563304120827896,0.003915718814096587,0.003915718814096587,0.002610479209397725,0.00522095841879545,0.0031698676114115232,0.0033563304120827896,0.007831437628193175,0.0035427932127540555,0.002610479209397725,0.002424016408726459,0.002424016408726459,0.0035427932127540555,0.0031698676114115232,0.0035427932127540555,0.004475107216110386,0.0031698676114115232,0.004102181614767854,0.005407421219466716,0.003915718814096587,0.0031698676114115232,0.007085586425508111,0.006899123624836845,0.015103486854372553,0.006899123624836845,0.004102181614767854,0.00428864441543912,0.00428864441543912,0.0029834048107402573,0.003915718814096587,0.0027969420100689914,0.003729256013425322,0.003915718814096587,0.003915718814096587,0.0031698676114115232,0.002610479209397725,0.002424016408726459,0.0035427932127540555,0.0031698676114115232,0.002424016408726459,0.004848032817452918,0.0029834048107402573,0.005407421219466716,0.003915718814096587,0.003915718814096587,0.002610479209397725,0.0035427932127540555,0.004475107216110386,0.003915718814096587,0.0033563304120827896,0.0027969420100689914,0.0035427932127540555,0.004102181614767854,0.0033563304120827896,0.0035427932127540555,0.00428864441543912,0.002424016408726459,0.00428864441543912,0.00522095841879545,0.002424016408726459,0.005966809621480515,0.003915718814096587,0.0029834048107402573,0.0029834048107402573,0.0033563304120827896,0.002424016408726459,0.003729256013425322,0.0029834048107402573,0.0027969420100689914,0.003915718814096587,0.0035427932127540555,0.004661570016781652,0.005407421219466716,0.0033563304120827896,0.007272049226179377,0.005034495618124185,0.008390826030206973,0.0035427932127540555,0.005593884020137983,0.004848032817452918,0.008204363229535707,0.003915718814096587,0.0027969420100689914,0.004475107216110386,0.00522095841879545,0.00428864441543912,0.006526198023494313,0.004661570016781652,0.003915718814096587,0.007644974827521909,0.006526198023494313,0.009323140033563304,0.004102181614767854,0.003729256013425322,0.005034495618124185,0.0027969420100689914,0.0029834048107402573,0.002237553608055193,0.003729256013425322,0.0033563304120827896,0.0031698676114115232,0.0033563304120827896,0.002424016408726459,0.003915718814096587,0.002610479209397725,0.006712660824165579,0.003729256013425322,0.0035427932127540555,0.0035427932127540555,0.005593884020137983,0.002610479209397725,0.0029834048107402573,0.0031698676114115232,0.003729256013425322,0.004102181614767854,0.0029834048107402573,0.0033563304120827896,0.0027969420100689914,0.0033563304120827896,0.0029834048107402573,0.002424016408726459,0.0027969420100689914,0.0031698676114115232,0.0029834048107402573,0.002237553608055193,0.0027969420100689914,0.0035427932127540555,0.004848032817452918,0.002424016408726459,0.002237553608055193,0.0035427932127540555,0.0033563304120827896,0.0033563304120827896,0.002051090807383927,0.0031698676114115232,0.00428864441543912,0.002610479209397725,0.003729256013425322,0.002610479209397725,0.0031698676114115232,0.0027969420100689914,0.00428864441543912,0.0031698676114115232,0.0029834048107402573,0.0027969420100689914,0.0027969420100689914,0.002610479209397725,0.003729256013425322,0.0031698676114115232,0.003729256013425322,0.0031698676114115232,0.002610479209397725,0.002237553608055193,0.0029834048107402573,0.0035427932127540555,0.0027969420100689914,0.0033563304120827896,0.0031698676114115232,0.004102181614767854,0.003915718814096587,0.0035427932127540555,0.002237553608055193,0.002610479209397725,0.0029834048107402573,0.002610479209397725,0.00428864441543912,0.0033563304120827896,0.003915718814096587,0.0029834048107402573,0.001864628006712661,0.0029834048107402573,0.001864628006712661,0.0027969420100689914,0.0033563304120827896,0.003729256013425322,0.002424016408726459,0.0035427932127540555,0.002610479209397725,0.0027969420100689914,0.0033563304120827896,0.0035427932127540555,0.0027969420100689914,0.0027969420100689914,0.0033563304120827896,0.002051090807383927,0.0035427932127540555,0.003729256013425322,0.0033563304120827896,0.0031698676114115232,0.0031698676114115232,0.002610479209397725,0.002237553608055193,0.0031698676114115232,0.003729256013425322,0.0027969420100689914,0.0029834048107402573,0.0027969420100689914,0.0031698676114115232,0.0029834048107402573,0.002237553608055193,0.0029834048107402573,0.002424016408726459,0.003729256013425322,0.0029834048107402573,0.002610479209397725,0.0035427932127540555,0.0035427932127540555,0.0029834048107402573,0.002424016408726459,0.0033563304120827896,0.0031698676114115232,0.002424016408726459,0.003729256013425322,0.002051090807383927,0.0033563304120827896,0.0027969420100689914,0.002610479209397725,0.002610479209397725,0.003915718814096587,0.0031698676114115232,0.002610479209397725,0.0029834048107402573,0.00522095841879545,0.002610479209397725,0.002237553608055193,0.002610479209397725,0.0033563304120827896,0.003729256013425322,0.003729256013425322,0.003729256013425322,0.003915718814096587,4.376497
125,vimeo1,0,stream,131.202.240.150,131.202.244.5,60051,53,17,scs_str_NULL,server_name_str_NULL,0,http_content_type_NULL,http_user_agent_NULL,http_accept_language_NULL,http_server_NULL,http_code_NULL,dns_domain_name_NULL,dns_ttl_NULL,dns_num_ip_NULL,dns_domain_rank_NULL,32.0,0.0,232.0,0.0,92,1,1,32,232,32,32,232,232,2.869565217391304,0.0,0,92.0,0.0,0,92,0,0,92,92,0,0.010869565217391304,0.021739130434782608,64,63,0.0,0.0,0.0,0.0,0.0,0.0,0.0,0.0,0.0,0.0,0.0,0.0,0.0,0.0,0.0,0.0,0.0,0.0,0.0,0.0,0.0,0.0,0.0,0.0,0.0,0.0,0.0,0.0,0.0,0.0,0.0,0.0,0.0,0.0,0.0,0.0,0.0,0.0,0.0,0.0,0.0,0.0,0.0,0.0,0.0,0.0,0.0,0.0,0.0,0.0,0.0,0.0,0.0,0.0,0.0,0.0,0.0,0.0,0.0,0.0,0.0,0.0,0.0,0.0,0.0,0.0,0.0,0.0,0.0,0.0,0.0,0.0,0.0,0.0,0.0,0.0,0.0,0.0,0.0,0.0,0.0,0.0,0.0,0.0,0.0,0.0,0.0,0.0,0.0,0.0,0.0,0.0,0.0,0.0,0.0,0.0,0.0,0.0,0.0,0.0,0.0,0.0,0.0,0.0,0.0,0.0,0.0,0.0,0.0,0.0,0.0,0.0,0.0,0.0,0.0,0.0,0.0,0.0,0.0,0.0,0.0,0.0,0.0,0.0,0.0,0.0,0.0,0.0,0.0,0.0,0.0,0.0,0.0,0.0,0.0,0.0,0.0,0.0,0.0,0.0,0.0,0.0,0.0,0.0,0.0,0.0,0.0,0.0,0.0,0.0,0.0,0.0,0.0,0.0,0.0,0.0,0.0,0.0,0.0,0.0,0.0,0.0,0.0,0.0,0.0,0.0,0.0,0.0,0.0,0.0,0.0,0.0,0.0,0.0,0.0,0.0,0.0,0.0,0.0,0.0,0.0,0.0,0.0,0.0,0.0,0.0,0.0,0.0,0.0,0.0,0.0,0.0,0.0,0.0,0.0,0.0,0.0,0.0,0.0,0.0,0.0,0.0,0.0,0.0,0.0,0.0,0.0,0.0,0.0,0.0,0.0,0.0,0.0,0.0,0.0,0.0,0.0,0.0,0.0,0.0,1.0,0.0,0.0,0.0,0.0,0.0,0.0,0.0,0.0,0.0,0.0,0.0,0.0,0.0,0.0,0.0,0.0,0.0,0.0,0.0,0.0,0.0,0.0,0.0,0.0,0.0,0.0,0.0,0.0,0.0,0.0,0.0,0.0,0.0,0.0,0.0,0.0,0.0,0.0,0.0,0.0,0.0,0.0,0.0,0.0,0.0,0.0,0.0,0.0,0.0,0.0,0.0,0.0,0.0,0.0,0.0,0.0,0.0,0.0,0.0,0.0,0.0,0.0,0.0,0.0,0.0,0.0,0.0,0.0,0.0,0.0,0.0,0.0,0.0,0.0,0.0,0.0,0.0,0.0,0.0,0.0,0.0,0.0,0.0,0.0,0.0,0.0,0.0,0.0,0.0,0.0,0.0,0.0,0.0,0.0,0.0,0.0,0.0,0.0,0.0,0.0,0.0,0.0,0.0,0.0,0.0,0.0,0.0,0.0,0.0,0.0,0.0,0.0,0.0,0.0,0.0,0.0,0.0,0.0,0.0,0.0,0.0,0.0,0.0,0.0,0.0,0.0,0.0,0.0,0.0,0.0,0.0,0.0,0.0,0.0,0.0,0.0,0.0,0.0,0.0,0.0,0.0,0.0,0.0,0.0,0.0,0.0,0.0,0.0,0.0,0.0,0.0,0.0,0.0,0.0,0.0,0.0,0.0,0.0,0.0,0.0,0.0,0.0,0.0,0.0,0.0,0.0,0.0,0.0,0.0,0.0,0.0,0.0,0.0,0.0,0.0,0.0,0.0,0.0,0.0,0.23484848484848486,0.125,0.01893939393939394,0.030303030303030304,0.041666666666666664,0.003787878787878788,0.01893939393939394,0.003787878787878788,0.011363636363636364,0.0,0.003787878787878788,0.0,0.003787878787878788,0.007575757575757576,0.0,0.0,0.0,0.003787878787878788,0.0,0.0,0.0,0.0,0.0,0.003787878787878788,0.0,0.003787878787878788,0.0,0.0,0.0,0.0,0.003787878787878788,0.0,0.0,0.0,0.0,0.0,0.0,0.0,0.0,0.0,0.003787878787878788,0.0,0.015151515151515152,0.0,0.01893939393939394,0.003787878787878788,0.0,0.0,0.003787878787878788,0.003787878787878788,0.003787878787878788,0.003787878787878788,0.007575757575757576,0.0,0.0,0.0,0.0,0.015151515151515152,0.0,0.0,0.0,0.0,0.0,0.0,0.003787878787878788,0.0,0.0,0.0,0.015151515151515152,0.0,0.003787878787878788,0.003787878787878788,0.0,0.0,0.0,0.0,0.0,0.0,0.007575757575757576,0.0,0.0,0.0,0.0,0.0,0.0,0.0,0.0,0.0,0.0,0.0,0.0,0.0,0.0,0.0,0.0,0.0,0.0,0.011363636363636364,0.007575757575757576,0.03409090909090909,0.011363636363636364,0.026515151515151516,0.003787878787878788,0.003787878787878788,0.0,0.015151515151515152,0.0,0.0,0.015151515151515152,0.015151515151515152,0.030303030303030304,0.01893939393939394,0.003787878787878788,0.0,0.0,0.026515151515151516,0.011363636363636364,0.0,0.007575757575757576,0.0,0.0,0.007575757575757576,0.0,0.0,0.0,0.0,0.003787878787878788,0.0,0.003787878787878788,0.003787878787878788,0.0,0.0,0.0,0.0,0.0,0.0,0.0,0.0,0.0,0.0,0.0,0.0,0.0,0.003787878787878788,0.003787878787878788,0.0,0.0,0.0,0.0,0.0,0.0,0.0,0.0,0.0,0.0,0.0,0.0,0.0,0.0,0.0,0.0,0.0,0.003787878787878788,0.0,0.0,0.0,0.0,0.0,0.0,0.0,0.0,0.0,0.0,0.0,0.0,0.0,0.0,0.0,0.0,0.0,0.0,0.0,0.0,0.0,0.0,0.0,0.0,0.0,0.0,0.0,0.0,0.0,0.05303030303030303,0.0,0.0,0.0,0.0,0.007575757575757576,0.0,0.0,0.0,0.0,0.0,0.0,0.007575757575757576,0.0,0.0,0.0,0.007575757575757576,0.0,0.0,0.0,0.0,0.0,0.0,0.0,0.0,0.0,0.0,0.0,0.0,0.0,0.0,0.0,0.0,0.0,0.0,0.0,0.0,0.0,0.0,0.0,0.0,0.0,0.0,0.003787878787878788,0.0,0.0,0.0,0.0,0.0,0.0,0.0,0.0,0.0,0.0,0.0,0.0,0.007575757575757576,0.0,0.003787878787878788,0.003787878787878788,0.0,0.0,0.0,0.0,4.725182
126,vimeo1,0,stream,131.202.240.150,23.235.40.143,54294,443,6,c02f,001100000e692e76696d656f63646e2e636f6d,528,http_content_type_NULL,http_user_agent_NULL,http_accept_language_NULL,http_server_NULL,http_code_NULL,i.vimeocdn.com,1800,1,dns_domain_rank_NULL,280.3333333333333,163.12844291811558,1066.0,390.1636408824721,193,3,6,841,6396,506,126,1420,274,37.49740932642487,16.0,21.924111536540465,24.166666666666668,23.884560331356788,48,145,47,0,51,0,0.0625,0.041379310344827586,0.046632124352331605,64,52,0.0,0.0,0.0,0.0,0.0,0.0,0.0,0.0,0.0,0.0,0.0,0.0,0.0,0.0,0.0,0.0,0.0,0.125,0.0,0.0,0.0,0.0,0.0,0.0,0.0,0.0,0.0,0.0,0.0,0.0,0.0,0.0,0.0,0.0,0.0,0.0,0.0,0.0,0.0,0.0,0.0,0.0,0.0,0.0,0.0,0.0,0.0,0.0,0.0,0.0,0.0,0.0,0.0,0.0,0.0,0.0,0.0,0.0,0.0,0.0,0.0,0.0,0.0,0.0,0.0,0.0,0.0,0.0,0.0,0.0,0.0,0.125,0.0,0.0,0.0,0.0,0.0,0.0,0.0,0.0,0.0,0.0,0.0,0.0,0.0,0.0,0.0,0.0,0.0,0.0,0.0,0.0,0.0,0.0,0.0,0.0,0.0,0.0,0.0,0.0,0.0,0.0,0.0,0.0,0.0,0.0,0.0,0.0,0.0,0.0,0.0,0.0,0.0,0.0,0.0,0.0,0.0,0.0,0.0,0.0,0.0,0.0,0.0,0.0,0.0,0.0,0.0,0.0,0.0,0.0,0.0,0.0,0.0,0.0,0.0,0.0,0.0,0.0,0.0,0.0,0.0,0.0,0.0,0.0,0.0,0.0,0.0,0.0,0.0,0.0,0.0,0.0,0.0,0.0,0.0,0.0,0.0,0.0,0.0,0.0,0.0,0.0,0.0,0.0,0.0,0.0,0.0,0.0,0.0,0.0,0.0,0.0,0.0,0.0,0.0,0.0,0.0,0.0,0.0,0.0,0.0,0.0,0.0,0.0,0.0,0.0,0.0,0.0,0.0,0.0,0.0,0.0,0.0,0.0,0.0,0.0,0.0,0.0,0.0,0.0,0.0,0.0,0.0,0.0,0.0,0.0,0.0,0.0,0.0,0.0,0.0,0.0,0.0,0.0,0.0,0.0,0.0,0.0,0.0,0.0,0.125,0.0,0.0,0.0,0.0,0.0,0.0,0.0,0.0,0.0,0.0,0.0,0.0,0.0,0.0,0.0,0.0,0.0,0.0,0.0,0.0,0.0,0.0,0.0,0.0,0.0,0.0,0.0,0.0,0.0,0.0,0.0,0.0,0.0,0.0,0.0,0.0,0.0,0.0,0.0,0.0,0.0,0.0,0.0,0.0,0.0,0.0,0.0,0.0,0.0,0.0,0.0,0.0,0.0,0.0,0.0,0.0,0.0,0.0,0.0,0.0,0.0,0.0,0.0,0.0,0.0,0.0,0.0,0.0,0.0,0.0,0.0,0.0,0.0,0.0,0.0,0.0,0.0,0.0,0.0,0.0,0.0,0.0,0.0,0.0,0.0,0.0,0.0,0.0,0.0,0.0,0.0,0.0,0.0,0.0,0.0,0.0,0.0,0.0,0.0,0.0,0.0,0.0,0.125,0.0,0.0,0.0,0.0,0.0,0.0,0.0,0.0,0.0,0.0,0.0,0.0,0.0,0.0,0.0,0.0,0.0,0.0,0.0,0.0,0.0,0.0,0.0,0.0,0.0,0.0,0.0,0.0,0.0,0.0,0.0,0.0,0.0,0.0,0.0,0.125,0.0,0.125,0.0,0.0,0.0,0.0,0.0,0.0,0.0,0.0,0.0,0.0,0.0,0.0,0.0,0.0,0.0,0.0,0.125,0.0,0.0,0.0,0.0,0.0,0.0,0.0,0.0,0.0,0.0,0.0,0.0,0.0,0.0,0.0,0.0,0.0,0.0,0.0,0.125,0.0,0.021417714522592234,0.01727235042144535,0.007738012988807517,0.014923310764128783,0.01036341025286721,0.00842890700566533,0.013126986320298467,0.004007185297775322,0.005250794528119386,0.0030399336741743816,0.0046980793146331355,0.005665330938234075,0.004283542904518447,0.005527152134862512,0.004145364101146884,0.0045599005112615726,0.004145364101146884,0.0024872184606881302,0.0038690064944037583,0.005112615724747823,0.00442172170789001,0.002901754870802819,0.0049744369213762605,0.003730827691032196,0.0030399336741743816,0.003592648887660633,0.002210860853945005,0.002625397264059693,0.0019345032472018792,0.005112615724747823,0.002625397264059693,0.0023490396573165677,0.004145364101146884,0.001381788033715628,0.0016581456404587537,0.0023490396573165677,0.002901754870802819,0.002625397264059693,0.0031781124775459445,0.0019345032472018792,0.0024872184606881302,0.002210860853945005,0.008152549398922205,0.004283542904518447,0.002072682050573442,0.005665330938234075,0.03357744921928976,0.006356224955091889,0.021832250932706923,0.007738012988807517,0.006079867348348763,0.004007185297775322,0.004007185297775322,0.00345447008428907,0.0024872184606881302,0.0019345032472018792,0.0019345032472018792,0.0023490396573165677,0.0024872184606881302,0.002072682050573442,0.0031781124775459445,0.002072682050573442,0.002625397264059693,0.0011054304269725024,0.002625397264059693,0.00442172170789001,0.002763576067431256,0.004145364101146884,0.0038690064944037583,0.002625397264059693,0.002210860853945005,0.0019345032472018792,0.004145364101146884,0.0023490396573165677,0.002072682050573442,0.001381788033715628,0.0005527152134862512,0.0017963244438303164,0.0023490396573165677,0.002763576067431256,0.002901754870802819,0.002625397264059693,0.002072682050573442,0.0031781124775459445,0.001381788033715628,0.006356224955091889,0.001381788033715628,0.0019345032472018792,0.0016581456404587537,0.002210860853945005,0.002763576067431256,0.0012436092303440651,0.002072682050573442,0.0023490396573165677,0.002625397264059693,0.002210860853945005,0.002210860853945005,0.015890562387729724,0.00690894016857814,0.023628575376537238,0.009257979825894708,0.02114135691584911,0.005112615724747823,0.01133066187646815,0.00981069503938096,0.01685781401133066,0.002625397264059693,0.0024872184606881302,0.009948873842752521,0.015476025977615033,0.012712449910183778,0.02210860853945005,0.00981069503938096,0.002763576067431256,0.016166919994472846,0.015614204780986596,0.019483211275390357,0.007738012988807517,0.005527152134862512,0.011607019483211276,0.0033162912809175074,0.004836258118004698,0.0023490396573165677,0.0024872184606881302,0.0012436092303440651,0.0015199668370871908,0.0011054304269725024,0.002210860853945005,0.0017963244438303164,0.0024872184606881302,0.01865413845516098,0.0024872184606881302,0.0019345032472018792,0.0023490396573165677,0.0049744369213762605,0.001381788033715628,0.0015199668370871908,0.0016581456404587537,0.0024872184606881302,0.0024872184606881302,0.0017963244438303164,0.002072682050573442,0.0019345032472018792,0.0019345032472018792,0.002625397264059693,0.0019345032472018792,0.002210860853945005,0.0012436092303440651,0.001381788033715628,0.0016581456404587537,0.0016581456404587537,0.002210860853945005,0.0023490396573165677,0.002210860853945005,0.0019345032472018792,0.002072682050573442,0.002763576067431256,0.0017963244438303164,0.002625397264059693,0.0024872184606881302,0.0033162912809175074,0.0017963244438303164,0.002625397264059693,0.002210860853945005,0.002210860853945005,0.002210860853945005,0.0024872184606881302,0.002210860853945005,0.001381788033715628,0.001381788033715628,0.0023490396573165677,0.001381788033715628,0.002072682050573442,0.0011054304269725024,0.0016581456404587537,0.002210860853945005,0.0017963244438303164,0.0017963244438303164,0.0012436092303440651,0.0024872184606881302,0.002901754870802819,0.002210860853945005,0.001381788033715628,0.0009672516236009396,0.0015199668370871908,0.001381788033715628,0.0015199668370871908,0.002210860853945005,0.0017963244438303164,0.002763576067431256,0.00041453641011468843,0.002210860853945005,0.003730827691032196,0.002210860853945005,0.003592648887660633,0.0023490396573165677,0.002072682050573442,0.0009672516236009396,0.0019345032472018792,0.0023490396573165677,0.002625397264059693,0.0015199668370871908,0.0015199668370871908,0.0016581456404587537,0.002763576067431256,0.002901754870802819,0.001381788033715628,0.002763576067431256,0.002210860853945005,0.0009672516236009396,0.002625397264059693,0.002210860853945005,0.002625397264059693,0.002210860853945005,0.002210860853945005,0.002625397264059693,0.002625397264059693,0.0030399336741743816,0.002763576067431256,0.0012436092303440651,0.0017963244438303164,0.001381788033715628,0.0015199668370871908,0.002210860853945005,0.002210860853945005,0.002072682050573442,0.0012436092303440651,0.0024872184606881302,0.0016581456404587537,0.0016581456404587537,0.0016581456404587537,0.00041453641011468843,0.001381788033715628,0.0005527152134862512,0.0023490396573165677,0.002625397264059693,0.0030399336741743816,0.002901754870802819,0.002072682050573442,0.0030399336741743816,0.002625397264059693,0.0012436092303440651,0.0016581456404587537,0.0019345032472018792,0.002625397264059693,0.0033162912809175074,0.002210860853945005,0.0023490396573165677,0.0023490396573165677,0.002072682050573442,0.0011054304269725024,0.001381788033715628,0.0009672516236009396,0.0019345032472018792,0.0008290728202293769,0.002901754870802819,7.403616
127,vimeo1,0,stream,131.202.240.150,131.202.244.5,18759,53,17,scs_str_NULL,server_name_str_NULL,0,http_content_type_NULL,http_user_agent_NULL,http_accept_language_NULL,http_server_NULL,http_code_NULL,dns_domain_name_NULL,dns_ttl_NULL,dns_num_ip_NULL,dns_domain_rank_NULL,40.0,0.0,419.0,0.0,195,1,1,40,419,40,40,419,419,2.353846153846154,0.0,0,195.0,0.0,0,195,0,0,195,195,0,0.005128205128205128,0.010256410256410256,64,63,0.0,0.0,0.0,0.0,0.0,0.0,0.0,0.0,0.0,0.0,0.0,0.0,0.0,0.0,0.0,0.0,0.0,0.0,0.0,0.0,0.0,0.0,0.0,0.0,0.0,0.0,0.0,0.0,0.0,0.0,0.0,0.0,0.0,0.0,0.0,0.0,0.0,0.0,0.0,0.0,0.0,0.0,0.0,0.0,0.0,0.0,0.0,0.0,0.0,0.0,0.0,0.0,0.0,0.0,0.0,0.0,0.0,0.0,0.0,0.0,0.0,0.0,0.0,0.0,0.0,0.0,0.0,0.0,0.0,0.0,0.0,0.0,0.0,0.0,0.0,0.0,0.0,0.0,0.0,0.0,0.0,0.0,0.0,0.0,0.0,0.0,0.0,0.0,0.0,0.0,0.0,0.0,0.0,0.0,0.0,0.0,0.0,0.0,0.0,0.0,0.0,0.0,0.0,0.0,0.0,0.0,0.0,0.0,0.0,0.0,0.0,0.0,0.0,0.0,0.0,0.0,0.0,0.0,0.0,0.0,0.0,0.0,0.0,0.0,0.0,0.0,0.0,0.0,0.0,0.0,0.0,0.0,0.0,0.0,0.0,0.0,0.0,0.0,0.0,0.0,0.0,0.0,0.0,0.0,0.0,0.0,0.0,0.0,0.0,0.0,0.0,0.0,0.0,0.0,0.0,0.0,0.0,0.0,0.0,0.0,0.0,0.0,0.0,0.0,0.0,0.0,0.0,0.0,0.0,0.0,0.0,0.0,0.0,0.0,0.0,0.0,0.0,0.0,0.0,0.0,0.0,0.0,0.0,0.0,0.0,0.0,0.0,0.0,0.0,0.0,0.0,0.0,0.0,0.0,0.0,0.0,0.0,0.0,0.0,0.0,0.0,0.0,0.0,0.0,0.0,0.0,0.0,0.0,0.0,0.0,0.0,0.0,0.0,0.0,0.0,0.0,0.0,0.0,0.0,0.0,0.0,0.0,0.0,0.0,0.0,0.0,0.0,0.0,0.0,0.0,0.0,0.0,0.0,0.0,0.0,0.0,0.0,0.0,0.0,0.0,1.0,0.0,0.0,0.0,0.0,0.0,0.0,0.0,0.0,0.0,0.0,0.0,0.0,0.0,0.0,0.0,0.0,0.0,0.0,0.0,0.0,0.0,0.0,0.0,0.0,0.0,0.0,0.0,0.0,0.0,0.0,0.0,0.0,0.0,0.0,0.0,0.0,0.0,0.0,0.0,0.0,0.0,0.0,0.0,0.0,0.0,0.0,0.0,0.0,0.0,0.0,0.0,0.0,0.0,0.0,0.0,0.0,0.0,0.0,0.0,0.0,0.0,0.0,0.0,0.0,0.0,0.0,0.0,0.0,0.0,0.0,0.0,0.0,0.0,0.0,0.0,0.0,0.0,0.0,0.0,0.0,0.0,0.0,0.0,0.0,0.0,0.0,0.0,0.0,0.0,0.0,0.0,0.0,0.0,0.0,0.0,0.0,0.0,0.0,0.0,0.0,0.0,0.0,0.0,0.0,0.0,0.0,0.0,0.0,0.0,0.0,0.0,0.0,0.0,0.0,0.0,0.0,0.0,0.0,0.0,0.0,0.0,0.0,0.0,0.0,0.0,0.0,0.0,0.0,0.0,0.0,0.0,0.0,0.0,0.0,0.0,0.0,0.0,0.0,0.0,0.0,0.0,0.0,0.0,0.0,0.0,0.0,0.0,0.0,0.0,0.0,0.0,0.0,0.0,0.0,0.0,0.0,0.0,0.0,0.0,0.26143790849673204,0.08496732026143791,0.0196078431372549,0.026143790849673203,0.026143790849673203,0.004357298474945534,0.0196078431372549,0.0,0.010893246187363835,0.008714596949891068,0.004357298474945534,0.026143790849673203,0.002178649237472767,0.0,0.0,0.0,0.002178649237472767,0.0,0.0,0.0,0.004357298474945534,0.0,0.0,0.0,0.0,0.004357298474945534,0.0,0.0,0.0,0.002178649237472767,0.0,0.004357298474945534,0.0,0.0,0.0,0.004357298474945534,0.0,0.0,0.0,0.0,0.0,0.002178649237472767,0.0,0.0,0.002178649237472767,0.006535947712418301,0.0,0.0,0.004357298474945534,0.002178649237472767,0.002178649237472767,0.002178649237472767,0.004357298474945534,0.002178649237472767,0.002178649237472767,0.002178649237472767,0.004357298474945534,0.0,0.0,0.0,0.0,0.0,0.0,0.0,0.0,0.0,0.0,0.0,0.004357298474945534,0.0,0.0,0.0,0.0,0.0,0.0,0.0,0.0,0.0,0.002178649237472767,0.0,0.0,0.002178649237472767,0.0,0.0,0.002178649237472767,0.0,0.002178649237472767,0.0,0.002178649237472767,0.0,0.0,0.0,0.0,0.006535947712418301,0.0,0.0,0.002178649237472767,0.05010893246187364,0.0,0.004357298474945534,0.008714596949891068,0.0196078431372549,0.0,0.02178649237472767,0.023965141612200435,0.017429193899782137,0.017429193899782137,0.008714596949891068,0.0,0.015250544662309368,0.023965141612200435,0.008714596949891068,0.0,0.0,0.0,0.002178649237472767,0.008714596949891068,0.002178649237472767,0.013071895424836602,0.0,0.0,0.0,0.0,0.0,0.0,0.0,0.0,0.0,0.002178649237472767,0.002178649237472767,0.002178649237472767,0.0,0.0,0.0,0.0,0.0,0.0,0.0,0.0,0.0,0.0,0.0,0.0,0.0,0.0,0.0,0.0,0.0,0.004357298474945534,0.023965141612200435,0.0,0.0,0.0,0.0,0.0,0.0,0.0,0.004357298474945534,0.0,0.002178649237472767,0.0,0.004357298474945534,0.0,0.0,0.008714596949891068,0.0,0.0,0.0,0.0,0.0,0.0,0.0,0.0,0.0,0.0,0.0,0.0,0.002178649237472767,0.0,0.0,0.0,0.0,0.0,0.0,0.0,0.0,0.0,0.0,0.0,0.0,0.0,0.0,0.06100217864923747,0.006535947712418301,0.0,0.002178649237472767,0.002178649237472767,0.0,0.008714596949891068,0.0,0.0,0.0,0.004357298474945534,0.004357298474945534,0.0,0.004357298474945534,0.0,0.0,0.0,0.004357298474945534,0.0,0.0,0.0,0.002178649237472767,0.0,0.0,0.004357298474945534,0.0,0.0,0.0,0.004357298474945534,0.002178649237472767,0.0,0.0,0.0,0.0,0.0,0.0,0.0,0.0,0.0,0.006535947712418301,0.0,0.0,0.0,0.0,0.0,0.0,0.0,0.0,0.0,0.0,0.0,0.0,0.0,0.0,0.0,0.0,0.0,0.002178649237472767,0.0,0.0,0.0,0.0,0.0,0.0,4.821824
128,vimeo1,0,stream,131.202.240.150,209.148.205.41,34203,443,6,0005,0019000016617676696d656f2d612e616b616d616968642e6e6574,0,http_content_type_NULL,http_user_agent_NULL,http_accept_language_NULL,http_server_NULL,http_code_NULL,avvimeo-a.akamaihd.net,300,2,dns_domain_rank_NULL,431.6666666666667,285.6866970807162,2123.62,1806.2964196388145,113,3,50,1295,106181,731,47,9366,126,951.1150442477876,7.333333333333333,10.370899457402697,1.82,6.211891821337524,22,91,22,0,27,0,0.13636363636363635,0.5494505494505495,0.4690265486725664,64,53,0.0,0.0,0.0,0.0,0.0,0.0,0.0,0.0,0.0,0.0,0.024390243902439025,0.0,0.0,0.0,0.0,0.0,0.0,0.0,0.0,0.0,0.0,0.0,0.0,0.0,0.0,0.0,0.0,0.0,0.0,0.0,0.0,0.0,0.0,0.0,0.0,0.0,0.0,0.0,0.0,0.0,0.0,0.0,0.0,0.0,0.0,0.0,0.0,0.0,0.0,0.0,0.0,0.0,0.0,0.0,0.0,0.0,0.0,0.0,0.0,0.0,0.0,0.0,0.0,0.0,0.0,0.0,0.0,0.0,0.0,0.0,0.0,0.0,0.0,0.0,0.0,0.0,0.0,0.0,0.0,0.0,0.024390243902439025,0.0,0.0,0.0,0.0,0.0,0.0,0.0,0.0,0.0,0.0,0.0,0.0,0.0,0.0,0.0,0.0,0.0,0.0,0.0,0.0,0.0,0.0,0.0,0.0,0.0,0.0,0.0,0.0,0.0,0.0,0.0,0.0,0.0,0.0,0.0,0.0,0.0,0.0,0.0,0.0,0.0,0.0,0.0,0.0,0.0,0.0,0.0,0.0,0.0,0.0,0.0,0.0,0.0,0.0,0.0,0.0,0.0,0.0,0.0,0.0,0.0,0.0,0.0,0.0,0.0,0.0,0.0,0.0,0.0,0.0,0.0,0.0,0.0,0.0,0.0,0.0,0.0,0.0,0.0,0.0,0.0,0.0,0.0,0.0,0.0,0.0,0.0,0.0,0.0,0.0,0.0,0.0,0.0,0.0,0.0,0.0,0.0,0.0,0.0,0.0,0.0,0.0,0.0,0.0,0.0,0.0,0.0,0.0,0.0,0.0,0.0,0.0,0.0,0.0,0.0,0.0,0.0,0.0,0.0,0.0,0.0,0.0,0.024390243902439025,0.0,0.0,0.0,0.0,0.0,0.0,0.0,0.0,0.0,0.0,0.0,0.0,0.0,0.0,0.0,0.0,0.0,0.0,0.0,0.0,0.0,0.0,0.0,0.0,0.0,0.0,0.0,0.0,0.0,0.0,0.0,0.0,0.0,0.0,0.0,0.0,0.0,0.0,0.0,0.0,0.0,0.0,0.0,0.0,0.0,0.0,0.0,0.0,0.0,0.0,0.0,0.0,0.0,0.0,0.024390243902439025,0.0,0.0,0.0,0.0,0.0,0.0,0.0,0.0,0.0,0.0,0.0,0.0,0.0,0.0,0.0,0.0,0.0,0.0,0.0,0.0,0.0,0.0,0.0,0.0,0.0,0.0,0.0,0.0,0.0,0.0,0.0,0.0,0.0,0.0,0.0,0.0,0.0,0.0,0.0,0.0,0.0,0.0,0.0,0.0,0.0,0.0,0.0,0.0,0.0,0.0,0.0,0.0,0.0,0.0,0.0,0.0,0.0,0.0,0.0,0.0,0.0,0.0,0.0,0.0,0.0,0.0,0.0,0.0,0.0,0.0,0.0,0.0,0.0,0.0,0.0,0.0,0.0,0.0,0.0,0.0,0.0,0.0,0.0,0.0,0.0,0.0,0.0,0.0,0.0,0.0,0.0,0.0,0.0,0.0,0.0,0.0,0.0,0.0,0.0,0.0,0.0,0.0,0.0,0.0,0.0,0.024390243902439025,0.0,0.0,0.0,0.0,0.0,0.0,0.0,0.024390243902439025,0.0,0.0,0.0,0.0,0.0,0.8536585365853658,0.0,0.0,0.0,0.0,0.0,0.0,0.0,0.0,0.0,0.0,0.0,0.0,0.0,0.0,0.0,0.0,0.0,0.0,0.0,0.0,0.0,0.00390625,0.00390625,0.00390625,0.004037081339712919,0.00390625,0.00388755980861244,0.00390625,0.00390625,0.00390625,0.00388755980861244,0.00390625,0.00390625,0.00390625,0.00390625,0.00390625,0.0039249401913875595,0.00388755980861244,0.00390625,0.00390625,0.00390625,0.00398101076555024,0.00388755980861244,0.00390625,0.00398101076555024,0.00390625,0.00388755980861244,0.00390625,0.00390625,0.0039249401913875595,0.00390625,0.00390625,0.00390625,0.00390625,0.00390625,0.00390625,0.00390625,0.00390625,0.00390625,0.00390625,0.00390625,0.00390625,0.00388755980861244,0.00390625,0.00390625,0.00390625,0.00390625,0.00390625,0.00388755980861244,0.00390625,0.00390625,0.00390625,0.00388755980861244,0.00390625,0.00390625,0.00390625,0.00388755980861244,0.00390625,0.00390625,0.00390625,0.00390625,0.00390625,0.00390625,0.00390625,0.00388755980861244,0.003962320574162679,0.00390625,0.00390625,0.00390625,0.00390625,0.00390625,0.00390625,0.00390625,0.00388755980861244,0.00390625,0.00390625,0.00390625,0.00388755980861244,0.00390625,0.00390625,0.00390625,0.00390625,0.00390625,0.0039249401913875595,0.00390625,0.00390625,0.00390625,0.00390625,0.00390625,0.00390625,0.00388755980861244,0.00390625,0.00390625,0.0039249401913875595,0.00390625,0.00388755980861244,0.00390625,0.00390625,0.00390625,0.00390625,0.00390625,0.00390625,0.00390625,0.00390625,0.00390625,0.00390625,0.00390625,0.00390625,0.00390625,0.00390625,0.00390625,0.00390625,0.00390625,0.00388755980861244,0.00390625,0.00390625,0.00390625,0.00390625,0.00390625,0.00390625,0.00390625,0.00390625,0.00390625,0.00388755980861244,0.00390625,0.00388755980861244,0.00390625,0.00390625,0.00390625,0.00390625,0.00390625,0.00390625,0.00390625,0.00390625,0.00390625,0.00390625,0.00390625,0.00390625,0.00388755980861244,0.00390625,0.00390625,0.00390625,0.00390625,0.00390625,0.00388755980861244,0.00390625,0.00390625,0.00390625,0.00390625,0.00390625,0.00390625,0.00390625,0.00390625,0.00390625,0.00390625,0.00390625,0.00390625,0.00390625,0.00390625,0.00390625,0.00390625,0.00390625,0.00390625,0.00390625,0.00390625,0.00390625,0.00388755980861244,0.00390625,0.00390625,0.00388755980861244,0.00390625,0.00390625,0.00390625,0.00390625,0.00390625,0.00390625,0.00390625,0.00390625,0.00390625,0.00390625,0.00390625,0.00390625,0.00390625,0.00390625,0.00390625,0.00390625,0.00390625,0.00390625,0.00390625,0.00390625,0.0039249401913875595,0.00390625,0.00390625,0.00390625,0.00390625,0.0039249401913875595,0.00390625,0.00390625,0.00390625,0.00390625,0.00388755980861244,0.00390625,0.00390625,0.00390625,0.00390625,0.00390625,0.00390625,0.00390625,0.00390625,0.00390625,0.00390625,0.00390625,0.00390625,0.00390625,0.0039249401913875595,0.00390625,0.00390625,0.00390625,0.00390625,0.00390625,0.00390625,0.00390625,0.00390625,0.00390625,0.00390625,0.00390625,0.00390625,0.00390625,0.00390625,0.00388755980861244,0.00390625,0.00388755980861244,0.00390625,0.00390625,0.00390625,0.00390625,0.00388755980861244,0.00390625,0.00390625,0.00390625,0.00390625,0.00390625,0.00390625,0.00390625,0.00390625,0.00390625,0.00390625,0.00390625,0.00390625,0.00390625,0.00390625,0.00390625,0.00390625,0.00390625,0.00390625,0.00390625,0.00390625,0.009259
129,vimeo1,0,stream,131.202.240.150,131.202.244.5,18811,53,17,scs_str_NULL,server_name_str_NULL,0,http_content_type_NULL,http_user_agent_NULL,http_accept_language_NULL,http_server_NULL,http_code_NULL,dns_domain_name_NULL,dns_ttl_NULL,dns_num_ip_NULL,dns_domain_rank_NULL,37.0,0.0,213.0,0.0,39,1,1,37,213,37,37,213,213,6.410256410256411,0.0,0,39.0,0.0,0,39,0,0,39,39,0,0.02564102564102564,0.05128205128205128,64,63,0.0,0.0,0.0,0.0,0.0,0.0,0.0,0.0,0.0,0.0,0.0,0.0,0.0,0.0,0.0,0.0,0.0,0.0,0.0,0.0,0.0,0.0,0.0,0.0,0.0,0.0,0.0,0.0,0.0,0.0,0.0,0.0,0.0,0.0,0.0,0.0,0.0,0.0,0.0,0.0,0.0,0.0,0.0,0.0,0.0,0.0,0.0,0.0,0.0,0.0,0.0,0.0,0.0,0.0,0.0,0.0,0.0,0.0,0.0,0.0,0.0,0.0,0.0,0.0,0.0,0.0,0.0,0.0,0.0,0.0,0.0,0.0,0.0,0.0,0.0,0.0,0.0,0.0,0.0,0.0,0.0,0.0,0.0,0.0,0.0,0.0,0.0,0.0,0.0,0.0,0.0,0.0,0.0,0.0,0.0,0.0,0.0,0.0,0.0,0.0,0.0,0.0,0.0,0.0,0.0,0.0,0.0,0.0,0.0,0.0,0.0,0.0,0.0,0.0,0.0,0.0,0.0,0.0,0.0,0.0,0.0,0.0,0.0,0.0,0.0,0.0,0.0,0.0,0.0,0.0,0.0,0.0,0.0,0.0,0.0,0.0,0.0,0.0,0.0,0.0,0.0,0.0,0.0,0.0,0.0,0.0,0.0,0.0,0.0,0.0,0.0,0.0,0.0,0.0,0.0,0.0,0.0,0.0,0.0,0.0,0.0,0.0,0.0,0.0,0.0,0.0,0.0,0.0,0.0,0.0,0.0,0.0,0.0,0.0,0.0,0.0,0.0,0.0,0.0,0.0,0.0,0.0,0.0,0.0,0.0,0.0,0.0,0.0,0.0,0.0,0.0,0.0,0.0,0.0,0.0,0.0,0.0,0.0,0.0,0.0,0.0,0.0,0.0,0.0,0.0,0.0,0.0,0.0,0.0,0.0,0.0,0.0,0.0,0.0,0.0,0.0,0.0,0.0,0.0,0.0,1.0,0.0,0.0,0.0,0.0,0.0,0.0,0.0,0.0,0.0,0.0,0.0,0.0,0.0,0.0,0.0,0.0,0.0,0.0,0.0,0.0,0.0,0.0,0.0,0.0,0.0,0.0,0.0,0.0,0.0,0.0,0.0,0.0,0.0,0.0,0.0,0.0,0.0,0.0,0.0,0.0,0.0,0.0,0.0,0.0,0.0,0.0,0.0,0.0,0.0,0.0,0.0,0.0,0.0,0.0,0.0,0.0,0.0,0.0,0.0,0.0,0.0,0.0,0.0,0.0,0.0,0.0,0.0,0.0,0.0,0.0,0.0,0.0,0.0,0.0,0.0,0.0,0.0,0.0,0.0,0.0,0.0,0.0,0.0,0.0,0.0,0.0,0.0,0.0,0.0,0.0,0.0,0.0,0.0,0.0,0.0,0.0,0.0,0.0,0.0,0.0,0.0,0.0,0.0,0.0,0.0,0.0,0.0,0.0,0.0,0.0,0.0,0.0,0.0,0.0,0.0,0.0,0.0,0.0,0.0,0.0,0.0,0.0,0.0,0.0,0.0,0.0,0.0,0.0,0.0,0.0,0.0,0.0,0.0,0.0,0.0,0.0,0.0,0.0,0.0,0.0,0.0,0.0,0.0,0.0,0.0,0.0,0.0,0.0,0.0,0.0,0.0,0.0,0.0,0.0,0.0,0.0,0.0,0.0,0.0,0.0,0.0,0.0,0.0,0.0,0.0,0.0,0.0,0.0,0.0,0.0,0.0,0.0,0.0,0.0,0.0,0.0,0.0,0.0,0.0,0.24,0.1,0.036,0.024,0.044,0.004,0.024,0.004,0.008,0.0,0.016,0.0,0.008,0.0,0.0,0.0,0.0,0.0,0.0,0.0,0.0,0.036,0.0,0.0,0.0,0.0,0.0,0.0,0.0,0.0,0.0,0.0,0.004,0.0,0.004,0.0,0.004,0.0,0.004,0.0,0.016,0.004,0.0,0.0,0.004,0.0,0.0,0.0,0.0,0.008,0.004,0.004,0.012,0.0,0.0,0.0,0.0,0.0,0.004,0.0,0.0,0.0,0.0,0.0,0.0,0.0,0.0,0.0,0.016,0.0,0.0,0.0,0.0,0.0,0.0,0.0,0.0,0.0,0.0,0.0,0.0,0.0,0.0,0.0,0.0,0.0,0.0,0.0,0.0,0.004,0.0,0.0,0.0,0.0,0.0,0.0,0.0,0.0,0.0,0.02,0.0,0.02,0.0,0.016,0.0,0.012,0.0,0.004,0.024,0.008,0.028,0.024,0.0,0.0,0.0,0.028,0.012,0.0,0.0,0.0,0.0,0.0,0.0,0.0,0.0,0.004,0.0,0.0,0.004,0.004,0.0,0.0,0.0,0.0,0.0,0.0,0.0,0.0,0.0,0.0,0.0,0.0,0.0,0.004,0.0,0.0,0.0,0.0,0.0,0.0,0.0,0.0,0.0,0.008,0.0,0.0,0.0,0.0,0.0,0.0,0.0,0.0,0.0,0.0,0.0,0.0,0.0,0.0,0.0,0.0,0.0,0.0,0.0,0.0,0.0,0.0,0.0,0.0,0.0,0.0,0.0,0.0,0.0,0.0,0.0,0.0,0.0,0.0,0.0,0.0,0.0,0.0,0.06,0.0,0.0,0.0,0.0,0.0,0.0,0.0,0.0,0.0,0.0,0.0,0.0,0.0,0.0,0.0,0.0,0.0,0.0,0.0,0.0,0.0,0.0,0.0,0.02,0.0,0.0,0.004,0.0,0.0,0.0,0.0,0.0,0.0,0.0,0.0,0.016,0.0,0.016,0.0,0.0,0.0,0.0,0.0,0.0,0.0,0.004,0.016,0.0,0.0,0.0,0.0,0.0,0.0,0.0,0.008,0.0,0.0,0.0,0.0,0.0,0.0,0.0,0.0,4.59514
130,vimeo1,0,stream,131.202.240.150,216.58.219.238,48625,443,6,c02b,0016000013636c69656e7473342e676f6f676c652e636f6d,0,http_content_type_NULL,http_user_agent_NULL,http_accept_language_NULL,http_server_NULL,http_code_NULL,clients4.google.com,300,1,dns_domain_rank_NULL,550.7916666666666,751.406346968063,537.2857142857143,546.8714607271284,429,24,21,13219,11283,2676,38,1320,38,57.11421911421911,6.5,25.2471120460671,13.0,25.592037452152592,156,273,125,0,104,0,0.15384615384615385,0.07692307692307693,0.1048951048951049,64,55,0.11904761904761904,0.0,0.0,0.0,0.0,0.0,0.0,0.0,0.0,0.0,0.11904761904761904,0.0,0.0,0.0,0.0,0.023809523809523808,0.0,0.0,0.0,0.0,0.023809523809523808,0.023809523809523808,0.023809523809523808,0.0,0.0,0.0,0.0,0.0,0.0,0.0,0.0,0.0,0.0,0.0,0.0,0.0,0.0,0.0,0.0,0.0,0.023809523809523808,0.0,0.0,0.0,0.0,0.0,0.0,0.0,0.0,0.0,0.0,0.0,0.0,0.0,0.0,0.0,0.0,0.0,0.0,0.0,0.0,0.0,0.0,0.0,0.0,0.0,0.0,0.0,0.0,0.0,0.0,0.0,0.0,0.0,0.0,0.0,0.0,0.0,0.0,0.0,0.0,0.0,0.0,0.0,0.0,0.0,0.0,0.0,0.047619047619047616,0.0,0.0,0.0,0.0,0.0,0.0,0.0,0.0,0.0,0.0,0.0,0.047619047619047616,0.0,0.0,0.0,0.0,0.0,0.0,0.0,0.0,0.0,0.0,0.0,0.0,0.0,0.0,0.0,0.0,0.0,0.0,0.0,0.0,0.0,0.0,0.0,0.0,0.0,0.0,0.0,0.0,0.0,0.0,0.0,0.0,0.0,0.0,0.0,0.0,0.0,0.0,0.0,0.0,0.0,0.0,0.0,0.0,0.0,0.0,0.0,0.0,0.0,0.0,0.0,0.0,0.0,0.0,0.0,0.0,0.0,0.0,0.0,0.0,0.047619047619047616,0.0,0.0,0.0,0.0,0.0,0.0,0.0,0.0,0.0,0.0,0.0,0.0,0.0,0.0,0.0,0.0,0.0,0.0,0.0,0.0,0.0,0.0,0.0,0.0,0.0,0.0,0.0,0.0,0.0,0.0,0.0,0.0,0.0,0.0,0.0,0.0,0.0,0.0,0.023809523809523808,0.0,0.0,0.023809523809523808,0.047619047619047616,0.023809523809523808,0.0,0.0,0.0,0.0,0.023809523809523808,0.023809523809523808,0.0,0.023809523809523808,0.0,0.023809523809523808,0.0,0.0,0.0,0.0,0.0,0.0,0.0,0.0,0.0,0.023809523809523808,0.0,0.0,0.0,0.0,0.023809523809523808,0.023809523809523808,0.0,0.0,0.0,0.0,0.0,0.0,0.0,0.0,0.0,0.0,0.0,0.0,0.0,0.0,0.0,0.0,0.0,0.0,0.0,0.0,0.0,0.0,0.0,0.0,0.0,0.0,0.0,0.0,0.0,0.0,0.0,0.0,0.0,0.0,0.0,0.0,0.0,0.0,0.023809523809523808,0.0,0.0,0.0,0.0,0.0,0.0,0.0,0.0,0.0,0.0,0.0,0.0,0.0,0.0,0.0,0.0,0.0,0.0,0.0,0.0,0.0,0.0,0.0,0.0,0.0,0.0,0.0,0.0,0.0,0.0,0.0,0.0,0.0,0.0,0.0,0.0,0.0,0.0,0.0,0.0,0.0,0.0,0.0,0.0,0.0,0.0,0.0,0.047619047619047616,0.0,0.0,0.0,0.0,0.0,0.0,0.0,0.0,0.0,0.0,0.0,0.0,0.0,0.0,0.0,0.0,0.0,0.0,0.0,0.0,0.0,0.0,0.0,0.0,0.0,0.0,0.0,0.0,0.0,0.0,0.0,0.0,0.0,0.0,0.0,0.0,0.0,0.0,0.0,0.0,0.0,0.0,0.0,0.0,0.0,0.0,0.0,0.0,0.0,0.0,0.0,0.023809523809523808,0.023809523809523808,0.0,0.0,0.0,0.0,0.0,0.0,0.09523809523809523,0.0,0.0,0.0,0.0,0.0,0.0,0.0,0.0,0.0,0.0,0.0,0.0,0.0,0.0,0.0,0.0,0.0,0.0,0.0,0.0,0.0,0.02305905773059058,0.005142667551426675,0.004479097544790976,0.007962840079628402,0.0033178500331785005,0.003981420039814201,0.0036496350364963502,0.0033178500331785005,0.0033178500331785005,0.0048108825481088255,0.0046449900464499,0.003981420039814201,0.0034837425348374254,0.0043132050431320505,0.004479097544790976,0.0038155275381552755,0.0034837425348374254,0.0036496350364963502,0.0036496350364963502,0.003981420039814201,0.0036496350364963502,0.0043132050431320505,0.004479097544790976,0.005474452554744526,0.004147312541473125,0.003981420039814201,0.0038155275381552755,0.003981420039814201,0.0043132050431320505,0.0046449900464499,0.003981420039814201,0.0034837425348374254,0.004147312541473125,0.0038155275381552755,0.0036496350364963502,0.0036496350364963502,0.003981420039814201,0.0036496350364963502,0.0046449900464499,0.0038155275381552755,0.0043132050431320505,0.0043132050431320505,0.0038155275381552755,0.0034837425348374254,0.0034837425348374254,0.003981420039814201,0.0038155275381552755,0.004147312541473125,0.0043132050431320505,0.004147312541473125,0.0036496350364963502,0.0043132050431320505,0.0036496350364963502,0.003981420039814201,0.0038155275381552755,0.004479097544790976,0.004147312541473125,0.0036496350364963502,0.003981420039814201,0.0033178500331785005,0.0033178500331785005,0.0036496350364963502,0.0038155275381552755,0.0038155275381552755,0.004147312541473125,0.0034837425348374254,0.0036496350364963502,0.0036496350364963502,0.004147312541473125,0.003981420039814201,0.0029860650298606504,0.0034837425348374254,0.0031519575315195753,0.0046449900464499,0.003981420039814201,0.0033178500331785005,0.0033178500331785005,0.004479097544790976,0.0036496350364963502,0.0043132050431320505,0.0036496350364963502,0.0031519575315195753,0.0043132050431320505,0.0031519575315195753,0.004147312541473125,0.0036496350364963502,0.0029860650298606504,0.0043132050431320505,0.0038155275381552755,0.0034837425348374254,0.0043132050431320505,0.003981420039814201,0.0043132050431320505,0.003981420039814201,0.004479097544790976,0.0031519575315195753,0.004147312541473125,0.0033178500331785005,0.0038155275381552755,0.0031519575315195753,0.003981420039814201,0.003981420039814201,0.0036496350364963502,0.0048108825481088255,0.003981420039814201,0.003981420039814201,0.0033178500331785005,0.0036496350364963502,0.0038155275381552755,0.0031519575315195753,0.0026542800265428003,0.0036496350364963502,0.004147312541473125,0.0038155275381552755,0.0038155275381552755,0.0034837425348374254,0.0038155275381552755,0.0033178500331785005,0.0036496350364963502,0.004479097544790976,0.0034837425348374254,0.004147312541473125,0.004479097544790976,0.0038155275381552755,0.0036496350364963502,0.0036496350364963502,0.0036496350364963502,0.0033178500331785005,0.0031519575315195753,0.003981420039814201,0.003981420039814201,0.004147312541473125,0.0031519575315195753,0.004147312541473125,0.0038155275381552755,0.003981420039814201,0.0043132050431320505,0.0038155275381552755,0.0038155275381552755,0.0046449900464499,0.0038155275381552755,0.0043132050431320505,0.0034837425348374254,0.0038155275381552755,0.0036496350364963502,0.0036496350364963502,0.0043132050431320505,0.0033178500331785005,0.0036496350364963502,0.0036496350364963502,0.0036496350364963502,0.0033178500331785005,0.0034837425348374254,0.003981420039814201,0.0043132050431320505,0.0034837425348374254,0.0038155275381552755,0.0038155275381552755,0.0038155275381552755,0.0038155275381552755,0.0033178500331785005,0.0033178500331785005,0.0038155275381552755,0.0034837425348374254,0.0034837425348374254,0.003981420039814201,0.003981420039814201,0.0033178500331785005,0.0033178500331785005,0.004147312541473125,0.0033178500331785005,0.003981420039814201,0.0038155275381552755,0.0036496350364963502,0.0034837425348374254,0.0034837425348374254,0.004479097544790976,0.0034837425348374254,0.002820172528201725,0.0036496350364963502,0.0034837425348374254,0.0036496350364963502,0.0038155275381552755,0.0031519575315195753,0.0046449900464499,0.003981420039814201,0.0036496350364963502,0.0033178500331785005,0.003981420039814201,0.0033178500331785005,0.0038155275381552755,0.0038155275381552755,0.0038155275381552755,0.0038155275381552755,0.004479097544790976,0.004147312541473125,0.0038155275381552755,0.004479097544790976,0.0036496350364963502,0.0038155275381552755,0.002820172528201725,0.0038155275381552755,0.004147312541473125,0.004147312541473125,0.004147312541473125,0.0043132050431320505,0.003981420039814201,0.0036496350364963502,0.0034837425348374254,0.0043132050431320505,0.003981420039814201,0.0031519575315195753,0.0036496350364963502,0.0038155275381552755,0.0036496350364963502,0.0036496350364963502,0.0031519575315195753,0.004479097544790976,0.0036496350364963502,0.003981420039814201,0.003981420039814201,0.0034837425348374254,0.0034837425348374254,0.003981420039814201,0.0043132050431320505,0.0034837425348374254,0.004147312541473125,0.0038155275381552755,0.004147312541473125,0.0038155275381552755,0.0033178500331785005,0.003981420039814201,0.0031519575315195753,0.0038155275381552755,0.004479097544790976,0.0036496350364963502,0.0038155275381552755,0.003981420039814201,0.0029860650298606504,0.003981420039814201,0.003981420039814201,0.0034837425348374254,0.0034837425348374254,0.004479097544790976,0.003981420039814201,0.0034837425348374254,0.0034837425348374254,0.0031519575315195753,0.004479097544790976,0.0038155275381552755,0.0038155275381552755,0.0031519575315195753,0.0034837425348374254,0.0034837425348374254,0.0033178500331785005,0.0034837425348374254,2.455346
131,vimeo1,0,stream,131.202.240.150,131.202.244.5,19640,53,17,scs_str_NULL,server_name_str_NULL,0,http_content_type_NULL,http_user_agent_NULL,http_accept_language_NULL,http_server_NULL,http_code_NULL,dns_domain_name_NULL,dns_ttl_NULL,dns_num_ip_NULL,dns_domain_rank_NULL,37.0,0.0,214.0,0.0,0,1,1,37,214,37,37,214,214,0,0.0,0,0.0,0,0,0,0,0,0,0,0,0,0,64,63,0.0,0.0,0.0,0.0,0.0,0.0,0.0,0.0,0.0,0.0,0.0,0.0,0.0,0.0,0.0,0.0,0.0,0.0,0.0,0.0,0.0,0.0,0.0,0.0,0.0,0.0,0.0,0.0,0.0,0.0,0.0,0.0,0.0,0.0,0.0,0.0,0.0,0.0,0.0,0.0,0.0,0.0,0.0,0.0,0.0,0.0,0.0,0.0,0.0,0.0,0.0,0.0,0.0,0.0,0.0,0.0,0.0,0.0,0.0,0.0,0.0,0.0,0.0,0.0,0.0,0.0,0.0,0.0,0.0,0.0,0.0,0.0,0.0,0.0,0.0,0.0,0.0,0.0,0.0,0.0,0.0,0.0,0.0,0.0,0.0,0.0,0.0,0.0,0.0,0.0,0.0,0.0,0.0,0.0,0.0,0.0,0.0,0.0,0.0,0.0,0.0,0.0,0.0,0.0,0.0,0.0,0.0,0.0,0.0,0.0,0.0,0.0,0.0,0.0,0.0,0.0,0.0,0.0,0.0,0.0,0.0,0.0,0.0,0.0,0.0,0.0,0.0,0.0,0.0,0.0,0.0,0.0,0.0,0.0,0.0,0.0,0.0,0.0,0.0,0.0,0.0,0.0,0.0,0.0,0.0,0.0,0.0,0.0,0.0,0.0,0.0,0.0,0.0,0.0,0.0,0.0,0.0,0.0,0.0,0.0,0.0,0.0,0.0,0.0,0.0,0.0,0.0,0.0,0.0,0.0,0.0,0.0,0.0,0.0,0.0,0.0,0.0,0.0,0.0,0.0,0.0,0.0,0.0,0.0,0.0,0.0,0.0,0.0,0.0,0.0,0.0,0.0,0.0,0.0,0.0,0.0,0.0,0.0,0.0,0.0,0.0,0.0,0.0,0.0,0.0,0.0,0.0,0.0,0.0,0.0,0.0,0.0,0.0,0.0,0.0,0.0,0.0,0.0,0.0,0.0,1.0,0.0,0.0,0.0,0.0,0.0,0.0,0.0,0.0,0.0,0.0,0.0,0.0,0.0,0.0,0.0,0.0,0.0,0.0,0.0,0.0,0.0,0.0,0.0,0.0,0.0,0.0,0.0,0.0,0.0,0.0,0.0,0.0,0.0,0.0,0.0,0.0,0.0,0.0,0.0,0.0,0.0,0.0,0.0,0.0,0.0,0.0,0.0,0.0,0.0,0.0,0.0,0.0,0.0,0.0,0.0,0.0,0.0,0.0,0.0,0.0,0.0,0.0,0.0,0.0,0.0,0.0,0.0,0.0,0.0,0.0,0.0,0.0,0.0,0.0,0.0,0.0,0.0,0.0,0.0,0.0,0.0,0.0,0.0,0.0,0.0,0.0,0.0,0.0,0.0,0.0,0.0,0.0,0.0,0.0,0.0,0.0,0.0,0.0,0.0,0.0,0.0,0.0,0.0,0.0,0.0,0.0,0.0,0.0,0.0,0.0,0.0,0.0,0.0,0.0,0.0,0.0,0.0,0.0,0.0,0.0,0.0,0.0,0.0,0.0,0.0,0.0,0.0,0.0,0.0,0.0,0.0,0.0,0.0,0.0,0.0,0.0,0.0,0.0,0.0,0.0,0.0,0.0,0.0,0.0,0.0,0.0,0.0,0.0,0.0,0.0,0.0,0.0,0.0,0.0,0.0,0.0,0.0,0.0,0.0,0.0,0.0,0.0,0.0,0.0,0.0,0.0,0.0,0.0,0.0,0.0,0.0,0.0,0.0,0.0,0.0,0.0,0.0,0.0,0.0,0.23904382470119523,0.09163346613545817,0.035856573705179286,0.02390438247011952,0.043824701195219126,0.00398406374501992,0.02390438247011952,0.0,0.01593625498007968,0.0,0.01593625498007968,0.0,0.00398406374501992,0.00398406374501992,0.0,0.0,0.0,0.0,0.0,0.0,0.0,0.035856573705179286,0.0,0.0,0.0,0.0,0.0,0.0,0.0,0.0,0.0,0.0,0.00398406374501992,0.0,0.00398406374501992,0.0,0.00398406374501992,0.0,0.00398406374501992,0.0,0.01593625498007968,0.0,0.0,0.0,0.0,0.0,0.0,0.0,0.0,0.00796812749003984,0.01195219123505976,0.00398406374501992,0.00398406374501992,0.0,0.0,0.0,0.00398406374501992,0.0,0.00398406374501992,0.0,0.0,0.0,0.0,0.0,0.0,0.0,0.0,0.0,0.01593625498007968,0.0,0.0,0.0,0.0,0.0,0.0,0.0,0.0,0.0,0.0,0.0,0.0,0.0,0.0,0.0,0.0,0.0,0.0,0.0,0.0,0.0,0.00398406374501992,0.0,0.0,0.0,0.0,0.0,0.0,0.01195219123505976,0.0,0.03187250996015936,0.0,0.00796812749003984,0.0,0.01593625498007968,0.0,0.0,0.0,0.0,0.0199203187250996,0.00796812749003984,0.027888446215139442,0.035856573705179286,0.0,0.0,0.0,0.027888446215139442,0.01195219123505976,0.01195219123505976,0.0,0.0,0.0,0.0,0.0,0.0,0.0,0.0,0.00398406374501992,0.0,0.00398406374501992,0.00398406374501992,0.0,0.0,0.0,0.0,0.0,0.0,0.0,0.0,0.0,0.0,0.0,0.0,0.0,0.0,0.00398406374501992,0.0,0.0,0.0,0.0,0.0,0.0,0.0,0.0,0.0,0.0,0.0,0.0,0.0,0.0,0.0,0.0,0.0,0.0,0.0,0.0,0.0,0.0,0.0,0.0,0.0,0.0,0.0,0.0,0.0,0.0,0.0,0.0,0.0,0.0,0.0,0.0,0.0,0.0,0.0,0.0,0.0,0.0,0.0,0.0,0.0,0.0,0.0,0.05976095617529881,0.0,0.0,0.0,0.0,0.0,0.0,0.0,0.0,0.0,0.0,0.0,0.0,0.0,0.0,0.0,0.0,0.0,0.0,0.0,0.0,0.0,0.0,0.0,0.0199203187250996,0.0,0.0,0.00398406374501992,0.0,0.0,0.00796812749003984,0.0,0.0,0.0,0.0,0.0,0.01593625498007968,0.0,0.01593625498007968,0.0,0.0,0.0,0.0,0.0,0.00398406374501992,0.00398406374501992,0.0,0.01593625498007968,0.0,0.0,0.0,0.0,0.0,0.0,0.0,0.0,0.0,0.0,0.0,0.0,0.0,0.0,0.0,0.0,4.588031
132,vimeo1,0,stream,131.202.240.150,216.58.219.237,53214,443,6,c02f,00160000136163636f756e74732e676f6f676c652e636f6d,0,http_content_type_NULL,http_user_agent_NULL,http_accept_language_NULL,http_server_NULL,http_code_NULL,accounts.google.com,584812,1,dns_domain_rank_NULL,140.77777777777777,154.113794737509,153.875,120.34163608244654,117,9,8,1267,1231,517,38,338,38,21.35042735042735,3.4444444444444446,8.070675465482168,10.75,13.827056809024834,31,86,26,0,37,0,0.2903225806451613,0.09302325581395349,0.1452991452991453,64,55,0.1875,0.0,0.0,0.0,0.0,0.0,0.0,0.0,0.0,0.0,0.1875,0.0,0.0,0.0,0.0,0.0,0.0,0.0,0.0,0.0,0.0625,0.0625,0.0,0.0,0.0,0.0,0.0,0.0,0.0,0.0,0.0,0.0,0.0,0.0,0.0,0.0,0.0,0.0,0.0,0.0,0.0,0.0,0.0,0.0,0.0,0.0,0.0,0.0,0.0,0.0,0.0,0.0,0.0,0.0,0.0,0.0,0.0,0.0,0.0,0.0,0.0,0.0,0.0,0.0,0.0,0.0,0.0,0.0,0.0,0.0,0.0,0.0,0.0,0.0,0.0,0.0,0.0,0.0,0.0,0.0,0.0,0.0,0.0,0.0,0.0,0.0,0.0,0.0,0.0,0.0,0.0,0.0,0.0,0.0,0.0,0.0,0.0,0.0,0.0,0.0,0.0,0.0,0.0,0.0,0.0,0.0,0.0,0.0,0.0,0.0,0.0,0.0,0.0,0.0,0.0,0.0,0.0,0.0,0.0,0.0,0.0,0.0,0.0,0.0,0.0,0.0,0.0,0.0,0.0,0.0,0.0,0.0,0.0,0.0,0.0,0.0,0.0,0.0,0.0,0.0,0.0,0.0,0.0,0.0,0.0,0.0,0.0,0.0,0.0,0.0,0.0,0.0,0.0,0.0,0.0,0.0,0.0,0.0,0.0,0.0,0.0,0.0,0.0,0.0,0.0,0.0,0.0,0.0,0.0,0.0,0.0,0.0,0.0,0.0,0.0,0.0,0.0,0.0,0.0,0.0,0.0,0.0,0.0,0.0,0.0,0.0,0.0,0.0,0.0,0.0,0.0,0.0,0.0,0.0,0.0,0.0,0.0,0.0,0.0,0.0,0.0625,0.0625,0.0,0.0625,0.0,0.0,0.0,0.0,0.0,0.0,0.0625,0.0625,0.0,0.0,0.0,0.0,0.0,0.0,0.0,0.0,0.0,0.0,0.0,0.0,0.0,0.0,0.0,0.0,0.0,0.0,0.0,0.0,0.0625,0.0,0.0,0.0,0.0,0.0,0.0,0.0,0.0,0.0,0.0,0.0,0.0,0.0,0.0,0.0,0.0,0.0,0.0625,0.0,0.0625,0.0,0.0,0.0,0.0,0.0,0.0,0.0,0.0,0.0,0.0,0.0,0.0,0.0,0.0,0.0,0.0,0.0,0.0,0.0,0.0,0.0,0.0,0.0,0.0,0.0,0.0,0.0,0.0,0.0,0.0,0.0,0.0,0.0,0.0,0.0,0.0,0.0,0.0,0.0,0.0,0.0,0.0,0.0,0.0,0.0,0.0,0.0,0.0,0.0,0.0,0.0,0.0,0.0,0.0,0.0,0.0,0.0,0.0,0.0,0.0,0.0,0.0,0.0,0.0,0.0,0.0,0.0,0.0,0.0,0.0,0.0,0.0,0.0,0.0,0.0,0.0,0.0,0.0,0.0,0.0,0.0,0.0,0.0,0.0,0.0,0.0,0.0,0.0,0.0,0.0,0.0,0.0,0.0,0.0,0.0,0.0,0.0,0.0,0.0,0.0,0.0,0.0,0.0,0.0,0.0,0.0,0.0,0.0,0.0,0.0,0.0,0.0,0.0,0.0,0.0,0.0,0.0,0.0,0.0,0.0,0.0,0.0,0.0,0.0,0.0,0.0,0.0,0.0,0.0,0.0,0.0,0.0,0.0,0.0,0.0,0.0,0.0,0.0,0.0,0.0,0.0,0.0,0.0,0.0,0.0,0.0,0.0,0.12090680100755667,0.01343408900083963,0.007556675062972292,0.02518891687657431,0.006717044500419815,0.005037783375314861,0.0025188916876574307,0.005877413937867338,0.0041981528127623844,0.0041981528127623844,0.0041981528127623844,0.0033585222502099076,0.0033585222502099076,0.0025188916876574307,0.0041981528127623844,0.0016792611251049538,0.0041981528127623844,0.0033585222502099076,0.0033585222502099076,0.0025188916876574307,0.007556675062972292,0.005037783375314861,0.005037783375314861,0.009235936188077247,0.0041981528127623844,0.0041981528127623844,0.0041981528127623844,0.0016792611251049538,0.0041981528127623844,0.0033585222502099076,0.0033585222502099076,0.0041981528127623844,0.005037783375314861,0.0041981528127623844,0.0033585222502099076,0.0033585222502099076,0.0033585222502099076,0.0041981528127623844,0.0008396305625524769,0.0016792611251049538,0.005037783375314861,0.0033585222502099076,0.0025188916876574307,0.0033585222502099076,0.0025188916876574307,0.0033585222502099076,0.005037783375314861,0.0041981528127623844,0.0041981528127623844,0.005037783375314861,0.0033585222502099076,0.005037783375314861,0.005037783375314861,0.0025188916876574307,0.0008396305625524769,0.005037783375314861,0.0016792611251049538,0.0041981528127623844,0.0016792611251049538,0.0025188916876574307,0.0008396305625524769,0.0041981528127623844,0.0041981528127623844,0.0033585222502099076,0.0025188916876574307,0.0041981528127623844,0.0016792611251049538,0.0016792611251049538,0.006717044500419815,0.0033585222502099076,0.0041981528127623844,0.0033585222502099076,0.0025188916876574307,0.0033585222502099076,0.0033585222502099076,0.0025188916876574307,0.0033585222502099076,0.0033585222502099076,0.0008396305625524769,0.0025188916876574307,0.0016792611251049538,0.0025188916876574307,0.0041981528127623844,0.0041981528127623844,0.0008396305625524769,0.0025188916876574307,0.0033585222502099076,0.0033585222502099076,0.0016792611251049538,0.0016792611251049538,0.0008396305625524769,0.0041981528127623844,0.0016792611251049538,0.0016792611251049538,0.0033585222502099076,0.0033585222502099076,0.0016792611251049538,0.0033585222502099076,0.0033585222502099076,0.0033585222502099076,0.0033585222502099076,0.005877413937867338,0.0041981528127623844,0.0041981528127623844,0.0033585222502099076,0.0033585222502099076,0.0016792611251049538,0.0025188916876574307,0.0033585222502099076,0.0041981528127623844,0.0041981528127623844,0.005877413937867338,0.0025188916876574307,0.0041981528127623844,0.005037783375314861,0.005877413937867338,0.005037783375314861,0.0,0.0033585222502099076,0.0008396305625524769,0.0041981528127623844,0.0033585222502099076,0.0041981528127623844,0.0025188916876574307,0.0025188916876574307,0.0033585222502099076,0.0008396305625524769,0.0025188916876574307,0.005037783375314861,0.0008396305625524769,0.005037783375314861,0.0025188916876574307,0.0033585222502099076,0.0025188916876574307,0.0025188916876574307,0.0025188916876574307,0.005037783375314861,0.0008396305625524769,0.0033585222502099076,0.0016792611251049538,0.005877413937867338,0.0025188916876574307,0.0033585222502099076,0.005037783375314861,0.0008396305625524769,0.0016792611251049538,0.0025188916876574307,0.005877413937867338,0.005037783375314861,0.0025188916876574307,0.0016792611251049538,0.0025188916876574307,0.0041981528127623844,0.0041981528127623844,0.0033585222502099076,0.0016792611251049538,0.0033585222502099076,0.0016792611251049538,0.005037783375314861,0.005037783375314861,0.005037783375314861,0.006717044500419815,0.0041981528127623844,0.0025188916876574307,0.0041981528127623844,0.0041981528127623844,0.0033585222502099076,0.0025188916876574307,0.005037783375314861,0.0025188916876574307,0.0033585222502099076,0.0016792611251049538,0.0033585222502099076,0.0008396305625524769,0.0033585222502099076,0.0033585222502099076,0.0025188916876574307,0.0033585222502099076,0.0033585222502099076,0.0033585222502099076,0.0025188916876574307,0.0025188916876574307,0.0033585222502099076,0.0033585222502099076,0.0025188916876574307,0.005037783375314861,0.0016792611251049538,0.0025188916876574307,0.0008396305625524769,0.0033585222502099076,0.0033585222502099076,0.0016792611251049538,0.006717044500419815,0.005037783375314861,0.0033585222502099076,0.0033585222502099076,0.0016792611251049538,0.005037783375314861,0.0025188916876574307,0.0025188916876574307,0.0033585222502099076,0.0016792611251049538,0.0033585222502099076,0.005037783375314861,0.0016792611251049538,0.0008396305625524769,0.005037783375314861,0.0025188916876574307,0.0016792611251049538,0.0041981528127623844,0.0041981528127623844,0.0025188916876574307,0.0016792611251049538,0.0025188916876574307,0.0025188916876574307,0.0025188916876574307,0.0033585222502099076,0.0016792611251049538,0.0025188916876574307,0.0033585222502099076,0.0016792611251049538,0.0041981528127623844,0.0033585222502099076,0.0033585222502099076,0.0025188916876574307,0.005037783375314861,0.0033585222502099076,0.0025188916876574307,0.0041981528127623844,0.0025188916876574307,0.0033585222502099076,0.0025188916876574307,0.0025188916876574307,0.0008396305625524769,0.0041981528127623844,0.005037783375314861,0.0016792611251049538,0.0016792611251049538,0.0025188916876574307,0.0025188916876574307,0.005877413937867338,0.0033585222502099076,0.0016792611251049538,0.0025188916876574307,0.0025188916876574307,0.005037783375314861,0.005037783375314861,0.0025188916876574307,0.0016792611251049538,0.0033585222502099076,0.0033585222502099076,0.005037783375314861,0.005037783375314861,0.0016792611251049538,0.0033585222502099076,0.0041981528127623844,4.032821
